1 2.205226e-004 7.752313e-002
2 4.005562e-007 9.773676e-002
3 6.071308e-003 9.414029e-002
4 1.882165e-005 2.221608e-002
5 1.871009e-007 4.127136e-003
6 9.842271e-003 5.290167e-001
7 2.407246e-003 7.755343e-001
8 1.834335e-004 7.201192e-002
9 6.976266e-008 3.203988e-003
10 2.247693e-003 4.220414e-001
11 1.504256e-007 9.371016e-003
12 2.350748e-004 3.726517e-002
13 2.208564e-003 2.937147e-001
14 5.565381e-008 5.690599e-003
15 1.241326e-003 1.006399e-001
16 1.802913e-003 2.361011e-001
17 2.039368e-009 7.217043e-003
18 1.301259e-005 1.937415e-002
19 5.886668e-004 8.350795e-002
20 2.805987e-010 5.073520e-003
21 1.453826e-002 8.672695e-001
22 1.361989e-003 1.153253e-001
23 4.858499e-007 5.913353e-003
24 7.424598e-005 5.333943e-002
25 2.242568e-004 5.054864e-002
26 3.191308e-003 1.851847e-001
27 3.564712e-005 2.858596e-002
28 2.349117e-008 4.300890e-003
29 3.593161e-003 3.862674e-001
30 1.394135e-002 1.183815e+000
31 4.312411e-004 3.880391e-002
32 3.945937e-003 6.986331e-002
33 1.200351e-006 3.220562e-003
34 8.938539e-010 2.780128e-003
35 1.012083e-005 2.535732e-002
36 5.192588e-004 3.914714e-001
37 7.895626e-007 6.768368e-002
38 3.132642e-006 2.252118e-002
39 8.352082e-008 2.842416e-003
40 3.468781e-005 1.460142e-002
41 1.852384e-003 1.909191e-001
42 4.067542e-007 2.018860e-002
43 3.442841e-003 2.671195e-001
44 3.314577e-005 5.701894e-002
45 1.439930e-003 4.571826e-002
46 1.830716e-005 1.057870e-002
47 7.999342e-003 2.546169e-001
48 5.240757e-008 3.289726e-003
49 2.182157e-004 6.001517e-002
50 1.035544e-002 4.946985e-001
51 4.862839e-004 8.381899e-002
52 3.440664e-004 1.710977e-002
53 1.406168e-005 6.398044e-003
54 1.474385e-006 1.907898e-002
55 2.119247e-006 3.780159e-003
56 1.178680e-002 6.452053e-001
57 7.711287e-005 3.253901e-002
58 2.612045e-005 2.106648e-002
59 1.367192e-004 3.999714e-002
60 2.362323e-005 1.985656e-002
61 5.127254e-003 6.879850e-001
62 7.663049e-003 1.364256e-001
63 6.421402e-008 3.971112e-003
64 1.577788e-006 3.491019e-003
65 7.492281e-004 1.925800e-001
66 2.119300e-008 2.862757e-003
67 3.876273e-007 8.853256e-003
68 1.870667e-008 4.155254e-003
69 1.100159e-006 6.825469e-003
70 1.895545e-007 1.086265e-002
71 5.659109e-003 1.353094e-001
72 1.883966e-005 5.404832e-003
73 9.814325e-008 3.149264e-003
74 4.779550e-004 1.118090e-001
75 6.824551e-008 4.009743e-003
76 5.338527e-005 4.637994e-003
77 6.967278e-008 4.439427e-003
78 4.275220e-003 3.036610e-001
79 3.947179e-003 5.043674e-001
80 1.220666e-007 9.116728e-003
81 2.038303e-008 2.817553e-003
82 1.067382e-005 1.061623e-002
83 2.408767e-005 5.422992e-003
84 7.008461e-005 2.642430e-002
85 2.170355e-003 4.418361e-001
86 1.363834e-004 4.503487e-002
87 1.793779e-007 4.129375e-003
88 1.596116e-006 1.089270e-002
89 7.182478e-005 1.893264e-001
90 4.962428e-005 1.894372e-002
91 1.055671e-005 2.909502e-002
92 3.857577e-002 1.270435e+000
93 7.701902e-004 1.493422e-001
94 1.591101e-006 4.759469e-003
95 1.828444e-004 1.013036e-001
96 2.587365e-007 4.114735e-003
97 5.822506e-006 8.549328e-003
98 2.003971e-006 7.358289e-003
99 3.395846e-004 5.705490e-002
100 5.586660e-003 7.146980e-001
101 1.921930e-007 5.899744e-003
102 4.951084e-007 5.630747e-003
103 1.545930e-005 1.039084e-001
104 2.793573e-005 1.471956e-002
105 6.974226e-004 1.183206e-001
106 1.130704e-006 6.682142e-003
107 2.701258e-008 4.345308e-003
108 5.993983e-008 4.347183e-003
109 4.083052e-007 3.466679e-003
110 1.375557e-005 1.288521e-002
111 9.511216e-006 2.522870e-002
112 2.708809e-005 3.251344e-002
113 2.622565e-003 2.195036e-001
114 1.366598e-002 4.224839e-001
115 1.048041e-002 4.871886e-001
116 4.782001e-003 3.357015e-001
117 9.745187e-005 7.582658e-002
118 5.764908e-003 9.695428e-001
119 1.016482e-004 9.556419e-003
120 3.341352e-005 1.581669e-002
121 8.457844e-005 4.707414e-002
122 1.083846e-004 6.136251e-002
123 1.272866e-005 5.452466e-003
124 6.915669e-004 3.925814e-002
125 1.600691e-005 1.095032e-002
126 4.418924e-005 1.292487e-002
127 2.036401e-005 1.555183e-002
128 4.454892e-005 3.759264e-002
129 4.440828e-005 1.268456e-002
130 1.353882e-005 8.577562e-003
131 1.856936e-005 1.241448e-002
132 1.357153e-003 1.911491e-001
133 8.695278e-004 3.701983e-002
134 2.983246e-004 1.226864e-001
135 6.360008e-006 8.821026e-003
136 1.008727e-004 1.495417e-002
137 6.142324e-004 1.395967e-001
138 1.519978e-005 1.204002e-002
139 6.080009e-006 1.313273e-002
140 5.623192e-006 6.733062e-003
141 5.138422e-006 6.671492e-003
142 6.782692e-005 7.563006e-003
143 5.622193e-006 6.146776e-003
144 1.933182e-005 1.446762e-002
145 3.002415e-006 9.460307e-003
146 9.611175e-008 2.920545e-003
147 1.311981e-006 1.006919e-002
148 1.952156e-006 6.129738e-003
149 4.821740e-006 5.030190e-003
150 1.161964e-007 6.481901e-003
151 3.374380e-007 3.794727e-003
152 3.553447e-007 5.737304e-003
153 3.474953e-005 1.381073e-002
154 4.591659e-006 4.991172e-003
155 7.958645e-007 6.108424e-003
156 1.674818e-005 1.436895e-002
157 2.290100e-006 5.620471e-003
158 3.519638e-004 5.121012e-002
159 1.301147e-004 2.237909e-002
160 5.087849e-005 1.132283e-002
161 3.516619e-004 2.710151e-002
162 2.122896e-005 7.318717e-003
163 1.765427e-005 6.308196e-003
164 4.668730e-005 6.984588e-003
165 1.786565e-005 6.291120e-003
166 1.834385e-005 6.554404e-003
167 2.977830e-004 1.278877e-002
168 1.761794e-003 2.257342e-002
169 3.683020e-004 4.593344e-002
170 5.130338e-005 1.014700e-002
171 9.949256e-005 1.013730e-002
172 2.914799e-004 1.091207e-002
173 4.025208e-004 4.366599e-002
174 1.475746e-003 1.475212e-001
175 7.704857e-005 1.951515e-002
176 6.612209e-005 1.438319e-002
177 6.612209e-005 1.438319e-002
178 8.004917e-006 5.026535e-003
179 8.717493e-005 2.981947e-002
180 7.390177e-005 2.163765e-002
181 5.341592e-004 9.971565e-002
182 9.798154e-005 5.151586e-002
183 2.326065e-005 1.166609e-002
184 5.281676e-004 8.791345e-002
185 1.570547e-003 1.775091e-001
186 1.795947e-004 4.122787e-002
187 2.595978e-005 1.324415e-002
188 7.698351e-005 2.988168e-002
189 3.199086e-005 1.644843e-002
190 1.919129e-004 4.541286e-002
191 2.636697e-004 6.098942e-002
192 3.603074e-005 1.406166e-002
193 4.556742e-004 4.404820e-002
194 2.499936e-005 8.991073e-003
195 1.900994e-004 1.942706e-002
196 8.089199e-005 1.831259e-002
197 4.725593e-004 2.290934e-002
198 7.199715e-005 1.288280e-002
199 1.709492e-004 1.745559e-002
200 2.143494e-004 2.184043e-002
201 1.811474e-005 5.634086e-003
202 1.230098e-005 1.557345e-002
203 8.225508e-005 1.424596e-002
204 1.949128e-005 7.612646e-003
205 2.138230e-005 5.392663e-003
206 7.997343e-005 1.359073e-002
207 3.576736e-006 8.281455e-003
208 2.058550e-006 7.201357e-003
209 1.052430e-005 7.660128e-003
210 9.138936e-006 5.283018e-003
211 8.335205e-005 1.399093e-002
212 7.488233e-003 1.131233e-001
213 3.439462e-005 2.835337e-002
214 9.180438e-005 9.506537e-003
215 8.101842e-005 2.196274e-002
216 3.389222e-005 2.374660e-002
217 2.499305e-005 1.538924e-002
218 2.417532e-003 8.715250e-002
219 5.734537e-005 2.405599e-002
220 3.719419e-006 8.678117e-003
221 8.624792e-005 3.441739e-002
222 4.314777e-004 7.336538e-002
223 6.942676e-005 2.476535e-002
224 1.861896e-005 8.670418e-003
225 5.438587e-006 6.089405e-003
226 9.406286e-007 5.586791e-003
227 1.574136e-005 6.677854e-003
228 1.148726e-004 2.525658e-002
229 9.849491e-005 1.906622e-002
230 7.200186e-004 4.370288e-002
231 8.376865e-004 1.583242e-001
232 2.134749e-003 2.305839e-001
233 1.038004e-004 1.661985e-002
234 3.504782e-005 7.700396e-003
235 2.845851e-004 4.084296e-002
236 3.965987e-005 1.201314e-002
237 6.517810e-004 4.171867e-002
238 3.504782e-005 7.700396e-003
239 1.472645e-005 6.569645e-003
240 1.472645e-005 6.569645e-003
241 9.608906e-005 1.638888e-002
242 3.199781e-005 7.817612e-003
243 2.594433e-004 1.279650e-002
244 5.483778e-006 4.983984e-003
245 2.474784e-004 3.473139e-002
246 6.686231e-004 4.629376e-002
247 2.845851e-004 4.084296e-002
248 2.837121e-004 2.432778e-002
249 9.728068e-005 1.289332e-002
250 3.504782e-005 7.700396e-003
251 3.504782e-005 7.700396e-003
252 1.232069e-004 2.032475e-002
253 4.612685e-005 9.477740e-003
254 1.563158e-005 7.829106e-003
255 9.238660e-005 1.131044e-002
256 5.403243e-006 6.277347e-003
257 2.845851e-004 4.084296e-002
258 3.618083e-003 3.068969e-001
259 4.975341e-004 1.147687e-001
260 1.426485e-006 1.218809e-002
261 6.464894e-005 3.236641e-002
262 4.021466e-006 1.441842e-002
263 1.026177e-004 8.604422e-002
264 4.050574e-005 5.600971e-002
265 8.300352e-005 5.465159e-002
266 2.312688e-004 4.034301e-002
267 1.122724e-003 8.130009e-002
268 7.581278e-006 6.574358e-003
269 1.357123e-004 2.833755e-002
270 1.947118e-006 2.407602e-002
271 6.406811e-006 1.123526e-002
272 1.844826e-005 1.284461e-002
273 3.125411e-005 2.132331e-002
274 8.710428e-005 2.472968e-002
275 4.423262e-006 2.439674e-002
276 2.927493e-006 1.133133e-002
277 1.420264e-004 2.655090e-002
278 1.708903e-006 2.696082e-002
279 1.774334e-004 3.672042e-002
280 3.125411e-005 2.132331e-002
281 2.364480e-005 1.727476e-002
282 5.376528e-005 9.772360e-003
283 1.374224e-006 1.229157e-002
284 2.196113e-005 1.480067e-002
285 3.721066e-003 3.618673e-001
286 3.579424e-005 3.731481e-002
287 2.856504e-004 1.320360e-001
288 6.862927e-005 2.861817e-002
289 2.182561e-004 5.371157e-002
290 5.971004e-004 6.379437e-002
291 2.494356e-004 4.148832e-002
292 1.491324e-003 8.846846e-002
293 4.426002e-003 1.539142e-001
294 1.936810e-004 2.971848e-002
295 6.246253e-003 3.841542e-001
296 1.948122e-002 5.533599e-001
297 1.762423e-002 5.604235e-001
298 2.061111e-004 1.736419e-001
299 2.342223e-004 1.041388e-001
300 1.875083e-004 3.950574e-002
301 3.711945e-003 3.501191e-001
302 1.679216e-004 8.801218e-002
303 1.911366e-005 9.056739e-003
304 8.943398e-006 9.713850e-003
305 7.883648e-006 8.545970e-003
306 3.292009e-006 1.612076e-002
307 1.348701e-004 1.853185e-002
308 5.562869e-005 1.750986e-002
309 2.005257e-005 9.946461e-003
310 5.389454e-007 1.044888e-002
311 2.235965e-005 1.723058e-002
312 7.629315e-006 7.849347e-003
313 7.862813e-006 6.520655e-003
314 8.270909e-006 9.410602e-003
315 8.352221e-006 1.983010e-002
316 1.487863e-004 4.826542e-002
317 1.853869e-008 3.218360e-003
318 5.311938e-008 3.172950e-003
319 8.836694e-006 1.884502e-002
320 1.048396e-003 4.538816e-002
321 5.735766e-007 1.484776e-002
322 2.155986e-003 3.950839e-002
323 3.094076e-003 2.188321e-001
324 2.334847e-005 2.191816e-002
325 5.274575e-005 1.164113e-002
326 3.557424e-005 3.106177e-002
327 6.476414e-004 9.950869e-002
328 7.171132e-004 1.514887e-001
329 8.006066e-004 1.272680e-001
330 3.603153e-003 2.655245e-001
331 1.116436e-002 4.874818e-001
332 1.596642e-003 1.505780e-001
333 5.798427e-004 4.501047e-002
334 2.221799e-004 4.961968e-002
335 2.292739e-004 3.559172e-002
336 1.579752e-003 7.324048e-002
337 7.254155e-004 3.234815e-001
338 4.559373e-003 2.507021e-001
339 4.006656e-004 2.173539e-002
340 7.061382e-007 4.489295e-003
341 5.505146e-007 3.778843e-003
342 1.999635e-004 1.212144e-002
343 4.509588e-004 2.130224e-002
344 8.750420e-004 1.057852e-001
345 2.704864e-007 3.208200e-003
346 1.846560e-005 2.940060e-002
347 2.799291e-006 4.561690e-002
348 9.242657e-005 1.533706e-002
349 2.949079e-004 7.248606e-002
350 6.373908e-006 2.968892e-002
351 2.599710e-006 1.566541e-002
352 7.731153e-007 6.342343e-003
353 2.367467e-006 1.210612e-002
354 1.651999e-006 6.435005e-003
355 7.084119e-007 5.476194e-003
356 2.271317e-007 3.206777e-003
357 4.868980e-004 2.522168e-002
358 3.931667e-004 3.316919e-002
359 2.313484e-004 1.464259e-002
360 3.231007e-005 1.010062e-002
361 4.786926e-004 2.067604e-002
362 1.497339e-005 2.046535e-002
363 5.774433e-006 1.569977e-002
364 7.731153e-007 6.342343e-003
365 4.356299e-004 4.557572e-002
366 1.157143e-003 9.453124e-002
367 1.266430e-005 2.573432e-002
368 2.949079e-004 7.248606e-002
369 2.575949e-004 4.351487e-002
370 5.906616e-005 4.306653e-002
371 4.094511e-006 1.970214e-002
372 3.450600e-003 3.268216e-001
373 8.253019e-004 1.792213e-001
374 7.170250e-003 6.310469e-001
375 1.247524e-004 4.226535e-002
376 1.134160e-003 8.761693e-002
377 3.038491e-004 5.428708e-002
378 8.174657e-004 5.815182e-002
379 4.463188e-006 2.113151e-002
380 6.510028e-005 8.522944e-003
381 1.418192e-005 1.027386e-002
382 1.521670e-002 3.158412e-001
383 1.057831e-006 8.384455e-003
384 2.195867e-005 1.293495e-002
385 3.820809e-004 1.269856e-001
386 1.028654e-004 1.846076e-001
387 4.537980e-003 1.774275e-001
388 2.161345e-003 1.536775e-001
389 3.202334e-003 3.844381e-001
390 6.621212e-003 4.184721e-001
391 5.831366e-004 1.105718e-001
392 1.059230e-002 3.315778e-001
393 6.231075e-004 8.604744e-002
394 1.561464e-003 1.316408e-001
395 1.519232e-003 1.404281e-001
396 4.156969e-006 1.025831e-002
397 1.904835e-005 5.753931e-003
398 2.827678e-005 3.174405e-002
399 1.056662e-005 1.137071e-002
400 2.561846e-005 1.182759e-002
401 1.790817e-006 9.984697e-003
402 1.644591e-006 9.239760e-003
403 4.226034e-006 1.130784e-002
404 3.097895e-005 1.490170e-002
405 9.518301e-006 1.183946e-002
406 9.360956e-006 1.747250e-002
407 1.843865e-006 9.760994e-003
408 3.563181e-006 1.334221e-002
409 4.964570e-003 4.210995e-001
410 4.309880e-006 7.825694e-003
411 1.843865e-006 9.760994e-003
412 2.877445e-003 3.916805e-002
413 2.922093e-006 8.023903e-003
414 4.232823e-006 1.051806e-002
415 1.141994e-005 1.074994e-002
416 3.349781e-006 6.890885e-003
417 3.349781e-006 6.890885e-003
418 8.870066e-003 2.272182e-001
419 7.549842e-004 9.582721e-002
420 4.187593e-005 3.666293e-002
421 5.178829e-005 2.035493e-002
422 7.336031e-005 2.885009e-002
423 1.206707e-006 6.357077e-003
424 7.004562e-005 3.854707e-002
425 6.445967e-005 1.058190e-002
426 1.235808e-003 1.292056e-001
427 1.010575e-003 5.896816e-002
428 4.531775e-006 9.028342e-003
429 1.148287e-007 8.344839e-003
430 6.341498e-007 8.353541e-003
431 7.896463e-007 8.703169e-003
432 5.112335e-007 6.353109e-003
433 8.145200e-005 2.154778e-002
434 1.590914e-006 8.491358e-003
435 1.805277e-006 1.169741e-002
436 1.142306e-003 3.156480e-002
437 4.433713e-004 2.319638e-002
438 6.460007e-007 8.871329e-003
439 1.013165e-003 5.707619e-002
440 2.654465e-006 2.842972e-002
441 1.248568e-006 6.195392e-003
442 8.391365e-003 6.540002e-001
443 2.112044e-003 2.433762e-001
444 4.087305e-003 7.126501e-001
445 3.341431e-004 1.104639e-001
446 1.922156e-007 4.363031e-003
447 6.597069e-005 9.814420e-003
448 1.770401e-007 3.827105e-003
449 1.102405e-006 3.327529e-003
450 2.537634e-006 5.352291e-003
451 1.511180e-004 2.778910e-002
452 2.245207e-005 1.485420e-002
453 1.283324e-004 2.224442e-002
454 2.162297e-005 8.204771e-003
455 2.298324e-005 9.931866e-003
456 6.985055e-008 3.635186e-003
457 4.295852e-007 3.556582e-003
458 3.449947e-006 4.889195e-003
459 5.596298e-004 9.101884e-002
460 2.103695e-004 4.683247e-002
461 2.459219e-005 1.491280e-002
462 6.449390e-005 3.770745e-002
463 2.984456e-005 1.209421e-002
464 3.423340e-006 4.980374e-003
465 1.000724e-005 5.145014e-003
466 1.423726e-006 4.791892e-003
467 1.069679e-005 6.919872e-003
468 2.340774e-005 8.349902e-003
469 1.423726e-006 4.791892e-003
470 5.075595e-007 4.777647e-003
471 9.607124e-006 8.382497e-003
472 9.228791e-006 5.646961e-003
473 1.299827e-006 4.792139e-003
474 1.017730e-005 7.435722e-003
475 5.683470e-005 1.690884e-002
476 1.659792e-003 4.041344e-002
477 1.332417e-004 2.267422e-002
478 1.815488e-003 6.413772e-002
479 6.667544e-004 3.672351e-002
480 2.941218e-003 1.156379e-001
481 1.237844e-003 1.266453e-001
482 4.320164e-005 6.952646e-003
483 9.597529e-005 7.980317e-003
484 1.477437e-005 6.312280e-003
485 3.898564e-005 1.021960e-002
486 1.643622e-005 5.643781e-003
487 4.127588e-004 9.005740e-002
488 4.092075e-004 6.301563e-002
489 5.131111e-003 4.431238e-001
490 1.472441e-005 9.230602e-003
491 3.452051e-004 3.982806e-002
492 1.439065e-005 7.149602e-003
493 2.746723e-004 2.076135e-002
494 1.508297e-003 7.766032e-002
495 2.193527e-004 1.801662e-002
496 9.834036e-007 5.302470e-003
497 1.017306e-004 1.349865e-002
498 4.235677e-005 1.592743e-002
499 1.958532e-004 5.871084e-002
500 6.406311e-006 7.266634e-003
