2 1.517872e-003 3.748138e-002
3 1.136679e-002 9.987530e-002
4 1.052971e-002 7.874945e-002
5 1.138029e-002 7.838381e-002
6 2.361027e-002 1.452094e-001
7 3.311474e-003 3.063310e-002
8 9.121960e-003 4.701210e-002
9 2.251084e-004 5.900453e-003
10 3.359974e-005 3.158870e-003
11 8.606308e-004 1.489721e-002
12 1.110648e-003 1.879764e-002
13 4.854060e-003 1.948354e-002
14 1.990753e-003 1.569936e-002
15 1.210921e-003 2.430375e-002
16 9.775710e-003 6.158179e-002
17 2.349897e-004 5.760456e-003
18 1.003414e-002 7.672483e-002
19 8.758208e-005 3.293941e-003
20 3.601797e-003 4.745299e-002
21 6.155978e-004 7.955110e-003
22 2.048621e-003 1.059200e-002
23 6.012744e-004 6.276619e-003
24 3.601797e-003 4.745299e-002
25 1.124958e-004 4.957447e-003
26 1.644153e-003 1.003701e-001
27 2.025192e-003 1.512385e-002
28 8.758208e-005 3.293941e-003
29 1.365556e-002 1.130235e-001
30 2.045924e-004 3.905625e-003
31 1.407652e-003 4.277573e-002
32 1.046358e-003 1.248205e-002
33 1.252345e-003 2.880172e-002
34 2.431964e-003 1.451851e-002
35 8.327119e-003 4.657727e-002
36 2.370813e-003 1.769679e-002
37 8.697151e-003 4.322879e-002
38 1.644289e-003 8.983801e-003
39 3.037259e-003 2.893498e-002
40 9.989130e-003 4.556180e-002
41 2.371702e-004 5.417074e-003
42 1.555381e-003 3.611355e-002
43 1.538088e-003 4.272975e-002
44 1.075959e-004 5.775184e-003
45 9.188430e-005 3.893448e-003
46 9.188430e-005 3.893448e-003
47 2.949909e-004 6.650958e-003
48 1.039000e-005 2.705667e-003
49 1.680048e-003 5.717851e-002
50 1.075959e-004 5.775184e-003
51 3.359974e-005 3.158870e-003
52 1.075959e-004 5.775184e-003
53 1.777194e-004 1.241893e-002
54 3.359974e-005 3.158870e-003
55 9.211891e-005 3.432354e-003
56 9.121962e-005 4.594713e-003
57 3.359974e-005 3.158870e-003
58 9.188430e-005 3.893448e-003
59 2.395083e-004 4.262823e-003
60 2.395083e-004 4.262823e-003
61 6.566494e-004 5.654036e-003
62 2.519151e-004 4.641338e-003
63 2.395083e-004 4.262823e-003
64 3.359974e-005 3.158870e-003
65 9.211891e-005 3.432354e-003
66 2.519151e-004 4.641338e-003
67 2.848580e-005 2.790236e-003
68 3.359974e-005 3.158870e-003
69 2.949909e-004 6.650958e-003
70 2.686011e-004 9.484200e-003
71 9.188430e-005 3.893448e-003
72 3.288187e-005 5.130409e-003
73 8.067038e-004 1.052247e-002
74 1.075959e-004 5.775184e-003
75 9.188430e-005 3.893448e-003
76 2.320114e-003 2.001688e-002
77 3.067203e-005 3.646541e-003
78 5.691079e-004 2.625742e-002
79 2.771764e-004 6.992157e-003
80 2.873934e-004 5.954982e-003
81 1.039000e-005 2.705667e-003
82 8.943192e-004 1.922390e-002
83 9.918886e-005 4.984430e-003
84 2.326038e-003 1.566169e-002
85 2.719417e-004 5.791774e-003
86 2.719417e-004 5.791774e-003
87 3.010664e-004 9.861525e-003
88 1.075959e-004 5.775184e-003
89 5.742262e-004 6.281406e-003
90 1.075959e-004 5.775184e-003
91 3.359974e-005 3.158870e-003
92 9.098729e-005 5.051305e-003
93 1.075959e-004 5.775184e-003
94 9.188430e-005 3.893448e-003
95 3.478690e-005 3.440071e-003
96 6.566494e-004 5.654036e-003
97 9.211891e-005 3.432354e-003
98 4.824887e-004 2.001354e-002
99 1.596499e-003 3.988019e-002
100 7.579870e-004 1.005844e-002
101 2.211481e-003 1.428155e-002
102 2.454270e-004 4.046991e-003
103 3.054137e-004 7.582384e-003
104 9.851479e-004 1.941060e-002
105 9.104919e-004 1.299704e-002
106 8.887025e-005 4.379497e-003
107 8.067038e-004 1.052247e-002
108 8.635993e-005 5.553286e-003
109 1.502301e-003 3.137322e-002
110 3.359974e-005 3.158870e-003
111 2.891429e-004 8.870462e-003
112 4.567843e-004 2.508373e-002
113 1.502301e-003 3.137322e-002
114 5.624395e-004 3.043336e-002
115 2.093876e-003 1.884551e-002
116 4.567843e-004 2.508373e-002
117 3.359974e-005 3.158870e-003
118 9.918886e-005 4.984430e-003
119 1.355953e-002 1.250139e-001
120 2.557045e-003 3.256136e-002
121 3.359974e-005 3.158870e-003
122 1.063352e-004 6.564690e-003
123 2.891429e-004 8.870462e-003
124 3.525467e-004 1.769452e-002
125 2.719417e-004 5.791774e-003
126 9.537371e-005 3.723217e-003
127 1.075959e-004 5.775184e-003
128 2.563574e-003 2.444616e-002
129 7.579870e-004 1.005844e-002
130 3.359974e-005 3.158870e-003
131 9.081730e-004 1.755443e-002
132 3.359974e-005 3.158870e-003
133 9.736047e-004 2.004033e-002
134 2.949909e-004 6.650958e-003
135 8.974639e-005 3.215017e-003
136 2.873934e-004 5.954982e-003
137 3.327172e-005 4.323899e-003
138 5.495590e-005 1.002180e-002
139 2.841325e-005 2.932819e-003
140 1.052971e-004 1.025173e-002
141 2.430311e-004 5.203349e-003
142 2.804627e-004 6.207720e-003
143 3.359974e-005 3.158870e-003
144 8.758208e-005 3.293941e-003
145 1.893373e-003 8.069502e-003
146 6.144012e-004 4.330104e-003
147 6.790441e-004 7.307282e-003
148 3.359974e-005 3.158870e-003
149 3.076391e-004 7.416897e-003
150 2.708288e-005 2.747435e-003
151 5.495590e-005 1.002180e-002
152 1.432497e-004 1.024272e-002
153 2.413221e-004 5.075125e-003
154 6.260693e-004 6.602454e-003
155 3.359974e-005 3.158870e-003
156 2.264162e-003 2.205722e-002
157 1.039000e-005 2.705667e-003
158 2.792754e-004 7.932212e-003
159 2.135517e-004 3.903443e-003
160 2.605065e-004 6.260047e-003
161 2.300228e-004 3.945725e-003
162 7.536885e-004 1.003282e-002
163 6.790441e-004 7.307282e-003
164 2.454270e-004 4.046991e-003
165 2.585486e-004 5.383169e-003
166 8.758208e-005 3.293941e-003
167 8.758208e-005 3.293941e-003
168 6.905949e-004 5.815215e-003
169 2.585486e-004 5.383169e-003
170 2.712491e-004 7.152956e-003
171 8.244412e-004 1.637918e-002
172 2.251084e-004 5.900453e-003
173 2.841325e-005 2.932819e-003
174 7.406282e-005 3.047041e-003
175 3.359974e-005 3.158870e-003
176 1.944434e-003 1.027136e-002
177 2.371702e-004 5.417074e-003
178 1.945163e-004 3.598215e-003
179 7.406282e-005 3.047041e-003
180 8.974639e-005 3.215017e-003
181 3.037259e-003 2.893498e-002
182 7.112963e-005 2.948985e-003
183 2.419382e-004 4.309249e-003
184 5.891854e-003 3.217623e-002
185 2.357071e-004 3.738441e-003
186 6.958245e-004 6.695365e-003
187 1.971319e-003 1.929722e-002
188 2.339356e-004 3.440295e-003
189 7.406282e-005 3.047041e-003
190 7.070460e-004 8.243377e-003
191 2.419382e-004 4.309249e-003
192 2.395083e-004 4.262823e-003
193 1.239767e-003 2.856140e-002
194 2.395083e-004 4.262823e-003
195 2.300228e-004 3.945725e-003
196 9.918886e-005 4.984430e-003
197 3.591673e-003 3.436116e-002
198 8.758208e-005 3.293941e-003
199 7.070460e-004 8.243377e-003
200 6.445819e-004 5.478385e-003
201 8.824530e-005 3.590979e-003
202 2.078139e-003 1.446129e-002
203 3.680430e-003 3.112454e-002
204 7.406282e-005 3.047041e-003
205 3.659883e-003 5.546596e-002
206 2.792754e-004 7.932212e-003
207 4.360724e-003 8.234520e-002
208 3.739784e-003 3.931245e-002
209 4.327950e-003 6.766679e-002
210 2.326038e-003 1.566169e-002
211 2.873934e-004 5.954982e-003
212 6.905949e-004 5.815215e-003
213 2.771764e-004 6.992157e-003
214 8.279462e-004 1.289802e-002
215 8.192634e-005 3.697795e-003
216 9.918886e-005 4.984430e-003
217 2.048621e-003 1.059200e-002
218 3.320956e-004 1.029396e-002
219 8.758208e-005 3.293941e-003
220 1.866953e-003 1.259949e-002
221 7.019313e-004 9.218839e-003
222 6.919398e-004 1.129737e-002
223 2.395083e-004 4.262823e-003
224 2.848580e-005 2.790236e-003
225 6.958245e-004 6.695365e-003
226 8.758208e-005 3.293941e-003
227 6.958245e-004 6.695365e-003
228 2.560246e-004 7.731690e-003
229 2.174492e-003 1.905958e-002
230 6.374958e-003 4.409651e-002
231 2.954554e-004 6.404197e-003
232 6.426200e-004 7.572265e-003
233 4.260858e-004 1.708478e-002
234 2.605065e-004 6.260047e-003
235 7.192773e-004 8.586297e-003
236 1.680048e-003 5.717851e-002
237 3.359974e-005 3.158870e-003
238 2.585486e-004 5.383169e-003
239 2.300228e-004 3.945725e-003
240 2.891429e-004 8.870462e-003
241 3.850445e-003 4.360484e-002
242 2.712491e-004 7.152956e-003
243 8.824530e-005 3.590979e-003
244 3.359974e-005 3.158870e-003
245 2.357071e-004 3.738441e-003
246 2.873934e-004 5.954982e-003
247 9.098729e-005 5.051305e-003
248 1.156448e-003 2.032872e-002
249 2.164232e-003 2.239055e-002
250 1.354193e-003 3.660598e-002
251 8.824530e-005 3.590979e-003
252 1.028471e-002 5.003911e-002
253 6.790441e-004 7.307282e-003
254 9.918886e-005 4.984430e-003
255 9.918886e-005 4.984430e-003
256 2.728797e-005 2.839287e-003
257 4.333337e-004 1.526947e-002
258 7.891744e-004 6.897916e-003
259 8.758208e-005 3.293941e-003
260 2.873934e-004 5.954982e-003
261 2.605065e-004 6.260047e-003
262 3.359974e-005 3.158870e-003
263 2.419382e-004 4.309249e-003
264 6.502390e-004 6.794705e-003
265 6.084032e-004 5.483698e-003
266 8.974639e-005 3.215017e-003
267 2.605065e-004 6.260047e-003
268 9.211891e-005 3.432354e-003
269 2.932348e-004 5.409680e-003
270 3.327172e-005 4.323899e-003
271 1.028857e-003 1.474276e-002
272 2.251084e-004 5.900453e-003
273 1.075959e-004 5.775184e-003
274 2.151688e-004 4.175611e-003
275 2.099798e-004 4.364833e-003
276 1.039000e-005 2.705667e-003
277 8.244412e-004 1.637918e-002
278 2.808330e-004 8.059699e-003
279 3.067203e-005 3.646541e-003
280 1.976352e-003 1.690483e-002
281 2.891429e-004 8.870462e-003
282 7.233957e-005 2.792692e-003
283 2.289618e-003 1.703384e-002
284 9.822054e-005 7.336843e-003
285 2.692869e-004 8.136306e-003
286 1.075959e-004 5.775184e-003
287 3.067203e-005 3.646541e-003
288 2.357071e-004 3.738441e-003
289 2.873934e-004 5.954982e-003
290 2.719417e-004 5.791774e-003
291 6.290373e-004 6.045239e-003
292 1.680186e-003 7.096388e-003
293 7.406282e-005 3.047041e-003
294 2.361662e-004 7.005723e-003
295 2.343912e-004 6.210776e-003
296 2.019499e-003 1.257354e-002
297 9.918886e-005 4.984430e-003
298 7.406282e-005 3.047041e-003
299 2.186388e-004 4.654300e-003
300 2.343912e-004 6.210776e-003
301 3.896096e-003 3.958507e-002
302 8.758208e-005 3.293941e-003
303 1.438383e-003 2.634517e-002
304 1.039000e-005 2.705667e-003
305 2.454270e-004 4.046991e-003
306 8.055606e-005 4.040998e-003
307 1.938477e-003 1.235034e-002
308 2.395764e-004 5.463047e-003
309 2.676838e-004 6.227380e-003
310 7.669738e-004 9.310353e-003
311 2.413221e-004 5.075125e-003
312 2.102778e-003 1.376541e-002
313 7.070460e-004 8.243377e-003
314 3.359974e-005 3.158870e-003
315 1.986380e-003 1.060349e-002
316 4.000151e-003 8.169905e-002
317 1.813757e-003 8.441995e-003
318 7.051811e-003 5.068519e-002
319 2.215788e-003 3.000009e-002
320 2.339356e-004 3.440295e-003
321 2.825865e-004 7.158920e-003
322 5.742262e-004 6.281406e-003
323 1.573740e-002 4.202178e-002
324 2.339356e-004 3.440295e-003
325 1.950130e-004 3.362150e-003
326 9.121962e-005 4.594713e-003
327 8.824530e-005 3.590979e-003
328 7.579870e-004 1.005844e-002
329 2.281308e-003 2.973622e-002
330 2.775215e-005 2.723029e-003
331 3.739784e-003 3.931245e-002
332 2.585486e-004 5.383169e-003
333 8.571087e-005 5.262594e-003
334 2.605065e-004 6.260047e-003
335 1.983302e-004 3.028827e-003
336 2.605065e-004 6.260047e-003
337 3.359974e-005 3.158870e-003
338 2.401199e-004 3.802672e-003
339 8.758208e-005 3.293941e-003
340 3.514937e-003 5.062046e-002
341 2.373943e-003 2.355982e-002
342 2.436516e-004 4.747145e-003
343 3.359974e-005 3.158870e-003
344 8.686167e-004 1.856538e-002
345 5.569488e-004 4.993524e-002
346 1.856964e-003 1.350520e-002
347 3.359974e-005 3.158870e-003
348 2.331159e-003 2.281906e-002
349 2.519151e-004 4.641338e-003
350 8.824530e-005 3.590979e-003
351 6.374958e-003 4.409651e-002
352 6.397374e-004 4.663052e-003
353 3.359974e-005 3.158870e-003
354 8.708346e-004 1.420649e-002
355 3.176309e-004 1.162114e-002
356 3.327172e-005 4.323899e-003
357 7.386747e-004 1.206802e-002
358 3.327172e-005 4.323899e-003
359 8.782894e-005 5.185356e-003
360 3.478690e-005 3.440071e-003
361 6.890316e-004 9.031075e-003
362 3.574727e-003 4.289707e-002
363 8.697151e-003 4.322879e-002
364 8.342159e-004 1.570603e-002
365 6.134818e-003 3.565350e-002
366 2.712491e-004 7.152956e-003
367 6.566494e-004 5.654036e-003
368 7.070460e-004 8.243377e-003
369 9.918886e-005 4.984430e-003
370 7.088514e-004 6.884979e-003
371 2.719417e-004 5.791774e-003
372 1.944640e-002 6.569444e-002
373 2.841325e-005 2.932819e-003
374 2.300228e-004 3.945725e-003
375 9.211891e-005 3.432354e-003
376 1.432497e-004 1.024272e-002
377 2.804627e-004 6.207720e-003
378 1.945163e-004 3.598215e-003
379 2.395083e-004 4.262823e-003
380 6.413709e-004 4.203923e-003
381 2.825865e-004 7.158920e-003
382 3.359974e-005 3.158870e-003
383 2.719417e-004 5.791774e-003
384 3.359974e-005 3.158870e-003
385 6.645362e-004 1.038128e-002
386 8.758208e-005 3.293941e-003
387 2.560246e-004 7.731690e-003
388 1.888551e-003 9.424882e-003
389 2.395083e-004 4.262823e-003
390 2.191971e-004 4.234245e-003
391 6.905949e-004 5.815215e-003
392 3.896096e-003 3.958507e-002
393 7.406282e-005 3.047041e-003
394 2.014356e-003 1.501816e-002
395 2.792754e-004 7.932212e-003
396 4.632486e-004 1.313336e-002
397 2.395083e-004 4.262823e-003
398 9.918886e-005 4.984430e-003
399 9.188430e-005 3.893448e-003
400 6.645362e-004 1.038128e-002
401 3.359974e-005 3.158870e-003
402 1.129540e-003 1.635721e-002
403 4.667566e-004 1.470449e-002
404 3.917411e-004 1.182743e-002
405 9.211891e-005 3.432354e-003
406 2.419382e-004 4.309249e-003
407 8.244412e-004 1.637918e-002
408 2.174492e-003 1.905958e-002
409 1.852921e-003 1.112721e-002
410 2.186388e-004 4.654300e-003
411 6.426200e-004 7.572265e-003
412 2.661316e-004 8.898146e-003
413 2.371702e-004 5.417074e-003
414 3.917411e-004 1.182743e-002
415 3.359974e-005 3.158870e-003
416 2.215788e-003 3.000009e-002
417 3.359974e-005 3.158870e-003
418 8.279462e-004 1.289802e-002
419 5.876848e-003 3.930836e-002
420 2.649378e-004 5.150179e-003
421 8.342159e-004 1.570603e-002
422 7.701428e-004 7.591927e-003
423 3.359974e-005 3.158870e-003
424 8.974639e-005 3.215017e-003
425 1.257669e-003 2.195315e-002
426 2.605065e-004 6.260047e-003
427 2.640095e-003 4.627347e-002
428 6.244869e-004 6.426143e-003
429 7.365985e-004 8.294917e-003
430 9.918886e-005 4.984430e-003
431 2.708288e-005 2.747435e-003
432 2.099798e-004 4.364833e-003
433 3.359974e-005 3.158870e-003
434 8.758208e-005 3.293941e-003
435 6.790441e-004 7.307282e-003
436 7.789935e-005 3.164088e-003
437 4.832483e-004 1.627260e-002
438 8.974639e-005 3.215017e-003
439 3.359974e-005 3.158870e-003
440 1.075959e-004 5.775184e-003
441 6.790441e-004 7.307282e-003
442 8.824530e-005 3.590979e-003
443 8.824530e-005 3.590979e-003
444 2.585486e-004 5.383169e-003
445 2.825865e-004 7.158920e-003
446 7.995062e-005 3.769842e-003
447 8.824530e-005 3.590979e-003
448 6.790441e-004 7.307282e-003
449 2.848580e-005 2.790236e-003
450 2.605065e-004 6.260047e-003
451 1.998321e-004 3.186415e-003
452 1.112224e-002 6.852020e-002
453 6.290373e-004 6.045239e-003
454 9.081730e-004 1.755443e-002
455 3.176309e-004 1.162114e-002
456 1.074019e-003 1.410290e-002
457 6.790441e-004 7.307282e-003
458 1.466072e-003 3.269437e-002
459 1.052971e-002 7.874945e-002
460 2.585486e-004 5.383169e-003
461 9.918886e-005 4.984430e-003
462 8.635993e-005 5.553286e-003
463 2.719417e-004 5.791774e-003
464 7.656770e-004 1.020537e-002
465 2.585486e-004 5.383169e-003
466 2.825865e-004 7.158920e-003
467 1.866953e-003 1.259949e-002
468 7.406282e-005 3.047041e-003
469 7.406282e-005 3.047041e-003
470 3.917411e-004 1.182743e-002
471 8.758208e-005 3.293941e-003
472 8.758208e-005 3.293941e-003
473 2.585486e-004 5.383169e-003
474 9.918886e-005 4.984430e-003
475 7.425193e-005 2.904749e-003
476 3.359974e-005 3.158870e-003
477 3.826263e-004 1.048210e-002
478 3.359974e-005 3.158870e-003
479 2.915345e-004 7.430202e-003
480 6.958245e-004 6.695365e-003
481 7.789935e-005 3.164088e-003
482 3.359974e-005 3.158870e-003
483 8.571087e-005 5.262594e-003
484 8.824530e-005 3.590979e-003
485 2.401199e-004 3.802672e-003
486 9.918886e-005 4.984430e-003
487 2.224943e-003 2.258031e-002
488 3.826263e-004 1.048210e-002
489 1.367543e-003 2.418393e-002
490 1.156448e-003 2.032872e-002
491 8.244412e-004 1.637918e-002
492 2.949909e-004 6.650958e-003
493 3.359974e-005 3.158870e-003
494 2.840561e-003 3.040086e-002
495 2.712491e-004 7.152956e-003
496 5.495590e-005 1.002180e-002
497 2.128034e-003 2.706649e-002
498 9.098729e-005 5.051305e-003
499 8.992117e-005 5.849293e-003
500 9.822054e-005 7.336843e-003
501 8.342159e-004 1.570603e-002
