2 2.411011e-03 3.244344e-03
3 4.967409e-04 1.330074e-03
4 2.411011e-03 3.244344e-03
5 2.411011e-03 3.244344e-03
6 2.411011e-03 3.244344e-03
7 2.411011e-03 3.244344e-03
8 2.411011e-03 3.244344e-03
9 4.967409e-04 1.330074e-03
10 4.967409e-04 1.330074e-03
11 2.411011e-03 3.244344e-03
12 2.411011e-03 3.244344e-03
13 4.967409e-04 1.330074e-03
14 4.967409e-04 1.330074e-03
15 2.411011e-03 3.244344e-03
16 2.411011e-03 3.244344e-03
17 4.967409e-04 1.330074e-03
18 2.411011e-03 3.244344e-03
19 2.411011e-03 3.244344e-03
20 4.967409e-04 1.330074e-03
21 4.967409e-04 1.330074e-03
22 4.967409e-04 1.330074e-03
23 2.411011e-03 3.244344e-03
24 2.411011e-03 3.244344e-03
25 2.411011e-03 3.244344e-03
26 2.411011e-03 3.244344e-03
27 4.967409e-04 1.330074e-03
28 2.411011e-03 3.244344e-03
29 4.967409e-04 1.330074e-03
30 4.967409e-04 1.330074e-03
31 2.411011e-03 3.244344e-03
32 2.411011e-03 3.244344e-03
33 2.411011e-03 3.244344e-03
34 4.967409e-04 1.330074e-03
35 2.411011e-03 3.244344e-03
36 4.967409e-04 1.330074e-03
37 2.411011e-03 3.244344e-03
38 2.411011e-03 3.244344e-03
39 2.411011e-03 3.244344e-03
40 2.411011e-03 3.244344e-03
41 2.411011e-03 3.244344e-03
42 4.967409e-04 1.330074e-03
43 4.967409e-04 1.330074e-03
44 4.967409e-04 1.330074e-03
45 4.967409e-04 1.330074e-03
46 4.967409e-04 1.330074e-03
47 4.967409e-04 1.330074e-03
48 4.967409e-04 1.330074e-03
49 2.411011e-03 3.244344e-03
50 4.967409e-04 1.330074e-03
51 4.967409e-04 1.330074e-03
52 4.967409e-04 1.330074e-03
53 2.411011e-03 3.244344e-03
54 4.967409e-04 1.330074e-03
55 4.967409e-04 1.330074e-03
56 4.967409e-04 1.330074e-03
57 4.967409e-04 1.330074e-03
58 4.967409e-04 1.330074e-03
59 4.967409e-04 1.330074e-03
60 4.967409e-04 1.330074e-03
61 4.967409e-04 1.330074e-03
62 4.967409e-04 1.330074e-03
63 4.967409e-04 1.330074e-03
64 4.967409e-04 1.330074e-03
65 4.967409e-04 1.330074e-03
66 4.967409e-04 1.330074e-03
67 4.967409e-04 1.330074e-03
68 4.967409e-04 1.330074e-03
69 4.967409e-04 1.330074e-03
70 4.967409e-04 1.330074e-03
71 4.967409e-04 1.330074e-03
72 4.967409e-04 1.330074e-03
73 4.967409e-04 1.330074e-03
74 4.967409e-04 1.330074e-03
75 4.967409e-04 1.330074e-03
76 4.967409e-04 1.330074e-03
77 4.967409e-04 1.330074e-03
78 2.411011e-03 3.244344e-03
79 4.967409e-04 1.330074e-03
80 4.967409e-04 1.330074e-03
81 4.967409e-04 1.330074e-03
82 4.967409e-04 1.330074e-03
83 4.967409e-04 1.330074e-03
84 4.967409e-04 1.330074e-03
85 4.967409e-04 1.330074e-03
86 4.967409e-04 1.330074e-03
87 4.967409e-04 1.330074e-03
88 4.967409e-04 1.330074e-03
89 4.967409e-04 1.330074e-03
90 4.967409e-04 1.330074e-03
91 4.967409e-04 1.330074e-03
92 4.967409e-04 1.330074e-03
93 4.967409e-04 1.330074e-03
94 4.967409e-04 1.330074e-03
95 4.967409e-04 1.330074e-03
96 4.967409e-04 1.330074e-03
97 4.967409e-04 1.330074e-03
98 2.411011e-03 3.244344e-03
99 2.411011e-03 3.244344e-03
100 4.967409e-04 1.330074e-03
101 4.967409e-04 1.330074e-03
102 4.967409e-04 1.330074e-03
103 4.967409e-04 1.330074e-03
104 4.967409e-04 1.330074e-03
105 4.967409e-04 1.330074e-03
106 4.967409e-04 1.330074e-03
107 4.967409e-04 1.330074e-03
108 4.967409e-04 1.330074e-03
109 2.411011e-03 3.244344e-03
110 2.411011e-03 3.244344e-03
111 4.967409e-04 1.330074e-03
112 2.411011e-03 3.244344e-03
113 2.411011e-03 3.244344e-03
114 2.411011e-03 3.244344e-03
115 4.967409e-04 1.330074e-03
116 2.411011e-03 3.244344e-03
117 2.411011e-03 3.244344e-03
118 4.967409e-04 1.330074e-03
119 2.411011e-03 3.244344e-03
120 4.967409e-04 1.330074e-03
121 4.967409e-04 1.330074e-03
122 4.967409e-04 1.330074e-03
123 4.967409e-04 1.330074e-03
124 4.967409e-04 1.330074e-03
125 4.967409e-04 1.330074e-03
126 4.967409e-04 1.330074e-03
127 4.967409e-04 1.330074e-03
128 4.967409e-04 1.330074e-03
129 4.967409e-04 1.330074e-03
130 4.967409e-04 1.330074e-03
131 4.967409e-04 1.330074e-03
132 4.967409e-04 1.330074e-03
133 4.967409e-04 1.330074e-03
134 4.967409e-04 1.330074e-03
135 4.967409e-04 1.330074e-03
136 4.967409e-04 1.330074e-03
137 4.967409e-04 1.330074e-03
138 2.411011e-03 3.244344e-03
139 4.967409e-04 1.330074e-03
140 4.967409e-04 1.330074e-03
141 4.967409e-04 1.330074e-03
142 4.967409e-04 1.330074e-03
143 4.967409e-04 1.330074e-03
144 4.967409e-04 1.330074e-03
145 4.967409e-04 1.330074e-03
146 4.967409e-04 1.330074e-03
147 4.967409e-04 1.330074e-03
148 4.967409e-04 1.330074e-03
149 4.967409e-04 1.330074e-03
150 4.967409e-04 1.330074e-03
151 2.411011e-03 3.244344e-03
152 2.411011e-03 3.244344e-03
153 4.967409e-04 1.330074e-03
154 4.967409e-04 1.330074e-03
155 4.967409e-04 1.330074e-03
156 4.967409e-04 1.330074e-03
157 4.967409e-04 1.330074e-03
158 4.967409e-04 1.330074e-03
159 4.967409e-04 1.330074e-03
160 4.967409e-04 1.330074e-03
161 4.967409e-04 1.330074e-03
162 4.967409e-04 1.330074e-03
163 4.967409e-04 1.330074e-03
164 2.411011e-03 3.244344e-03
165 4.967409e-04 1.330074e-03
166 4.967409e-04 1.330074e-03
167 4.967409e-04 1.330074e-03
168 4.967409e-04 1.330074e-03
169 4.967409e-04 1.330074e-03
170 2.411011e-03 3.244344e-03
171 4.967409e-04 1.330074e-03
172 4.967409e-04 1.330074e-03
173 4.967409e-04 1.330074e-03
174 4.967409e-04 1.330074e-03
175 4.967409e-04 1.330074e-03
176 4.967409e-04 1.330074e-03
177 4.967409e-04 1.330074e-03
178 4.967409e-04 1.330074e-03
179 4.967409e-04 1.330074e-03
180 4.967409e-04 1.330074e-03
181 2.411011e-03 3.244344e-03
182 4.967409e-04 1.330074e-03
183 4.967409e-04 1.330074e-03
184 4.967409e-04 1.330074e-03
185 4.967409e-04 1.330074e-03
186 4.967409e-04 1.330074e-03
187 4.967409e-04 1.330074e-03
188 2.411011e-03 3.244344e-03
189 4.967409e-04 1.330074e-03
190 2.411011e-03 3.244344e-03
191 4.967409e-04 1.330074e-03
192 2.411011e-03 3.244344e-03
193 2.411011e-03 3.244344e-03
194 4.967409e-04 1.330074e-03
195 4.967409e-04 1.330074e-03
196 4.967409e-04 1.330074e-03
197 2.411011e-03 3.244344e-03
198 4.967409e-04 1.330074e-03
199 2.411011e-03 3.244344e-03
200 4.967409e-04 1.330074e-03
201 4.967409e-04 1.330074e-03
202 2.411011e-03 3.244344e-03
203 4.967409e-04 1.330074e-03
204 4.967409e-04 1.330074e-03
205 2.411011e-03 3.244344e-03
206 2.411011e-03 3.244344e-03
207 4.967409e-04 1.330074e-03
208 2.411011e-03 3.244344e-03
209 2.411011e-03 3.244344e-03
210 2.411011e-03 3.244344e-03
211 4.967409e-04 1.330074e-03
212 4.967409e-04 1.330074e-03
213 2.411011e-03 3.244344e-03
214 4.967409e-04 1.330074e-03
215 4.967409e-04 1.330074e-03
216 4.967409e-04 1.330074e-03
217 4.967409e-04 1.330074e-03
218 2.411011e-03 3.244344e-03
219 4.967409e-04 1.330074e-03
220 4.967409e-04 1.330074e-03
221 4.967409e-04 1.330074e-03
222 4.967409e-04 1.330074e-03
223 4.967409e-04 1.330074e-03
224 4.967409e-04 1.330074e-03
225 4.967409e-04 1.330074e-03
226 4.967409e-04 1.330074e-03
227 4.967409e-04 1.330074e-03
228 4.967409e-04 1.330074e-03
229 4.967409e-04 1.330074e-03
230 4.967409e-04 1.330074e-03
231 2.411011e-03 3.244344e-03
232 4.967409e-04 1.330074e-03
233 4.967409e-04 1.330074e-03
234 4.967409e-04 1.330074e-03
235 4.967409e-04 1.330074e-03
236 2.411011e-03 3.244344e-03
237 4.967409e-04 1.330074e-03
238 4.967409e-04 1.330074e-03
239 4.967409e-04 1.330074e-03
240 2.411011e-03 3.244344e-03
241 2.411011e-03 3.244344e-03
242 4.967409e-04 1.330074e-03
243 4.967409e-04 1.330074e-03
244 2.411011e-03 3.244344e-03
245 2.411011e-03 3.244344e-03
246 4.967409e-04 1.330074e-03
247 4.967409e-04 1.330074e-03
248 2.411011e-03 3.244344e-03
249 4.967409e-04 1.330074e-03
250 2.411011e-03 3.244344e-03
251 4.967409e-04 1.330074e-03
252 2.411011e-03 3.244344e-03
253 4.967409e-04 1.330074e-03
254 4.967409e-04 1.330074e-03
255 4.967409e-04 1.330074e-03
256 4.967409e-04 1.330074e-03
257 2.411011e-03 3.244344e-03
258 4.967409e-04 1.330074e-03
259 4.967409e-04 1.330074e-03
260 4.967409e-04 1.330074e-03
261 4.967409e-04 1.330074e-03
262 4.967409e-04 1.330074e-03
263 4.967409e-04 1.330074e-03
264 4.967409e-04 1.330074e-03
265 2.411011e-03 3.244344e-03
266 4.967409e-04 1.330074e-03
267 4.967409e-04 1.330074e-03
268 4.967409e-04 1.330074e-03
269 4.967409e-04 1.330074e-03
270 4.967409e-04 1.330074e-03
271 2.411011e-03 3.244344e-03
272 4.967409e-04 1.330074e-03
273 4.967409e-04 1.330074e-03
274 4.967409e-04 1.330074e-03
275 4.967409e-04 1.330074e-03
276 4.967409e-04 1.330074e-03
277 4.967409e-04 1.330074e-03
278 4.967409e-04 1.330074e-03
279 4.967409e-04 1.330074e-03
280 4.967409e-04 1.330074e-03
281 4.967409e-04 1.330074e-03
282 4.967409e-04 1.330074e-03
283 4.967409e-04 1.330074e-03
284 4.967409e-04 1.330074e-03
285 4.967409e-04 1.330074e-03
286 4.967409e-04 1.330074e-03
287 4.967409e-04 1.330074e-03
288 2.411011e-03 3.244344e-03
289 4.967409e-04 1.330074e-03
290 4.967409e-04 1.330074e-03
291 4.967409e-04 1.330074e-03
292 4.967409e-04 1.330074e-03
293 4.967409e-04 1.330074e-03
294 4.967409e-04 1.330074e-03
295 2.411011e-03 3.244344e-03
296 2.411011e-03 3.244344e-03
297 4.967409e-04 1.330074e-03
298 4.967409e-04 1.330074e-03
299 4.967409e-04 1.330074e-03
300 2.411011e-03 3.244344e-03
301 4.967409e-04 1.330074e-03
302 4.967409e-04 1.330074e-03
303 2.411011e-03 3.244344e-03
304 4.967409e-04 1.330074e-03
305 4.967409e-04 1.330074e-03
306 4.967409e-04 1.330074e-03
307 2.411011e-03 3.244344e-03
308 4.967409e-04 1.330074e-03
309 4.967409e-04 1.330074e-03
310 4.967409e-04 1.330074e-03
311 4.967409e-04 1.330074e-03
312 2.411011e-03 3.244344e-03
313 2.411011e-03 3.244344e-03
314 4.967409e-04 1.330074e-03
315 4.967409e-04 1.330074e-03
316 2.411011e-03 3.244344e-03
317 2.411011e-03 3.244344e-03
318 2.411011e-03 3.244344e-03
319 4.967409e-04 1.330074e-03
320 4.967409e-04 1.330074e-03
321 4.967409e-04 1.330074e-03
322 4.967409e-04 1.330074e-03
323 4.967409e-04 1.330074e-03
324 4.967409e-04 1.330074e-03
325 4.967409e-04 1.330074e-03
326 4.967409e-04 1.330074e-03
327 4.967409e-04 1.330074e-03
328 4.967409e-04 1.330074e-03
329 2.411011e-03 3.244344e-03
330 4.967409e-04 1.330074e-03
331 2.411011e-03 3.244344e-03
332 4.967409e-04 1.330074e-03
333 4.967409e-04 1.330074e-03
334 2.411011e-03 3.244344e-03
335 4.967409e-04 1.330074e-03
336 4.967409e-04 1.330074e-03
337 4.967409e-04 1.330074e-03
338 4.967409e-04 1.330074e-03
339 4.967409e-04 1.330074e-03
340 4.967409e-04 1.330074e-03
341 4.967409e-04 1.330074e-03
342 4.967409e-04 1.330074e-03
343 4.967409e-04 1.330074e-03
344 4.967409e-04 1.330074e-03
345 2.411011e-03 3.244344e-03
346 2.411011e-03 3.244344e-03
347 4.967409e-04 1.330074e-03
348 2.411011e-03 3.244344e-03
349 4.967409e-04 1.330074e-03
350 4.967409e-04 1.330074e-03
351 2.411011e-03 3.244344e-03
352 4.967409e-04 1.330074e-03
353 4.967409e-04 1.330074e-03
354 4.967409e-04 1.330074e-03
355 4.967409e-04 1.330074e-03
356 4.967409e-04 1.330074e-03
357 4.967409e-04 1.330074e-03
358 4.967409e-04 1.330074e-03
359 4.967409e-04 1.330074e-03
360 2.411011e-03 3.244344e-03
361 4.967409e-04 1.330074e-03
362 2.411011e-03 3.244344e-03
363 2.411011e-03 3.244344e-03
364 4.967409e-04 1.330074e-03
365 2.411011e-03 3.244344e-03
366 2.411011e-03 3.244344e-03
367 4.967409e-04 1.330074e-03
368 4.967409e-04 1.330074e-03
369 4.967409e-04 1.330074e-03
370 4.967409e-04 1.330074e-03
371 2.411011e-03 3.244344e-03
372 4.967409e-04 1.330074e-03
373 4.967409e-04 1.330074e-03
374 4.967409e-04 1.330074e-03
375 4.967409e-04 1.330074e-03
376 4.967409e-04 1.330074e-03
377 4.967409e-04 1.330074e-03
378 4.967409e-04 1.330074e-03
379 2.411011e-03 3.244344e-03
380 4.967409e-04 1.330074e-03
381 4.967409e-04 1.330074e-03
382 4.967409e-04 1.330074e-03
383 4.967409e-04 1.330074e-03
384 4.967409e-04 1.330074e-03
385 2.411011e-03 3.244344e-03
386 4.967409e-04 1.330074e-03
387 4.967409e-04 1.330074e-03
388 2.411011e-03 3.244344e-03
389 2.411011e-03 3.244344e-03
390 2.411011e-03 3.244344e-03
391 4.967409e-04 1.330074e-03
392 2.411011e-03 3.244344e-03
393 4.967409e-04 1.330074e-03
394 4.967409e-04 1.330074e-03
395 4.967409e-04 1.330074e-03
396 2.411011e-03 3.244344e-03
397 4.967409e-04 1.330074e-03
398 4.967409e-04 1.330074e-03
399 4.967409e-04 1.330074e-03
400 2.411011e-03 3.244344e-03
401 4.967409e-04 1.330074e-03
402 4.967409e-04 1.330074e-03
403 2.411011e-03 3.244344e-03
404 4.967409e-04 1.330074e-03
405 4.967409e-04 1.330074e-03
406 2.411011e-03 3.244344e-03
407 4.967409e-04 1.330074e-03
408 4.967409e-04 1.330074e-03
409 4.967409e-04 1.330074e-03
410 4.967409e-04 1.330074e-03
411 4.967409e-04 1.330074e-03
412 4.967409e-04 1.330074e-03
413 4.967409e-04 1.330074e-03
414 2.411011e-03 3.244344e-03
415 4.967409e-04 1.330074e-03
416 4.967409e-04 1.330074e-03
417 4.967409e-04 1.330074e-03
418 4.967409e-04 1.330074e-03
419 4.967409e-04 1.330074e-03
420 2.411011e-03 3.244344e-03
421 4.967409e-04 1.330074e-03
422 4.967409e-04 1.330074e-03
423 4.967409e-04 1.330074e-03
424 4.967409e-04 1.330074e-03
425 2.411011e-03 3.244344e-03
426 4.967409e-04 1.330074e-03
427 4.967409e-04 1.330074e-03
428 2.411011e-03 3.244344e-03
429 4.967409e-04 1.330074e-03
430 4.967409e-04 1.330074e-03
431 4.967409e-04 1.330074e-03
432 4.967409e-04 1.330074e-03
433 4.967409e-04 1.330074e-03
434 4.967409e-04 1.330074e-03
435 2.411011e-03 3.244344e-03
436 4.967409e-04 1.330074e-03
437 2.411011e-03 3.244344e-03
438 4.967409e-04 1.330074e-03
439 4.967409e-04 1.330074e-03
440 4.967409e-04 1.330074e-03
441 4.967409e-04 1.330074e-03
442 4.967409e-04 1.330074e-03
443 4.967409e-04 1.330074e-03
444 4.967409e-04 1.330074e-03
445 4.967409e-04 1.330074e-03
446 4.967409e-04 1.330074e-03
447 4.967409e-04 1.330074e-03
448 4.967409e-04 1.330074e-03
449 4.967409e-04 1.330074e-03
450 4.967409e-04 1.330074e-03
451 4.967409e-04 1.330074e-03
452 2.411011e-03 3.244344e-03
453 4.967409e-04 1.330074e-03
454 4.967409e-04 1.330074e-03
455 4.967409e-04 1.330074e-03
456 2.411011e-03 3.244344e-03
457 2.411011e-03 3.244344e-03
458 2.411011e-03 3.244344e-03
459 2.411011e-03 3.244344e-03
460 4.967409e-04 1.330074e-03
461 4.967409e-04 1.330074e-03
462 4.967409e-04 1.330074e-03
463 4.967409e-04 1.330074e-03
464 4.967409e-04 1.330074e-03
465 4.967409e-04 1.330074e-03
466 4.967409e-04 1.330074e-03
467 4.967409e-04 1.330074e-03
468 4.967409e-04 1.330074e-03
469 4.967409e-04 1.330074e-03
470 2.411011e-03 3.244344e-03
471 4.967409e-04 1.330074e-03
472 4.967409e-04 1.330074e-03
473 4.967409e-04 1.330074e-03
474 4.967409e-04 1.330074e-03
475 4.967409e-04 1.330074e-03
476 4.967409e-04 1.330074e-03
477 2.411011e-03 3.244344e-03
478 4.967409e-04 1.330074e-03
479 4.967409e-04 1.330074e-03
480 4.967409e-04 1.330074e-03
481 4.967409e-04 1.330074e-03
482 4.967409e-04 1.330074e-03
483 4.967409e-04 1.330074e-03
484 4.967409e-04 1.330074e-03
485 4.967409e-04 1.330074e-03
486 2.411011e-03 3.244344e-03
487 4.967409e-04 1.330074e-03
488 4.967409e-04 1.330074e-03
489 2.411011e-03 3.244344e-03
490 2.411011e-03 3.244344e-03
491 2.411011e-03 3.244344e-03
492 4.967409e-04 1.330074e-03
493 4.967409e-04 1.330074e-03
494 4.967409e-04 1.330074e-03
495 2.411011e-03 3.244344e-03
496 4.967409e-04 1.330074e-03
497 4.967409e-04 1.330074e-03
498 4.967409e-04 1.330074e-03
499 4.967409e-04 1.330074e-03
500 4.967409e-04 1.330074e-03
501 4.967409e-04 1.330074e-03
502 2.411011e-03 3.244344e-03
503 4.967409e-04 1.330074e-03
504 4.967409e-04 1.330074e-03
505 4.967409e-04 1.330074e-03
506 2.411011e-03 3.244344e-03
507 4.967409e-04 1.330074e-03
508 4.967409e-04 1.330074e-03
509 4.967409e-04 1.330074e-03
510 4.967409e-04 1.330074e-03
511 4.967409e-04 1.330074e-03
512 4.967409e-04 1.330074e-03
513 4.967409e-04 1.330074e-03
514 4.967409e-04 1.330074e-03
515 4.967409e-04 1.330074e-03
516 4.967409e-04 1.330074e-03
517 4.967409e-04 1.330074e-03
518 4.967409e-04 1.330074e-03
519 4.967409e-04 1.330074e-03
520 4.967409e-04 1.330074e-03
521 4.967409e-04 1.330074e-03
522 4.967409e-04 1.330074e-03
523 4.967409e-04 1.330074e-03
524 4.967409e-04 1.330074e-03
525 4.967409e-04 1.330074e-03
526 4.967409e-04 1.330074e-03
527 4.967409e-04 1.330074e-03
528 4.967409e-04 1.330074e-03
529 4.967409e-04 1.330074e-03
530 4.967409e-04 1.330074e-03
531 4.967409e-04 1.330074e-03
532 4.967409e-04 1.330074e-03
533 4.967409e-04 1.330074e-03
534 2.411011e-03 3.244344e-03
535 4.967409e-04 1.330074e-03
536 2.411011e-03 3.244344e-03
537 2.411011e-03 3.244344e-03
538 2.411011e-03 3.244344e-03
539 4.967409e-04 1.330074e-03
540 2.411011e-03 3.244344e-03
541 2.411011e-03 3.244344e-03
542 4.967409e-04 1.330074e-03
543 4.967409e-04 1.330074e-03
544 4.967409e-04 1.330074e-03
545 4.967409e-04 1.330074e-03
546 4.967409e-04 1.330074e-03
547 2.411011e-03 3.244344e-03
548 4.967409e-04 1.330074e-03
549 4.967409e-04 1.330074e-03
550 4.967409e-04 1.330074e-03
551 4.967409e-04 1.330074e-03
552 4.967409e-04 1.330074e-03
553 4.967409e-04 1.330074e-03
554 4.967409e-04 1.330074e-03
555 4.967409e-04 1.330074e-03
556 4.967409e-04 1.330074e-03
557 2.411011e-03 3.244344e-03
558 2.411011e-03 3.244344e-03
559 2.411011e-03 3.244344e-03
560 4.967409e-04 1.330074e-03
561 2.411011e-03 3.244344e-03
562 4.967409e-04 1.330074e-03
563 2.411011e-03 3.244344e-03
564 4.967409e-04 1.330074e-03
565 4.967409e-04 1.330074e-03
566 4.967409e-04 1.330074e-03
567 4.967409e-04 1.330074e-03
568 2.411011e-03 3.244344e-03
569 2.411011e-03 3.244344e-03
570 4.967409e-04 1.330074e-03
571 2.411011e-03 3.244344e-03
572 4.967409e-04 1.330074e-03
573 4.967409e-04 1.330074e-03
574 2.411011e-03 3.244344e-03
575 4.967409e-04 1.330074e-03
576 4.967409e-04 1.330074e-03
577 2.411011e-03 3.244344e-03
578 2.411011e-03 3.244344e-03
579 4.967409e-04 1.330074e-03
580 2.411011e-03 3.244344e-03
581 4.967409e-04 1.330074e-03
582 4.967409e-04 1.330074e-03
583 2.411011e-03 3.244344e-03
584 4.967409e-04 1.330074e-03
585 4.967409e-04 1.330074e-03
586 4.967409e-04 1.330074e-03
587 2.411011e-03 3.244344e-03
588 4.967409e-04 1.330074e-03
589 2.411011e-03 3.244344e-03
590 4.967409e-04 1.330074e-03
591 4.967409e-04 1.330074e-03
592 2.411011e-03 3.244344e-03
593 4.967409e-04 1.330074e-03
594 4.967409e-04 1.330074e-03
595 4.967409e-04 1.330074e-03
596 2.411011e-03 3.244344e-03
597 4.967409e-04 1.330074e-03
598 2.411011e-03 3.244344e-03
599 2.411011e-03 3.244344e-03
600 2.411011e-03 3.244344e-03
601 4.967409e-04 1.330074e-03
