2 2.974786e-03 3.990611e-01
3 7.004045e-03 1.142672e+00
4 2.210455e-03 1.208786e+00
5 4.199767e-05 2.169918e-01
6 1.157459e-02 1.642974e+00
7 7.629926e-03 7.012953e-01
8 3.237612e-03 5.632852e-01
9 3.794145e-03 3.360279e-01
10 3.588823e-03 6.116513e-01
11 8.782910e-03 1.289274e+00
12 4.702993e-04 7.465991e-01
13 1.986417e-03 1.537397e+00
14 1.932092e-03 7.118242e-01
15 1.640076e-02 1.131103e+00
16 6.959646e-03 4.211253e-01
17 1.460004e-04 5.767093e-02
18 3.482683e-03 1.417461e+00
19 1.517882e-05 3.853804e-02
20 2.005167e-04 4.597629e-01
21 1.864214e-02 9.893566e-01
22 7.419125e-03 2.615450e+00
23 4.640249e-03 9.650893e-01
24 8.326128e-03 6.235651e-01
25 2.184687e-04 1.031601e-01
26 1.257457e-03 6.249475e-01
27 1.881479e-03 1.079019e+00
28 3.888438e-07 1.659560e-01
29 6.642522e-03 1.311761e+00
30 2.555871e-03 5.427326e-02
31 7.417343e-04 9.315931e-01
32 4.047832e-03 7.769270e-01
33 1.826355e-04 6.133304e-01
34 1.492021e-02 4.343335e-01
35 4.798425e-02 2.218506e+00
36 6.348486e-06 1.355486e-01
37 9.529022e-04 1.180244e-01
38 4.365907e-03 8.365358e-01
39 1.668776e-03 9.361209e-01
40 1.117127e-02 1.332437e+00
41 2.467677e-09 3.520737e-02
42 1.397160e-03 6.926007e-01
43 1.992022e-03 3.145365e-01
44 3.631487e-11 4.558116e-03
45 8.752028e-08 4.369623e-03
46 7.975195e-08 4.953916e-03
47 2.947977e-09 7.969453e-03
48 2.258581e-12 4.273828e-03
49 2.491473e-03 4.203166e-01
50 2.014924e-08 1.871614e-02
51 2.601438e-09 3.054723e-03
52 1.510961e-08 7.529131e-03
53 1.651668e-06 3.513736e-02
54 6.039884e-12 2.680096e-03
55 9.176523e-09 3.273148e-03
56 3.178821e-08 3.879132e-03
57 3.980839e-11 2.973085e-03
58 1.024033e-04 1.328828e-02
59 4.019106e-04 1.192763e-01
60 2.510194e-08 8.211954e-03
61 4.108008e-04 2.512908e-02
62 8.053052e-08 2.805663e-03
63 1.494012e-04 3.241768e-02
64 3.320740e-11 2.709201e-03
65 4.306397e-12 2.933355e-03
66 1.186389e-08 8.547006e-03
67 7.264512e-10 2.892069e-03
68 4.170426e-05 1.729557e-02
69 6.926067e-07 4.228199e-02
70 1.492390e-03 8.506897e-02
71 7.388435e-09 6.339577e-03
72 1.697500e-06 2.070251e-02
73 1.149652e-04 5.926682e-02
74 5.465478e-07 5.662670e-03
75 1.569456e-07 3.856703e-03
76 1.158679e-06 5.379891e-02
77 9.112398e-06 1.097660e-02
78 4.339933e-03 2.959435e-01
79 4.447321e-03 9.926301e-02
80 8.570191e-08 1.114486e-02
81 3.999636e-11 2.964266e-03
82 9.437391e-06 2.039752e-02
83 7.221880e-09 5.088211e-03
84 4.254895e-04 2.697017e-01
85 4.192675e-04 8.320907e-02
86 1.463918e-03 1.912938e-01
87 7.269433e-04 3.160502e-01
88 1.466877e-11 4.005226e-03
89 5.942913e-07 1.089731e-02
90 2.282784e-05 1.734080e-02
91 7.356484e-10 2.857611e-03
92 1.097741e-07 5.585907e-03
93 5.895180e-11 4.353117e-03
94 3.397456e-10 5.346981e-03
95 5.581259e-10 2.724219e-03
96 5.037684e-03 8.549031e-01
97 1.243161e-06 1.516606e-02
98 6.484010e-04 6.219388e-01
99 6.014942e-03 5.814841e-01
100 1.082221e-02 7.054112e-01
101 9.760276e-03 5.741238e-01
102 2.317333e-08 4.750831e-03
103 1.474879e-03 4.164102e-01
104 7.859366e-04 6.276243e-02
105 9.536388e-05 7.120607e-02
106 9.423385e-05 6.886339e-03
107 1.458187e-10 3.185635e-03
108 2.641268e-03 1.640860e-01
109 2.089483e-06 9.194109e-02
110 3.985856e-12 1.309764e-02
111 1.029787e-03 8.792591e-02
112 3.703440e-05 7.482765e-02
113 5.837915e-04 2.123319e-01
114 9.909800e-07 3.826716e-02
115 1.757479e-04 1.828075e-01
116 3.237696e-03 4.197019e-01
117 1.905507e-09 1.107233e-02
118 1.662582e-09 5.303660e-03
119 9.125230e-03 9.132611e-01
120 3.754765e-02 1.267902e+00
121 8.014173e-08 3.653806e-03
122 1.292525e-09 4.886663e-03
123 1.333594e-03 2.579807e-01
124 2.529440e-08 2.161899e-02
125 1.092784e-07 9.038932e-03
126 1.389684e-06 1.799805e-02
127 5.158170e-05 1.442182e-02
128 6.930745e-03 5.145433e-01
129 9.571471e-05 3.131633e-02
130 1.082019e-08 7.146345e-03
131 3.853961e-03 4.173762e-01
132 2.144996e-09 2.956289e-03
133 4.520611e-03 4.992344e-01
134 3.808295e-08 1.264149e-02
135 6.110098e-04 6.176549e-02
136 3.883836e-07 9.273911e-03
137 3.186466e-07 4.924008e-03
138 5.052706e-08 1.194064e-02
139 2.238554e-06 5.886108e-03
140 1.365082e-08 4.792626e-03
141 2.581598e-05 6.810794e-01
142 1.974100e-03 4.308962e-01
143 2.831402e-08 6.863624e-03
144 1.796772e-08 1.010515e-02
145 4.429495e-04 3.782258e-02
146 9.899149e-10 4.144945e-03
147 4.201234e-04 3.311511e-01
148 1.406755e-06 4.351804e-03
149 1.084583e-09 7.301669e-03
150 4.970354e-09 4.392279e-03
151 2.347866e-11 1.304888e-02
152 6.317810e-11 2.013597e-02
153 7.733581e-12 1.446093e-02
154 3.164358e-05 5.098899e-02
155 1.177716e-08 2.506804e-03
156 3.273258e-06 8.661863e-03
157 1.025200e-13 8.680756e-03
158 8.693926e-08 6.665528e-03
159 1.716196e-09 7.744488e-03
160 2.898208e-03 2.066987e-01
161 3.141223e-06 2.421324e-02
162 1.318467e-10 1.019461e-02
163 1.113044e-07 5.323785e-03
164 1.385315e-04 6.769808e-02
165 4.081067e-05 2.071002e-02
166 1.321465e-08 4.017856e-03
167 2.632429e-09 5.762157e-03
168 3.451501e-04 6.621600e-02
169 1.305130e-03 2.685231e-01
170 7.478094e-03 9.098665e-01
171 2.630664e-08 5.209463e-03
172 2.058563e-04 1.196303e-01
173 9.250651e-05 1.363348e-02
174 8.945730e-07 7.170045e-03
175 5.840145e-08 3.176405e-03
176 2.224449e-04 5.157159e-02
177 7.734815e-12 4.705824e-03
178 7.779802e-07 1.549135e-02
179 1.058264e-06 4.441013e-02
180 8.297746e-09 5.522754e-03
181 2.405281e-03 1.766107e-01
182 6.039852e-08 2.811803e-03
183 1.741043e-08 2.133002e-02
184 2.002591e-03 3.464718e-01
185 3.023235e-10 4.908236e-03
186 1.638411e-08 6.089748e-03
187 4.586201e-03 2.503584e-01
188 9.831580e-06 5.911223e-02
189 1.760711e-14 4.367818e-03
190 3.843848e-07 1.069050e-01
191 3.107621e-07 1.629108e-02
192 1.083092e-06 3.711417e-02
193 5.068225e-09 3.854133e-02
194 2.443144e-07 5.431785e-03
195 2.261805e-03 9.027787e-01
196 3.702743e-09 3.455721e-03
197 3.440140e-05 3.509150e-01
198 3.349246e-06 1.130251e-01
199 3.223968e-03 9.046411e-01
200 2.475851e-03 2.096884e-01
201 3.501912e-09 2.877926e-03
202 7.779489e-03 7.541130e-01
203 1.286318e-04 3.546401e-01
204 1.251430e-10 6.752933e-03
205 2.073711e-04 1.549273e-01
206 2.923527e-12 1.245562e-02
207 1.300904e-07 3.229310e-03
208 6.471181e-05 1.695987e-01
209 2.300074e-03 3.567369e-01
210 8.034156e-05 2.488860e-01
211 4.094516e-03 1.760034e-01
212 2.552595e-03 1.113420e-01
213 3.049140e-06 2.044571e-01
214 1.442334e-03 2.679578e-01
215 1.518301e-08 1.307407e-02
216 1.273189e-07 1.043036e-02
217 3.829435e-08 5.602991e-03
218 7.521250e-07 8.209588e-02
219 1.516224e-08 2.733945e-03
220 5.774919e-06 1.921149e-01
221 1.957984e-03 3.097141e-01
222 3.881691e-07 2.212926e-02
223 5.316622e-07 6.597082e-03
224 3.158150e-06 2.682755e-02
225 2.784180e-03 1.237462e-01
226 7.008996e-13 2.748372e-03
227 4.250454e-04 3.455699e-02
228 3.835151e-05 1.236088e-01
229 3.025724e-03 5.096667e-01
230 1.569007e-03 2.010534e-01
231 1.979145e-08 3.215843e-02
232 3.841850e-04 1.471749e-01
233 2.020117e-12 5.585563e-03
234 3.121301e-05 1.551693e-02
235 9.959111e-06 1.660833e-01
236 4.511840e-03 4.670136e-01
237 2.339634e-09 4.653943e-03
238 1.503501e-05 2.027025e-02
239 1.408506e-06 2.988246e-02
240 1.414040e-06 3.261139e-02
241 9.088302e-07 5.509888e-02
242 1.042447e-06 7.952213e-03
243 1.755598e-10 2.945910e-03
244 7.262860e-06 1.855508e-02
245 8.139346e-04 9.102093e-02
246 1.875860e-06 2.771557e-01
247 1.343650e-04 3.740112e-02
248 5.485259e-06 1.814049e-01
249 4.597613e-03 4.002204e-01
250 3.546866e-04 1.091586e-01
251 3.850944e-08 3.130239e-03
252 4.119570e-04 4.065776e-01
253 3.820097e-05 3.633528e-02
254 1.377053e-04 2.043918e-01
255 1.755426e-10 5.809974e-03
256 4.014541e-15 2.411318e-03
257 8.725118e-06 3.513670e-02
258 8.290739e-04 1.504513e-01
259 1.721961e-04 1.855128e-02
260 1.881191e-04 3.599115e-02
261 2.323978e-04 2.731155e-02
262 9.580929e-13 2.746119e-03
263 7.785582e-08 1.251861e-02
264 1.995701e-04 3.121636e-01
265 1.186830e-03 1.786502e-01
266 7.325063e-04 3.154203e-02
267 2.037986e-08 1.359468e-02
268 3.881837e-11 4.230388e-03
269 1.559013e-09 8.208378e-03
270 5.024060e-16 3.210816e-03
271 3.665851e-05 1.368418e-01
272 6.068338e-06 1.042932e-02
273 5.556928e-07 2.103656e-01
274 5.426331e-04 2.128025e-02
275 3.270082e-06 7.769619e-03
276 4.038572e-11 6.606335e-03
277 2.694486e-05 1.631399e-02
278 3.194076e-08 2.877693e-02
279 7.236472e-09 9.721899e-03
280 1.346240e-03 6.130540e-01
281 2.419350e-05 2.138898e-01
282 3.969371e-08 1.144951e-02
283 3.134822e-05 9.213491e-02
284 1.823051e-08 1.573918e-02
285 1.761710e-05 1.880728e-01
286 1.908783e-09 4.100852e-03
287 1.576891e-03 6.127957e-02
288 2.075918e-04 2.351361e-02
289 2.303419e-09 1.650222e-02
290 4.896556e-08 8.336333e-02
291 8.048403e-10 3.418421e-03
292 1.405678e-07 1.445494e-02
293 8.451440e-14 6.291494e-03
294 3.827470e-11 3.035317e-03
295 8.957120e-09 7.235295e-02
296 3.131986e-06 2.565760e-01
297 8.321694e-06 1.566919e-02
298 1.793334e-10 4.840035e-03
299 4.564765e-08 7.430387e-03
300 2.862592e-07 6.921010e-02
301 1.370130e-02 1.339631e+00
302 4.308097e-05 1.272723e-01
303 4.813991e-09 5.544065e-02
304 2.193382e-06 5.476945e-03
305 1.052251e-03 2.908909e-01
306 1.135974e-05 9.559820e-03
307 2.840289e-03 3.416000e-01
308 2.402009e-04 1.666166e-02
309 4.100442e-04 4.519500e-01
310 1.265680e-09 1.111192e-02
311 4.639759e-04 1.480390e-02
312 1.981929e-05 4.570274e-02
313 2.514462e-03 3.029572e-01
314 1.927093e-08 8.523474e-03
315 1.631411e-03 4.346955e-02
316 1.196889e-03 6.727105e-01
317 9.464064e-04 7.755830e-02
318 2.118765e-04 2.939070e-01
319 7.473519e-03 1.360806e-01
320 1.314704e-05 2.408025e-02
321 1.855668e-07 4.041685e-03
322 7.500827e-12 4.721325e-03
323 4.410878e-03 1.127504e+00
324 2.629563e-08 3.442988e-02
325 3.246189e-07 4.290163e-02
326 9.084462e-08 9.626549e-03
327 1.553995e-04 1.818824e-02
328 3.019977e-07 1.756386e-02
329 4.989536e-03 1.995411e-01
330 1.524959e-07 5.945431e-03
331 2.929049e-04 1.907928e-01
332 1.940394e-06 1.655705e-02
333 9.390976e-08 6.114281e-03
334 4.755778e-06 3.209611e-02
335 3.925350e-12 4.417457e-03
336 3.724181e-09 5.615684e-03
337 1.737988e-11 3.127978e-03
338 3.488824e-03 2.623511e-01
339 1.015371e-03 1.416163e-01
340 3.930596e-10 3.009231e-02
341 1.548711e-04 1.391451e-01
342 1.530683e-04 2.451582e-01
343 6.456052e-12 8.551407e-03
344 1.749661e-03 1.281503e-01
345 1.517805e-03 1.356036e+00
346 1.688474e-06 5.616582e-02
347 3.840571e-13 3.186263e-03
348 1.998282e-03 5.945430e-01
349 5.988181e-04 2.759060e-02
350 8.038987e-10 7.126431e-03
351 5.141139e-04 4.582554e-01
352 9.819095e-09 3.181017e-02
353 1.180795e-07 3.574008e-03
354 7.990536e-04 2.667546e-01
355 8.649512e-04 5.320622e-02
356 5.513333e-07 2.018398e-02
357 7.960044e-04 3.698517e-01
358 6.706763e-10 1.647032e-02
359 3.749145e-08 4.247623e-03
360 1.148744e-10 3.776228e-02
361 1.221001e-04 8.303986e-02
362 4.725211e-06 5.836614e-02
363 1.978289e-03 7.712828e-01
364 3.121658e-04 4.065408e-01
365 2.558794e-10 3.494659e-02
366 1.312275e-09 4.970793e-02
367 1.212526e-08 5.242977e-03
368 8.804882e-04 3.546185e-01
369 7.090648e-09 6.410965e-03
370 1.769748e-07 1.285296e-02
371 7.858656e-08 7.755346e-02
372 1.781657e-03 2.462981e-01
373 1.872872e-06 5.165189e-03
374 1.788043e-13 4.621856e-03
375 7.150002e-11 2.766089e-03
376 3.003107e-06 5.533525e-03
377 2.395840e-03 9.256951e-01
378 1.260506e-09 5.544409e-03
379 6.805518e-05 1.276569e-01
380 2.112903e-03 9.087111e-01
381 1.957772e-08 2.466979e-02
382 5.952569e-10 4.644679e-03
383 2.572112e-05 1.297766e-01
384 9.283136e-08 3.021122e-02
385 2.996063e-07 3.082402e-02
386 1.046199e-08 3.011726e-03
387 3.705651e-04 3.492118e-02
388 1.591632e-05 2.279214e-01
389 1.632172e-07 1.971398e-02
390 2.652035e-06 6.896941e-02
391 5.582570e-06 3.364886e-02
392 1.898791e-03 4.087797e-01
393 3.928080e-13 3.752594e-03
394 5.756629e-03 8.776196e-01
395 7.383029e-06 2.873620e-02
396 2.379368e-10 1.448075e-02
397 2.889499e-04 7.903553e-02
398 9.678231e-13 5.555251e-03
399 5.602113e-05 6.876197e-02
400 4.809614e-06 2.586292e-02
401 2.144276e-11 2.967371e-03
402 2.397908e-08 1.020909e-02
403 2.894537e-05 1.515293e-01
404 2.431437e-08 1.643476e-02
405 4.543168e-10 9.416643e-03
406 3.113360e-05 6.065234e-01
407 1.955640e-05 8.064310e-02
408 5.753799e-07 3.048444e-02
409 7.875805e-09 3.862175e-02
410 9.966914e-06 8.912670e-03
411 5.600011e-09 5.111972e-03
412 1.905112e-07 8.024416e-02
413 1.893431e-05 3.206786e-02
414 4.110077e-06 2.974991e-02
415 2.812312e-12 2.579059e-03
416 2.557119e-04 1.522523e-01
417 5.987009e-06 8.828807e-03
418 2.600876e-05 3.927647e-01
419 3.793077e-03 3.855783e-01
420 1.287903e-08 1.058902e-01
421 8.210104e-08 7.548089e-03
422 5.493212e-05 3.427828e-02
423 5.972235e-04 5.326552e-02
424 2.732321e-04 2.259637e-02
425 3.357448e-05 4.736120e-01
426 9.935719e-06 1.296790e-02
427 1.197662e-03 9.627436e-02
428 3.518621e-06 1.068422e-01
429 5.253422e-09 1.573512e-02
430 1.578618e-03 5.433679e-02
431 2.231659e-12 2.443199e-03
432 4.706720e-07 1.064740e-02
433 4.096336e-11 2.831439e-03
434 2.011097e-08 3.977624e-03
435 1.822506e-04 4.299295e-01
436 4.820939e-09 3.406590e-03
437 1.275588e-03 7.258334e-01
438 2.598346e-12 4.796904e-03
439 2.869385e-08 4.450364e-03
440 3.198796e-05 1.503896e-02
441 9.908565e-06 1.670252e-02
442 6.022921e-08 4.754859e-03
443 9.346176e-08 5.272951e-03
444 3.839962e-04 3.979198e-02
445 9.133363e-04 1.871150e-01
446 1.184643e-07 3.555070e-02
447 9.813672e-06 4.288440e-03
448 1.613628e-04 6.807277e-02
449 2.000013e-10 6.232284e-03
450 1.907213e-05 2.240219e-02
451 2.957968e-11 2.606732e-03
452 1.854414e-03 3.978665e-01
453 6.836098e-07 1.062943e-02
454 1.998124e-04 4.714480e-02
455 4.697381e-06 1.279838e-02
456 2.326890e-03 1.216597e-01
457 2.799441e-04 2.173763e-01
458 1.466716e-06 1.103847e-01
459 5.952516e-09 1.980724e-02
460 7.198029e-04 1.742190e-01
461 4.660854e-08 4.436986e-03
462 1.360066e-08 7.750495e-03
463 1.177615e-03 3.924411e-01
464 9.969232e-09 1.297623e-02
465 7.842962e-08 9.007980e-03
466 3.220995e-07 3.842822e-03
467 1.714144e-09 1.494094e-02
468 7.654082e-16 2.943654e-03
469 6.143432e-03 1.262677e-01
470 7.762806e-04 4.014404e-01
471 3.645047e-07 6.428380e-03
472 3.719723e-06 6.054983e-03
473 1.056226e-03 3.748752e-01
474 1.273706e-04 1.662899e-01
475 5.495066e-10 6.284005e-03
476 3.483547e-07 1.011337e-02
477 7.685283e-04 4.433579e-01
478 9.334070e-09 3.495216e-03
479 5.381503e-09 4.743141e-03
480 2.936775e-08 9.093315e-03
481 5.706557e-05 5.762433e-02
482 1.245034e-09 2.372203e-02
483 1.044477e-11 2.810324e-03
484 4.809193e-08 3.797902e-03
485 1.532003e-06 5.356734e-03
486 4.462273e-05 2.687003e-02
487 1.802409e-04 2.611336e-02
488 9.450526e-10 2.705617e-03
489 4.402745e-03 1.262402e+00
490 3.402436e-05 7.230275e-02
491 3.231381e-04 2.041242e-01
492 1.028197e-03 3.350527e-01
493 2.822531e-07 3.513288e-03
494 3.556769e-03 9.897406e-01
495 1.038327e-02 9.846922e-01
496 1.655457e-11 2.616621e-03
497 5.880180e-05 3.865485e-02
498 3.602550e-11 7.096010e-03
499 3.756003e-10 4.516784e-03
500 6.176775e-11 4.242592e-03
501 7.589752e-03 6.054003e-01
502 3.474088e-09 1.441645e-02
503 1.870762e-05 1.004572e-02
504 2.722705e-03 5.724351e-01
505 6.632680e-04 1.772341e-01
506 6.245266e-09 1.494598e-02
507 3.948427e-10 5.700912e-03
508 4.453954e-11 3.908047e-03
509 1.701391e-04 1.412091e-01
510 6.798970e-07 1.293622e-02
511 1.577941e-04 2.668944e-01
512 1.788522e-09 4.294377e-03
513 2.587508e-08 3.654454e-03
514 5.150825e-09 3.986709e-03
515 1.294086e-03 2.320871e-01
516 4.970052e-10 6.129514e-03
517 7.289604e-11 2.725716e-03
518 1.444490e-09 6.520698e-03
519 2.724493e-07 9.592891e-03
520 9.440715e-07 8.687792e-03
521 4.679798e-08 7.363581e-03
522 1.473554e-05 1.510874e-02
523 1.808080e-06 3.817894e-02
524 1.841697e-09 3.409901e-03
525 6.289614e-07 4.997195e-03
526 8.556420e-09 5.863745e-03
527 2.440019e-11 3.308530e-03
528 3.037117e-04 2.681101e-01
529 2.871903e-03 1.187637e+00
530 1.118106e-05 2.603076e-02
531 1.481954e-09 2.605562e-03
532 1.913582e-12 5.971082e-03
533 9.458765e-05 2.477457e-02
534 4.470427e-09 6.601815e-02
535 3.797719e-04 5.401113e-02
536 2.411283e-04 2.161956e-01
537 1.541686e-03 3.184651e-01
538 4.014522e-03 7.544205e-01
539 2.989412e-08 8.261281e-03
540 9.825448e-08 1.844228e-02
541 1.754169e-03 3.538817e-01
542 6.132050e-06 1.922438e-01
543 7.973634e-09 7.642309e-03
544 4.590069e-06 3.041952e-02
545 1.081666e-10 1.105953e-02
546 1.595130e-09 1.289830e-02
547 1.727156e-03 6.902182e-01
548 3.844141e-03 7.474080e-01
549 1.070767e-05 5.734746e-02
550 3.688385e-05 2.090062e-02
551 2.611387e-07 1.162834e-02
552 2.043524e-07 6.172186e-03
553 1.335661e-09 3.982577e-03
554 2.011668e-09 6.230249e-03
555 2.017176e-06 2.084684e-02
556 2.090461e-05 2.281853e-02
557 1.426411e-03 2.640121e-01
558 5.635387e-04 7.708686e-02
559 1.608779e-04 1.443885e-01
560 2.239323e-04 1.067068e-02
561 5.277186e-06 1.765867e-02
562 1.032795e-13 2.855363e-03
563 1.970023e-03 4.872614e-01
564 3.005192e-03 2.241647e-01
565 3.277526e-04 2.200588e-02
566 1.316003e-07 6.997746e-03
567 7.248825e-03 6.258884e-01
568 7.876219e-09 6.033318e-02
569 3.419265e-06 3.112932e-02
570 1.217067e-05 1.221814e-02
571 3.277362e-04 4.956560e-01
572 1.092457e-05 7.977932e-03
573 2.308567e-03 1.502661e-01
574 7.266262e-06 2.052276e-02
575 8.148253e-06 4.929415e-03
576 4.542476e-03 2.269809e-01
577 2.383884e-09 3.231242e-02
578 3.455932e-04 1.749421e-01
579 3.949260e-04 1.554084e-02
580 1.952657e-03 7.482851e-01
581 2.082817e-03 6.724442e-01
582 1.047353e-06 2.634754e-02
583 1.536346e-05 8.531075e-02
584 6.119854e-07 3.179427e-02
585 3.029870e-10 5.970320e-03
586 6.683548e-04 1.250690e-01
587 1.895277e-09 1.330660e-02
588 1.635678e-03 4.566761e-01
589 1.215896e-03 6.480206e-01
590 9.157636e-05 2.161545e-01
591 3.781382e-05 9.666658e-03
592 2.386264e-04 5.868912e-02
593 8.577075e-07 1.390522e-02
594 4.641441e-05 2.569111e-02
595 4.341558e-05 1.507333e-01
596 1.855732e-07 1.668238e-02
597 2.396564e-07 1.649874e-02
598 3.260362e-08 1.209499e-02
599 3.376617e-08 1.333766e-02
600 5.587062e-06 1.995789e-02
601 7.676685e-07 5.532701e-03
