2 1.020008e-03 2.339328e-02
3 6.749006e-04 1.391588e-02
4 8.520950e-03 6.159989e-02
5 1.020008e-03 2.339328e-02
6 1.019977e-02 5.910666e-02
7 2.819694e-03 2.756837e-02
8 1.097834e-03 1.359301e-02
9 2.098108e-04 5.781519e-03
10 2.906867e-05 2.489545e-03
11 9.299632e-03 1.447538e-01
12 1.043092e-03 1.921961e-02
13 1.925587e-03 1.758053e-02
14 2.185334e-04 8.622856e-03
15 3.054758e-03 3.071030e-02
16 3.046213e-03 5.419158e-02
17 1.983674e-04 6.751117e-03
18 1.149132e-03 2.467381e-02
19 1.180553e-03 1.503126e-02
20 6.370535e-04 1.799368e-02
21 2.133139e-04 7.546327e-03
22 1.815976e-03 6.571284e-03
23 2.840056e-03 6.169016e-02
24 1.048233e-03 4.397102e-02
25 1.119099e-03 2.289105e-02
26 3.445664e-03 2.697034e-02
27 1.962430e-03 1.237616e-02
28 1.097834e-03 1.359301e-02
29 1.990632e-03 1.147606e-02
30 7.973769e-05 3.096117e-03
31 1.373343e-04 1.454698e-02
32 2.826126e-03 2.832143e-02
33 3.106344e-03 3.338300e-02
34 2.324458e-04 5.524469e-03
35 8.985610e-03 1.142720e-01
36 1.824927e-03 1.124254e-02
37 3.492735e-04 9.677383e-03
38 8.324798e-03 4.048136e-02
39 9.671208e-03 7.109120e-02
40 8.778761e-03 5.843600e-02
41 1.160475e-03 1.258957e-02
42 6.400005e-04 7.539547e-03
43 2.052667e-04 5.554281e-03
44 8.716219e-05 2.547638e-03
45 7.973769e-05 3.096117e-03
46 7.973769e-05 3.096117e-03
47 2.390929e-04 3.255472e-03
48 7.973769e-05 3.096117e-03
49 1.263439e-03 1.765649e-02
50 2.390929e-04 3.255472e-03
51 2.906867e-05 2.489545e-03
52 8.716219e-05 2.547638e-03
53 1.410894e-04 8.872017e-03
54 2.906867e-05 2.489545e-03
55 2.906867e-05 2.489545e-03
56 8.716219e-05 2.547638e-03
57 2.906867e-05 2.489545e-03
58 7.973769e-05 3.096117e-03
59 2.261868e-04 3.462212e-03
60 2.261868e-04 3.462212e-03
61 2.261868e-04 3.462212e-03
62 2.906867e-05 2.489545e-03
63 2.261868e-04 3.462212e-03
64 2.906867e-05 2.489545e-03
65 2.906867e-05 2.489545e-03
66 2.305682e-04 5.377889e-03
67 2.906867e-05 2.489545e-03
68 2.906867e-05 2.489545e-03
69 6.913570e-04 5.838678e-03
70 7.140416e-04 6.413329e-03
71 7.973769e-05 3.096117e-03
72 2.273017e-04 6.364387e-03
73 2.520367e-04 3.791917e-03
74 2.390929e-04 3.255472e-03
75 7.973769e-05 3.096117e-03
76 1.815976e-03 6.571284e-03
77 2.510254e-04 7.513730e-03
78 1.223300e-03 1.519329e-02
79 8.286367e-05 4.635281e-03
80 6.609449e-04 4.071055e-03
81 2.906867e-05 2.489545e-03
82 7.184605e-04 8.347849e-03
83 8.681244e-05 4.125917e-03
84 2.055948e-03 1.223568e-02
85 2.510254e-04 7.513730e-03
86 8.681244e-05 4.125917e-03
87 2.380445e-04 4.350398e-03
88 8.716219e-05 2.547638e-03
89 2.381335e-04 5.937421e-03
90 8.716219e-05 2.547638e-03
91 2.906867e-05 2.489545e-03
92 2.390929e-04 3.255472e-03
93 2.468456e-04 2.905301e-03
94 7.973769e-05 3.096117e-03
95 2.906867e-05 2.489545e-03
96 6.661136e-04 7.186942e-03
97 2.346721e-04 5.351453e-03
98 1.198104e-03 1.088996e-02
99 1.155387e-03 1.790396e-02
100 2.261868e-04 3.462212e-03
101 2.603065e-04 4.299411e-03
102 7.783321e-05 2.957842e-03
103 6.609449e-04 4.071055e-03
104 6.913570e-04 5.838678e-03
105 7.109107e-04 9.683284e-03
106 8.716219e-05 2.547638e-03
107 8.716219e-05 2.547638e-03
108 2.256195e-04 6.503673e-03
109 3.777758e-04 1.114497e-02
110 1.410894e-04 8.872017e-03
111 2.001633e-03 2.119258e-02
112 1.186372e-03 3.139743e-02
113 1.076895e-03 2.576602e-02
114 1.410894e-04 8.872017e-03
115 6.319075e-04 1.939940e-02
116 1.095080e-03 2.835522e-02
117 1.410894e-04 8.872017e-03
118 8.681244e-05 4.125917e-03
119 3.922339e-04 2.018683e-02
120 6.319075e-04 1.939940e-02
121 2.906867e-05 2.489545e-03
122 7.973769e-05 3.096117e-03
123 6.785740e-04 9.939864e-03
124 2.326424e-04 3.563451e-03
125 2.458552e-04 4.876217e-03
126 2.380445e-04 4.350398e-03
127 2.520367e-04 3.791917e-03
128 8.405448e-05 3.623935e-03
129 7.973769e-05 3.096117e-03
130 2.305682e-04 5.377889e-03
131 1.950085e-03 1.870310e-02
132 2.906867e-05 2.489545e-03
133 6.529752e-04 7.370635e-03
134 2.468456e-04 2.905301e-03
135 7.783321e-05 2.957842e-03
136 7.606690e-05 2.589700e-03
137 8.716219e-05 2.547638e-03
138 1.410894e-04 8.872017e-03
139 2.258193e-04 3.785271e-03
140 2.468456e-04 2.905301e-03
141 1.813025e-03 7.434327e-03
142 2.390929e-04 3.255472e-03
143 7.973769e-05 3.096117e-03
144 2.174615e-04 4.240363e-03
145 2.234791e-04 7.175686e-03
146 8.574572e-05 3.364855e-03
147 6.754982e-04 7.030751e-03
148 9.474427e-06 2.333119e-03
149 2.135027e-04 4.380694e-03
150 7.372167e-05 2.786351e-03
151 1.410894e-04 8.872017e-03
152 1.055484e-03 1.736989e-02
153 2.352074e-04 5.154100e-03
154 5.851371e-04 1.337167e-02
155 9.474427e-06 2.333119e-03
156 7.792817e-05 2.718967e-03
157 7.914757e-05 3.144978e-03
158 7.927640e-05 3.031749e-03
159 8.026264e-05 3.788667e-03
160 7.263952e-04 7.915708e-03
161 2.352074e-04 5.154100e-03
162 2.142231e-04 9.331957e-03
163 8.681244e-05 4.125917e-03
164 1.036269e-03 1.805101e-02
165 2.906867e-05 2.489545e-03
166 7.973769e-05 3.096117e-03
167 2.261868e-04 3.462212e-03
168 8.245724e-05 2.623006e-03
169 6.754982e-04 7.030751e-03
170 1.155819e-03 2.560683e-02
171 2.829501e-05 3.658758e-03
172 2.101523e-04 5.481362e-03
173 7.973769e-05 3.096117e-03
174 2.687550e-05 2.376618e-03
175 2.906867e-05 2.489545e-03
176 8.245724e-05 2.623006e-03
177 2.210539e-04 2.933683e-03
178 2.174615e-04 4.240363e-03
179 1.780801e-03 1.246701e-02
180 8.574572e-05 3.364855e-03
181 1.055484e-03 1.736989e-02
182 2.906867e-05 2.489545e-03
183 2.352074e-04 5.154100e-03
184 6.276117e-04 1.182674e-02
185 8.574572e-05 3.364855e-03
186 8.346360e-05 5.361988e-03
187 1.858765e-03 1.086506e-02
188 9.580852e-04 1.402530e-02
189 7.666176e-05 3.888390e-03
190 3.278638e-03 3.091348e-02
191 8.574572e-05 3.364855e-03
192 3.870195e-04 1.181611e-02
193 1.020008e-03 2.339328e-02
194 7.973769e-05 3.096117e-03
195 1.992560e-03 1.530857e-02
196 2.906867e-05 2.489545e-03
197 3.409393e-03 5.543784e-02
198 2.352074e-04 5.154100e-03
199 3.278638e-03 3.091348e-02
200 2.352074e-04 5.154100e-03
201 2.906867e-05 2.489545e-03
202 3.129505e-03 3.274445e-02
203 6.339289e-04 8.201733e-03
204 2.087817e-04 3.229570e-03
205 1.068615e-03 2.111669e-02
206 1.356468e-04 1.088091e-02
207 2.687550e-05 2.376618e-03
208 1.020008e-03 2.339328e-02
209 1.068615e-03 2.111669e-02
210 3.726846e-03 3.198621e-02
211 7.293216e-04 4.244627e-03
212 6.754982e-04 7.030751e-03
213 1.141616e-03 2.180486e-02
214 1.947342e-03 1.065257e-02
215 2.560762e-04 6.739999e-03
216 2.560762e-04 6.739999e-03
217 2.086576e-04 3.370852e-03
218 3.593968e-03 6.994570e-02
219 2.906867e-05 2.489545e-03
220 1.833058e-03 1.929929e-02
221 6.601688e-04 5.452319e-03
222 2.244316e-04 9.046408e-03
223 2.261868e-04 3.462212e-03
224 9.474427e-06 2.333119e-03
225 6.856604e-04 1.086540e-02
226 2.906867e-05 2.489545e-03
227 2.295896e-04 4.746222e-03
228 1.947342e-03 1.065257e-02
229 7.383948e-04 5.016634e-03
230 2.472474e-04 2.787796e-03
231 4.079717e-04 1.437796e-02
232 8.245724e-05 2.623006e-03
233 8.346360e-05 5.361988e-03
234 2.560762e-04 6.739999e-03
235 6.701004e-04 7.622307e-03
236 1.214701e-03 2.362348e-02
237 8.574572e-05 3.364855e-03
238 2.462553e-04 4.524495e-03
239 7.966715e-05 5.815128e-03
240 1.329713e-04 1.218256e-02
241 4.002193e-04 9.519793e-03
242 2.381335e-04 5.937421e-03
243 9.474427e-06 2.333119e-03
244 1.410894e-04 8.872017e-03
245 4.161804e-04 1.312048e-02
246 6.620207e-04 3.756429e-03
247 2.390929e-04 3.255472e-03
248 3.089989e-03 4.569810e-02
249 6.860495e-04 8.795835e-03
250 9.044013e-03 4.624034e-02
251 2.906867e-05 2.489545e-03
252 2.826126e-03 2.832143e-02
253 1.992560e-03 1.530857e-02
254 2.560762e-04 6.739999e-03
255 8.346360e-05 5.361988e-03
256 9.474427e-06 2.333119e-03
257 1.043092e-03 1.921961e-02
258 2.080808e-04 4.103735e-03
259 2.906867e-05 2.489545e-03
260 6.884228e-04 5.205055e-03
261 8.681244e-05 4.125917e-03
262 2.906867e-05 2.489545e-03
263 8.405448e-05 3.623935e-03
264 2.210539e-04 2.933683e-03
265 3.089270e-03 1.755511e-02
266 2.295896e-04 4.746222e-03
267 2.560762e-04 6.739999e-03
268 7.973769e-05 3.096117e-03
269 6.671979e-04 6.233995e-03
270 8.379985e-05 2.959289e-03
271 1.055484e-03 1.736989e-02
272 7.666176e-05 3.888390e-03
273 7.052677e-04 5.624160e-03
274 2.234791e-04 7.175686e-03
275 2.829501e-05 3.658758e-03
276 7.966715e-05 5.815128e-03
277 6.801218e-04 1.132872e-02
278 6.620203e-04 1.959360e-02
279 7.408504e-05 5.141219e-03
280 1.858765e-03 1.086506e-02
281 6.491977e-04 6.569937e-03
282 6.137894e-04 7.570265e-03
283 5.315133e-03 3.752210e-02
284 6.701004e-04 7.622307e-03
285 2.502650e-04 5.528790e-03
286 8.379985e-05 2.959289e-03
287 8.026264e-05 3.788667e-03
288 1.410894e-04 8.872017e-03
289 6.364828e-04 4.278524e-03
290 8.681244e-05 4.125917e-03
291 7.973769e-05 3.096117e-03
292 6.297828e-04 8.943300e-03
293 2.174615e-04 4.240363e-03
294 2.794732e-05 2.903436e-03
295 1.020008e-03 2.339328e-02
296 3.539878e-03 1.739059e-02
297 7.263952e-04 7.915708e-03
298 7.372167e-05 2.786351e-03
299 2.201669e-04 5.012317e-03
300 2.989159e-03 2.371553e-02
301 2.472474e-04 2.787796e-03
302 2.352074e-04 5.154100e-03
303 1.218392e-03 3.325770e-02
304 2.739609e-05 3.171617e-03
305 1.783562e-03 1.438636e-02
306 9.474427e-06 2.333119e-03
307 3.456134e-03 3.885163e-02
308 8.716219e-05 2.547638e-03
309 6.845993e-04 1.219599e-02
310 6.782196e-04 3.914245e-03
311 2.185334e-04 8.622856e-03
312 1.093703e-03 1.759785e-02
313 1.155819e-03 2.560683e-02
314 8.681244e-05 4.125917e-03
315 2.234791e-04 7.175686e-03
316 9.758032e-03 6.265701e-02
317 3.200329e-03 2.878240e-02
318 1.190742e-03 2.749486e-02
319 6.301402e-04 5.901350e-03
320 1.751229e-03 1.192681e-02
321 8.058600e-05 2.430329e-03
322 2.174615e-04 4.240363e-03
323 6.749006e-04 1.391588e-02
324 1.786465e-03 1.183479e-02
325 2.687550e-05 2.376618e-03
326 2.423142e-04 4.982239e-03
327 2.906867e-05 2.489545e-03
328 7.372167e-05 2.786351e-03
329 3.445664e-03 2.697034e-02
330 7.196087e-05 2.655474e-03
331 3.278638e-03 3.091348e-02
332 7.263952e-04 7.915708e-03
333 2.174615e-04 4.240363e-03
334 4.161804e-04 1.312048e-02
335 1.973944e-04 3.551275e-03
336 8.681244e-05 4.125917e-03
337 2.794732e-05 2.903436e-03
338 6.671979e-04 6.233995e-03
339 2.261868e-04 3.462212e-03
340 6.526415e-04 2.120869e-02
341 2.190712e-04 7.940823e-03
342 2.243794e-04 3.660291e-03
343 2.396072e-04 7.868995e-03
344 2.220281e-03 1.655238e-02
345 3.608447e-03 2.906776e-02
346 3.278638e-03 3.091348e-02
347 2.794732e-05 2.903436e-03
348 1.072920e-03 1.102771e-02
349 7.973769e-05 3.096117e-03
350 8.574572e-05 3.364855e-03
351 3.164861e-03 1.947927e-02
352 1.786465e-03 1.183479e-02
353 2.906867e-05 2.489545e-03
354 7.526979e-04 8.015403e-03
355 7.678427e-04 7.251765e-03
356 7.149366e-04 4.486354e-03
357 1.814369e-03 9.734979e-03
358 8.379985e-05 2.959289e-03
359 7.483074e-05 3.510743e-03
360 1.075929e-03 3.401042e-02
361 1.900831e-03 9.468635e-03
362 1.035353e-03 3.341591e-02
363 3.052020e-03 3.895027e-02
364 7.420344e-04 9.794521e-03
365 1.068615e-03 2.111669e-02
366 3.767190e-04 1.938708e-02
367 7.372167e-05 2.786351e-03
368 2.261868e-04 3.462212e-03
369 2.462553e-04 4.524495e-03
370 6.754982e-04 7.030751e-03
371 1.218392e-03 3.325770e-02
372 5.496412e-03 2.296264e-02
373 2.700797e-05 4.189371e-03
374 7.666176e-05 3.888390e-03
375 2.906867e-05 2.489545e-03
376 7.372167e-05 2.786351e-03
377 2.000588e-03 7.567385e-03
378 2.174615e-04 4.240363e-03
379 1.097834e-03 1.359301e-02
380 1.883179e-03 1.319733e-02
381 7.281364e-04 4.591238e-03
382 2.906867e-05 2.489545e-03
383 2.367559e-04 5.745190e-03
384 8.574572e-05 3.364855e-03
385 3.847806e-04 1.150369e-02
386 2.598911e-05 2.667028e-03
387 7.371949e-04 5.367557e-03
388 2.939520e-03 2.280878e-02
389 3.870195e-04 1.181611e-02
390 1.195239e-03 1.874897e-02
391 1.808689e-03 1.270122e-02
392 9.710171e-03 3.351812e-02
393 7.372167e-05 2.786351e-03
394 6.782196e-04 3.914245e-03
395 2.536838e-05 2.539002e-03
396 4.002193e-04 9.519793e-03
397 6.671979e-04 6.233995e-03
398 8.346360e-05 5.361988e-03
399 2.305682e-04 5.377889e-03
400 1.195239e-03 1.874897e-02
401 2.906867e-05 2.489545e-03
402 2.289474e-04 8.303515e-03
403 3.238351e-03 2.704630e-02
404 2.087817e-04 3.229570e-03
405 8.574572e-05 3.364855e-03
406 4.002193e-04 9.519793e-03
407 7.263952e-04 7.915708e-03
408 2.106254e-03 1.348733e-02
409 1.833058e-03 1.929929e-02
410 2.201669e-04 5.012317e-03
411 2.174615e-04 4.240363e-03
412 8.065826e-05 7.968262e-03
413 6.260304e-04 3.646819e-03
414 3.578198e-04 1.031261e-02
415 2.906867e-05 2.489545e-03
416 2.025476e-03 8.380729e-03
417 7.973769e-05 3.096117e-03
418 6.401864e-04 4.807377e-03
419 2.201669e-04 5.012317e-03
420 3.593968e-03 6.994570e-02
421 2.502650e-04 5.528790e-03
422 7.033182e-04 7.293326e-03
423 2.906867e-05 2.489545e-03
424 2.135027e-04 4.380694e-03
425 3.288934e-03 2.898067e-02
426 8.574572e-05 3.364855e-03
427 2.023684e-03 1.526467e-02
428 3.288934e-03 2.898067e-02
429 1.961128e-03 7.743574e-03
430 8.681244e-05 4.125917e-03
431 9.474427e-06 2.333119e-03
432 2.367559e-04 5.745190e-03
433 2.906867e-05 2.489545e-03
434 7.973769e-05 3.096117e-03
435 1.068615e-03 2.111669e-02
436 2.598911e-05 2.667028e-03
437 3.922339e-04 2.018683e-02
438 7.483074e-05 3.510743e-03
439 2.906867e-05 2.489545e-03
440 8.379985e-05 2.959289e-03
441 2.289474e-04 8.303515e-03
442 8.574572e-05 3.364855e-03
443 2.906867e-05 2.489545e-03
444 6.754982e-04 7.030751e-03
445 2.484661e-04 4.800884e-03
446 1.738918e-03 1.609316e-02
447 2.906867e-05 2.489545e-03
448 2.829501e-05 3.658758e-03
449 8.081202e-05 4.820737e-03
450 2.560762e-04 6.739999e-03
451 2.536838e-05 2.539002e-03
452 1.072920e-03 1.102771e-02
453 5.822671e-04 6.496710e-03
454 2.479409e-04 6.154969e-03
455 7.140416e-04 6.413329e-03
456 1.261423e-04 9.733462e-03
457 1.141616e-03 2.180486e-02
458 3.238351e-03 2.704630e-02
459 1.097834e-03 1.359301e-02
460 2.560762e-04 6.739999e-03
461 8.681244e-05 4.125917e-03
462 7.966715e-05 5.815128e-03
463 1.938803e-03 1.631185e-02
464 2.906867e-05 2.489545e-03
465 8.681244e-05 4.125917e-03
466 8.379985e-05 2.959289e-03
467 6.276117e-04 1.182674e-02
468 7.372167e-05 2.786351e-03
469 6.405672e-04 4.822062e-03
470 3.238351e-03 2.704630e-02
471 2.261868e-04 3.462212e-03
472 7.973769e-05 3.096117e-03
473 2.381335e-04 5.937421e-03
474 8.681244e-05 4.125917e-03
475 2.174615e-04 4.240363e-03
476 8.574572e-05 3.364855e-03
477 9.580852e-04 1.402530e-02
478 2.794732e-05 2.903436e-03
479 9.474427e-06 2.333119e-03
480 2.234791e-04 7.175686e-03
481 2.185334e-04 8.622856e-03
482 2.906867e-05 2.489545e-03
483 2.687550e-05 2.376618e-03
484 2.906867e-05 2.489545e-03
485 2.687550e-05 2.376618e-03
486 1.373343e-04 1.454698e-02
487 2.201669e-04 5.012317e-03
488 9.474427e-06 2.333119e-03
489 1.195239e-03 1.874897e-02
490 3.152162e-03 4.219298e-02
491 3.895675e-04 1.517751e-02
492 2.840900e-05 2.352053e-03
493 2.906867e-05 2.489545e-03
494 5.716947e-03 1.845404e-02
495 3.767190e-04 1.938708e-02
496 9.474427e-06 2.333119e-03
497 2.023684e-03 1.526467e-02
498 8.379985e-05 2.959289e-03
499 7.666176e-05 3.888390e-03
500 8.484236e-05 3.715305e-03
501 7.099107e-04 6.218345e-03
502 3.578198e-04 1.031261e-02
503 2.906867e-05 2.489545e-03
504 7.120678e-04 8.666249e-03
505 2.829501e-05 3.658758e-03
506 1.356468e-04 1.088091e-02
507 7.927640e-05 3.031749e-03
508 2.829501e-05 3.658758e-03
509 1.858765e-03 1.086506e-02
510 2.388814e-04 5.974343e-03
511 6.400005e-04 7.539547e-03
512 9.474427e-06 2.333119e-03
513 2.906867e-05 2.489545e-03
514 2.829501e-05 3.658758e-03
515 6.749006e-04 1.391588e-02
516 2.261868e-04 3.462212e-03
517 2.906867e-05 2.489545e-03
518 2.352074e-04 5.154100e-03
519 8.716219e-05 2.547638e-03
520 8.346360e-05 5.361988e-03
521 8.181737e-05 6.162899e-03
522 8.405448e-05 3.623935e-03
523 1.947342e-03 1.065257e-02
524 2.739609e-05 3.171617e-03
525 7.335478e-05 3.766945e-03
526 2.298697e-04 4.041598e-03
527 8.245724e-05 2.623006e-03
528 8.058600e-05 2.430329e-03
529 8.681244e-05 4.125917e-03
530 8.681244e-05 4.125917e-03
531 9.474427e-06 2.333119e-03
532 2.243794e-04 3.660291e-03
533 8.346360e-05 5.361988e-03
534 2.973456e-03 4.878372e-02
535 7.383948e-04 5.016634e-03
536 1.097834e-03 1.359301e-02
537 3.847806e-04 1.150369e-02
538 2.973456e-03 4.878372e-02
539 2.261868e-04 3.462212e-03
540 1.410894e-04 8.872017e-03
541 3.922339e-04 2.018683e-02
542 2.462553e-04 4.524495e-03
543 7.783321e-05 2.957842e-03
544 8.081202e-05 4.820737e-03
545 6.864969e-04 8.761065e-03
546 6.494404e-04 9.354668e-03
547 3.204234e-03 2.325231e-02
548 1.792492e-03 2.230064e-02
549 6.864969e-04 8.761065e-03
550 8.346360e-05 5.361988e-03
551 8.681244e-05 4.125917e-03
552 8.716219e-05 2.547638e-03
553 2.829501e-05 3.658758e-03
554 8.346360e-05 5.361988e-03
555 7.099107e-04 6.218345e-03
556 2.462553e-04 4.524495e-03
557 3.278638e-03 3.091348e-02
558 1.329713e-04 1.218256e-02
559 1.068615e-03 2.111669e-02
560 2.906867e-05 2.489545e-03
561 3.578198e-04 1.031261e-02
562 2.906867e-05 2.489545e-03
563 1.057171e-02 4.225479e-02
564 7.140416e-04 6.413329e-03
565 2.603065e-04 4.299411e-03
566 9.474427e-06 2.333119e-03
567 6.276117e-04 1.182674e-02
568 1.155819e-03 2.560683e-02
569 3.677213e-04 1.753131e-02
570 7.966715e-05 5.815128e-03
571 1.057171e-02 4.225479e-02
572 2.201669e-04 5.012317e-03
573 6.885829e-04 1.275184e-02
574 1.231295e-04 9.112066e-03
575 8.574572e-05 3.364855e-03
576 2.432294e-04 3.758535e-03
577 1.195239e-03 1.874897e-02
578 3.525674e-03 3.520876e-02
579 2.571079e-04 3.536218e-03
580 3.278638e-03 3.091348e-02
581 1.877911e-03 2.263310e-02
582 1.937651e-03 1.762383e-02
583 3.525674e-03 3.520876e-02
584 2.023684e-03 1.526467e-02
585 8.346360e-05 5.361988e-03
586 1.929258e-03 1.445133e-02
587 1.304445e-04 8.323911e-03
588 1.838139e-03 1.450375e-02
589 4.161804e-04 1.312048e-02
590 6.864969e-04 8.761065e-03
591 2.571079e-04 3.536218e-03
592 3.847806e-04 1.150369e-02
593 2.261868e-04 3.462212e-03
594 2.367559e-04 5.745190e-03
595 2.070675e-03 2.010320e-02
596 1.410894e-04 8.872017e-03
597 2.906867e-05 2.489545e-03
598 1.231295e-04 9.112066e-03
599 4.598563e-05 8.112780e-03
600 3.578198e-04 1.031261e-02
601 8.681244e-05 4.125917e-03
