1 1.504054e-03 1.555977e-01
2 1.290489e-06 5.647191e-02
3 1.901822e-04 1.484183e-01
4 2.196338e-06 8.638411e-03
5 4.434925e-09 2.620845e-03
6 4.380157e-03 1.651589e+00
7 1.247100e-02 2.466367e+00
8 3.090957e-04 2.740712e-01
9 1.291973e-08 3.477758e-02
10 3.471581e-04 2.112789e-01
11 2.678981e-11 4.792369e-03
12 1.795341e-04 1.592625e-02
13 1.641520e-03 6.376111e-01
14 1.164497e-08 1.226361e-02
15 6.112551e-04 3.815303e-01
16 1.850096e-03 4.666325e-01
17 6.760333e-10 6.384367e-03
18 9.118021e-04 2.100356e-01
19 2.509973e-04 2.754418e-01
20 2.889480e-12 3.055920e-03
21 1.443149e-02 1.650688e+00
22 2.170646e-03 8.819249e-02
23 1.061092e-06 4.847491e-03
24 1.157011e-03 1.893139e-01
25 2.661728e-05 1.700876e-02
26 3.626877e-03 1.511481e-01
27 2.076019e-04 1.784422e-02
28 8.246164e-11 4.315922e-03
29 2.250880e-03 1.177385e+00
30 1.249294e-02 1.937365e+00
31 2.838932e-04 8.057344e-02
32 6.153568e-05 4.822872e-01
33 2.275841e-09 2.850687e-03
34 3.314347e-11 4.800500e-03
35 1.158044e-03 7.737919e-02
36 6.709985e-03 1.152801e+00
37 1.549029e-09 3.822112e-03
38 1.901724e-06 5.251891e-02
39 5.043941e-11 2.540393e-03
40 2.260579e-10 4.967556e-03
41 4.526161e-05 1.744088e-01
42 8.826735e-08 9.861774e-02
43 1.592972e-06 4.892202e-02
44 7.774203e-08 8.003573e-03
45 1.310241e-03 3.738937e-01
46 1.029235e-05 9.399558e-03
47 7.345353e-03 5.458531e-01
48 1.052792e-10 2.121761e-02
49 7.872126e-06 6.572310e-03
50 4.970509e-03 1.540888e+00
51 5.231903e-04 4.418264e-01
52 3.230536e-04 6.063585e-02
53 1.847394e-07 2.825068e-03
54 1.045172e-08 3.166873e-03
55 2.111769e-05 2.438124e-02
56 6.208285e-03 5.134947e-01
57 1.367230e-06 6.557451e-02
58 1.993189e-03 1.991619e-01
59 8.269401e-04 3.692906e-01
60 1.372881e-06 5.235780e-02
61 6.894105e-03 9.425681e-01
62 2.448232e-03 7.230904e-01
63 7.138353e-10 3.773093e-03
64 4.396943e-06 4.548762e-02
65 2.258640e-04 1.979104e-01
66 4.390053e-12 2.676713e-03
67 1.205389e-07 3.924440e-02
68 6.290434e-08 6.699726e-03
69 7.019648e-09 8.552144e-03
70 4.423598e-10 1.156332e-02
71 6.885509e-03 4.521399e-01
72 4.628709e-07 4.776943e-03
73 7.435869e-10 4.359204e-03
74 1.961541e-04 1.306213e-01
75 1.858404e-09 3.042042e-03
76 1.327248e-05 1.178217e-02
77 2.569390e-11 5.688701e-03
78 1.530679e-02 1.135667e+00
79 4.632973e-03 1.133618e+00
80 2.639256e-08 6.044659e-02
81 1.690801e-11 4.248598e-03
82 1.540296e-07 4.125747e-03
83 1.107877e-07 4.350650e-03
84 4.788460e-07 7.277862e-03
85 1.478259e-03 2.434549e-01
86 2.266147e-04 4.150659e-02
87 1.515519e-10 3.814868e-03
88 1.379032e-09 7.631876e-03
89 1.331056e-05 3.275827e-01
90 2.637060e-04 1.049212e-01
91 3.671961e-05 4.608413e-03
92 9.796246e-03 1.228810e+00
93 4.351639e-06 5.906323e-03
94 2.675246e-08 6.106463e-03
95 1.486045e-04 1.016013e-01
96 7.397950e-09 4.638458e-03
97 3.153809e-07 1.444623e-02
98 4.124852e-07 5.217928e-03
99 4.349754e-07 3.896140e-03
100 7.280597e-03 2.724375e+00
101 5.214917e-09 9.948077e-03
102 1.380181e-09 7.142475e-03
103 1.491117e-03 3.695369e-01
104 4.290501e-04 1.958706e-01
105 3.329507e-05 7.921180e-02
106 1.023118e-04 1.709210e-02
107 3.676559e-09 4.152684e-03
108 5.864522e-08 4.796194e-03
109 1.716183e-09 1.117888e-02
110 3.969225e-05 7.641508e-02
111 3.321761e-10 9.035325e-03
112 2.869040e-05 8.114153e-03
113 8.465304e-04 1.534637e-01
114 3.397582e-03 4.164613e-01
115 1.365434e-02 1.244052e+00
116 4.762375e-03 5.467221e-01
117 2.453286e-04 1.888831e-01
118 4.952312e-03 1.881371e+00
119 3.685577e-07 3.167436e-02
120 6.910167e-06 6.525738e-02
121 1.108641e-04 2.239081e-01
122 1.370319e-04 1.292215e-01
123 6.217093e-09 6.350956e-03
124 7.053087e-04 6.607830e-02
125 4.236619e-08 1.004961e-02
126 7.101251e-07 1.035842e-01
127 5.870937e-08 9.098094e-03
128 2.269756e-05 5.139866e-02
129 3.921548e-06 3.285354e-02
130 1.031718e-08 7.325906e-03
131 1.575736e-07 8.151673e-03
132 1.764214e-05 2.480804e-02
133 2.241992e-06 2.471953e-02
134 2.771984e-05 9.866769e-02
135 2.457906e-08 8.447385e-03
136 1.454451e-05 2.062782e-02
137 3.093607e-08 1.480756e-02
138 1.070108e-08 1.127355e-02
139 4.241452e-09 1.193011e-02
140 4.790634e-10 5.667103e-03
141 1.077329e-08 1.120173e-02
142 1.468015e-07 1.050643e-02
143 7.350525e-07 7.497829e-03
144 2.606050e-08 1.444852e-02
145 2.579799e-08 8.295299e-03
146 8.674581e-10 6.847176e-03
147 2.838452e-08 1.734168e-02
148 5.991380e-08 1.100754e-02
149 6.347710e-08 1.202205e-02
150 1.742105e-09 6.165423e-03
151 5.031353e-09 1.434621e-02
152 2.481804e-08 6.323679e-03
153 6.295257e-06 1.478205e-02
154 1.930076e-09 1.323553e-02
155 1.910791e-09 1.252745e-02
156 7.238281e-06 5.782022e-02
157 1.016859e-08 8.672707e-03
158 4.433440e-05 2.622385e-02
159 6.164871e-06 4.137423e-02
160 8.331854e-06 4.110976e-02
161 5.163910e-06 2.159166e-02
162 1.723763e-04 2.430020e-02
163 5.347063e-06 2.397837e-02
164 1.531545e-06 1.051222e-02
165 3.891902e-06 5.618106e-03
166 1.492885e-06 9.438451e-03
167 7.994861e-04 3.652356e-02
168 4.366575e-06 1.321861e-02
169 3.197572e-04 2.385361e-02
170 2.615631e-06 3.290555e-02
171 1.107601e-05 2.254369e-02
172 1.033369e-06 7.873309e-03
173 4.516761e-05 2.627647e-02
174 2.006349e-03 3.203396e-01
175 1.016653e-05 1.837096e-02
176 4.176591e-05 3.320421e-02
177 1.127979e-04 2.397957e-02
178 6.625739e-06 2.623847e-02
179 5.559420e-05 3.286482e-02
180 1.109044e-05 3.336208e-02
181 4.520371e-07 1.015855e-02
182 6.420128e-06 3.083413e-02
183 1.706769e-05 2.770187e-02
184 6.443259e-05 4.993773e-02
185 1.673997e-03 5.706502e-02
186 3.168352e-04 4.588842e-02
187 1.464334e-04 1.777552e-02
188 1.090588e-06 1.180407e-02
189 6.210341e-05 4.456640e-02
190 3.568912e-06 1.747083e-02
191 6.490348e-05 5.933280e-02
192 5.010745e-07 1.387882e-02
193 2.523276e-05 4.210488e-02
194 3.899377e-06 1.377610e-02
195 6.139718e-06 2.477018e-02
196 1.222592e-05 4.512645e-02
197 7.381432e-05 4.248675e-02
198 2.652261e-05 3.449398e-02
199 9.308079e-08 1.980524e-02
200 8.495395e-10 5.390147e-03
201 1.463801e-07 1.262875e-02
202 1.603120e-06 2.310042e-02
203 6.355398e-07 5.959606e-03
204 1.347838e-06 1.893248e-02
205 1.907131e-06 2.678631e-02
206 7.434816e-09 1.185197e-02
207 4.492808e-06 9.608541e-03
208 1.381604e-09 2.564688e-02
209 7.580240e-07 1.315075e-02
210 3.024345e-07 1.980390e-02
211 8.149182e-08 1.554318e-02
212 3.883246e-03 1.106249e-01
213 3.449576e-05 5.483020e-02
214 1.141901e-08 3.770837e-03
215 1.495176e-04 3.176493e-02
216 1.379761e-07 6.536895e-02
217 6.057577e-07 1.621259e-02
218 1.518880e-04 4.403564e-02
219 3.881574e-05 1.746124e-02
220 1.551894e-09 1.511459e-02
221 4.741589e-06 4.571208e-02
222 9.507727e-08 3.027151e-02
223 3.806782e-04 4.944704e-01
224 3.254308e-04 5.873074e-02
225 4.917737e-05 1.306428e-02
226 1.831712e-07 3.553807e-03
227 2.848746e-06 7.561549e-03
228 4.481563e-05 1.998170e-02
229 2.052032e-05 2.005283e-02
230 1.034073e-04 2.807970e-02
231 6.496195e-05 2.587814e-02
232 1.621015e-04 3.132255e-02
233 7.355089e-06 8.253745e-03
234 1.316314e-05 5.629199e-03
235 3.592301e-05 1.164326e-02
236 2.565382e-08 5.317668e-03
237 2.324897e-04 2.875543e-02
238 2.883944e-05 1.171205e-02
239 2.226521e-06 8.343767e-03
240 1.389880e-07 7.085940e-03
241 3.212903e-05 6.595592e-03
242 2.018813e-04 3.576761e-02
243 1.788983e-06 5.418858e-03
244 3.010879e-08 7.788129e-03
245 9.383554e-05 1.238242e-02
246 2.324897e-04 2.875543e-02
247 3.088157e-05 7.861148e-03
248 3.913904e-05 1.152790e-02
249 1.943729e-04 4.027677e-02
250 2.740706e-04 1.699290e-02
251 1.254318e-05 8.469892e-03
252 2.293361e-04 1.700706e-02
253 1.354321e-05 6.904479e-03
254 1.885740e-04 4.357231e-02
255 3.083021e-05 1.448081e-02
256 1.037785e-07 4.761637e-03
257 3.225738e-05 1.115498e-02
258 2.147041e-03 1.056750e-01
259 1.473002e-04 3.810003e-02
260 1.300056e-04 5.276430e-02
261 1.801744e-04 9.047291e-02
262 5.790537e-07 1.497368e-02
263 1.656103e-05 3.578717e-02
264 4.122923e-05 1.362106e-01
265 1.407593e-04 7.705108e-02
266 2.275096e-03 2.838469e-01
267 1.306205e-04 1.500360e-02
268 4.487738e-07 7.316337e-03
269 9.174872e-06 1.809586e-02
270 1.178361e-06 1.393342e-02
271 6.765046e-08 5.961160e-03
272 4.157092e-07 1.142261e-02
273 2.949795e-06 1.684664e-02
274 2.820047e-05 1.277414e-02
275 7.968501e-06 3.253480e-02
276 5.984652e-05 7.089124e-02
277 3.000305e-06 3.148845e-02
278 1.509684e-04 4.525929e-02
279 3.550746e-06 2.466658e-02
280 6.656796e-06 1.469714e-02
281 1.134145e-06 1.221664e-02
282 1.273677e-06 8.022244e-03
283 2.913719e-07 6.112088e-03
284 1.441166e-04 5.646890e-02
285 8.343944e-04 4.499874e-01
286 1.982188e-03 4.540254e-01
287 7.378155e-06 8.255090e-02
288 1.070250e-06 1.204059e-02
289 5.143805e-05 6.906881e-02
290 1.504806e-04 1.940579e-01
291 5.336989e-05 9.017542e-02
292 4.718310e-05 4.360136e-02
293 5.165043e-03 1.079279e+00
294 2.627482e-06 1.407809e-02
295 2.509489e-03 7.437320e-01
296 7.564688e-05 2.569889e-01
297 9.385598e-03 1.231405e+00
298 2.811792e-03 6.563915e-01
299 1.223896e-04 3.437872e-01
300 7.715304e-08 1.637597e-02
301 4.138296e-03 2.297519e-01
302 4.216084e-07 4.501911e-02
303 1.277206e-04 2.614768e-02
304 1.104178e-05 4.307607e-02
305 3.021388e-04 5.972370e-02
306 2.459193e-07 4.085161e-03
307 3.438085e-05 8.846904e-03
308 1.015599e-06 3.712958e-02
309 5.916696e-03 3.276223e-01
310 1.270398e-09 7.458876e-03
311 3.138465e-07 1.346631e-02
312 9.663700e-06 3.682566e-02
313 6.745755e-08 6.074050e-03
314 1.916391e-06 8.871431e-03
315 2.027412e-10 7.108205e-03
316 2.188423e-03 1.665778e-01
317 3.553798e-11 4.955160e-03
318 1.503752e-09 5.489171e-03
319 5.199496e-05 8.658896e-02
320 6.180546e-10 4.106602e-03
321 1.901116e-10 1.290921e-02
322 4.768387e-04 1.157583e-01
323 1.049040e-03 5.129948e-01
324 5.594746e-05 1.067028e-02
325 8.503188e-07 1.004262e-02
326 6.522615e-06 2.032991e-02
327 3.029146e-07 4.788340e-02
328 1.265273e-03 1.460631e-01
329 6.454941e-04 3.548990e-01
330 2.048736e-03 3.674058e-01
331 3.318276e-03 3.159224e-01
332 1.103254e-03 8.805007e-01
333 2.351309e-04 3.238536e-01
334 1.317147e-05 8.900223e-02
335 5.502539e-05 2.465898e-02
336 3.939977e-03 1.011689e+00
337 2.140173e-03 5.464911e-01
338 2.134753e-06 1.702655e-02
339 4.187812e-04 6.008285e-02
340 2.038843e-09 5.485518e-03
341 2.828363e-09 4.299569e-03
342 4.133677e-08 8.897003e-03
343 3.028241e-07 1.525512e-02
344 1.426150e-06 1.087565e-02
345 7.626998e-09 3.222187e-03
346 1.516359e-06 6.994029e-03
347 2.097157e-06 1.011542e-02
348 7.266350e-07 8.820410e-03
349 1.215350e-05 1.492183e-02
350 1.024861e-07 4.567915e-03
351 1.745490e-05 6.810967e-03
352 5.860792e-09 3.027001e-03
353 1.138879e-07 4.970764e-03
354 2.565208e-07 3.894781e-03
355 1.232222e-04 4.900714e-02
356 6.080748e-09 2.709815e-03
357 9.573534e-05 1.160437e-02
358 2.903406e-03 2.051343e-01
359 1.260695e-06 5.739714e-03
360 2.891478e-06 5.726848e-03
361 3.103195e-06 6.762041e-03
362 2.275537e-06 1.599079e-02
363 1.338839e-05 4.126520e-03
364 5.860792e-09 3.027001e-03
365 5.280418e-05 1.824828e-02
366 1.121712e-04 3.466111e-02
367 4.327079e-06 1.292647e-02
368 1.215350e-05 1.492183e-02
369 2.603060e-05 3.133422e-02
370 9.718711e-05 1.232516e-02
371 4.297080e-05 1.049653e-02
372 9.438158e-03 1.010829e+00
373 2.269760e-03 1.123630e-01
374 5.823794e-03 1.156684e+00
375 2.512919e-04 4.627181e-02
376 1.345852e-02 5.072218e-01
377 2.727588e-05 5.697443e-02
378 4.353814e-04 1.684560e-01
379 2.319390e-09 3.501186e-03
380 1.626808e-06 1.122696e-02
381 1.814771e-05 9.265063e-03
382 3.244738e-03 3.758153e-01
383 1.171607e-04 1.794322e-02
384 1.901398e-05 1.185464e-02
385 5.042464e-07 1.731983e-02
386 1.131687e-04 1.361231e-01
387 3.670382e-05 1.562018e-02
388 4.998646e-03 3.869553e-01
389 5.554986e-03 8.976087e-01
390 1.665150e-03 1.803396e-01
391 1.162578e-03 1.908366e-01
392 2.582095e-02 9.189511e-01
393 1.160854e-02 9.746203e-01
394 7.535537e-07 4.076589e-02
395 1.079337e-05 5.073824e-02
396 3.185637e-07 1.310633e-02
397 1.641526e-06 8.355722e-03
398 1.165640e-04 1.389871e-01
399 6.694357e-07 1.287354e-02
400 3.176189e-05 3.069290e-02
401 2.639813e-07 9.271796e-03
402 2.618554e-05 1.268208e-02
403 6.881923e-07 1.104914e-02
404 5.705565e-07 8.922751e-03
405 6.293185e-05 3.488709e-02
406 1.521949e-04 4.243377e-02
407 7.013268e-07 9.290756e-03
408 4.778116e-04 7.790938e-02
409 1.346251e-02 1.279478e+00
410 2.415852e-07 6.938425e-03
411 1.043385e-05 1.276481e-02
412 1.933577e-05 1.801263e-02
413 1.813303e-04 1.321128e-02
414 3.820564e-06 1.635337e-02
415 6.693951e-05 3.746390e-02
416 7.032107e-07 7.049285e-03
417 4.461264e-08 6.535021e-03
418 2.929582e-03 2.818233e-01
419 9.846345e-04 1.685490e-01
420 2.987502e-04 1.813613e-02
421 1.753522e-04 1.636515e-02
422 1.725261e-04 2.700812e-02
423 2.652237e-07 6.090077e-03
424 4.098615e-04 5.088225e-02
425 1.682044e-04 7.993517e-02
426 1.027734e-03 3.541058e-02
427 3.655981e-04 5.792704e-02
428 1.197602e-05 1.052943e-02
429 3.004177e-07 7.727045e-03
430 2.413158e-05 2.649775e-02
431 3.959656e-06 1.062732e-02
432 1.002694e-07 6.084578e-03
433 3.953618e-04 7.173719e-02
434 2.581364e-05 1.653396e-02
435 2.502075e-07 5.850285e-03
436 1.286409e-03 1.552918e-01
437 6.193645e-05 1.362060e-02
438 1.931677e-06 8.963495e-03
439 2.265925e-03 3.794114e-01
440 2.568963e-05 2.147816e-02
441 5.732733e-05 9.680028e-02
442 4.734504e-03 1.337544e+00
443 2.050820e-03 7.083034e-01
444 1.168315e-02 1.293110e+00
445 1.059433e-03 3.257426e-01
446 6.450026e-10 2.677568e-03
447 2.822574e-07 4.190071e-03
448 2.977640e-09 4.037312e-03
449 1.309656e-08 4.521869e-03
450 6.362336e-10 3.048979e-03
451 9.883402e-06 1.195669e-02
452 1.696094e-03 2.311906e-01
453 8.619322e-10 4.228808e-03
454 2.352977e-06 1.202469e-02
455 5.353528e-10 6.460879e-03
456 3.195540e-09 3.616541e-03
457 3.580356e-09 2.951623e-03
458 1.075129e-07 4.186645e-03
459 6.438067e-03 6.922200e-01
460 2.659543e-05 7.265106e-02
461 1.923117e-06 3.616909e-02
462 1.028118e-05 1.482257e-02
463 1.207366e-07 4.493119e-03
464 1.615481e-08 4.280162e-03
465 9.604508e-09 7.675332e-03
466 1.146471e-07 4.322495e-03
467 5.919158e-06 8.915048e-03
468 3.834287e-06 6.300320e-03
469 4.713477e-06 5.492908e-03
470 1.601466e-07 3.354867e-03
471 3.252395e-09 4.490427e-03
472 1.499555e-08 3.597737e-03
473 2.599842e-09 4.014828e-03
474 2.422590e-09 3.582461e-03
475 2.971231e-05 3.352342e-02
476 1.933715e-05 1.737922e-02
477 1.097484e-06 1.077094e-02
478 4.141411e-03 2.178738e-01
479 6.281679e-08 9.075635e-03
480 5.421456e-05 3.372819e-02
481 2.079738e-06 3.494795e-02
482 8.107806e-07 2.358633e-02
483 2.245097e-06 1.683687e-02
484 1.167835e-09 4.134808e-03
485 2.847036e-08 6.564990e-03
486 4.579220e-06 1.794291e-02
487 2.498119e-07 1.183768e-02
488 8.320685e-08 7.372158e-03
489 6.585473e-03 7.512333e-01
490 1.521189e-08 9.437938e-03
491 2.046257e-07 9.501085e-03
492 3.731386e-07 6.112891e-03
493 1.020725e-06 9.864066e-03
494 3.892564e-07 5.079967e-03
495 1.078972e-05 1.214266e-02
496 2.666104e-09 4.195747e-03
497 1.061831e-05 1.475886e-02
498 5.748137e-07 4.629039e-03
499 2.987361e-08 6.055456e-03
500 1.126586e-08 4.502178e-03
501 6.639125e-04 5.180898e-01
502 5.036383e-07 8.913511e-03
503 5.087829e-07 1.732419e-02
504 2.239752e-07 2.065848e-02
505 2.340075e-07 9.423790e-03
506 1.532065e-03 3.695976e-01
507 1.146851e-06 9.279308e-03
508 1.042528e-07 4.504238e-03
509 3.909564e-06 4.675596e-02
510 4.083754e-08 4.454765e-03
511 4.700065e-05 7.582396e-02
512 2.708937e-06 2.518392e-02
513 1.667365e-05 9.513766e-02
514 2.816362e-03 8.292337e-01
515 6.563867e-05 4.509999e-02
516 8.470385e-06 3.139354e-02
517 1.368729e-04 7.344122e-02
518 1.998180e-05 3.442416e-02
519 2.009461e-05 1.854366e-02
520 1.518908e-06 2.460985e-02
521 2.921948e-05 2.761174e-02
522 1.184982e-05 2.572679e-02
523 4.323680e-06 1.940827e-02
524 6.089137e-05 3.322216e-02
525 3.792232e-04 4.738494e-02
526 3.348462e-04 4.274356e-02
527 9.125405e-05 5.843442e-02
528 5.781721e-05 3.525597e-02
529 3.454516e-04 6.405608e-02
530 2.402795e-05 5.871588e-02
531 4.557901e-04 8.436149e-02
532 1.585301e-04 3.701059e-02
533 2.078741e-04 5.701433e-02
534 2.184442e-04 5.805272e-02
535 3.651739e-06 2.700786e-02
536 1.309020e-03 6.831871e-02
537 1.293319e-03 1.181758e-01
538 4.841034e-04 8.155968e-02
539 5.770458e-05 2.850002e-02
540 4.460030e-04 7.212287e-02
541 4.764368e-04 6.722280e-02
542 1.570123e-04 2.902219e-02
543 8.657499e-04 8.088932e-02
544 1.989649e-05 3.204767e-02
545 2.842128e-06 1.342267e-02
546 3.832683e-06 2.802865e-02
547 5.118860e-08 8.064692e-03
548 9.352585e-05 2.147424e-02
549 7.010159e-09 3.520855e-03
550 6.189187e-04 6.405103e-02
551 2.841455e-06 1.427221e-02
552 8.345013e-06 2.769477e-02
553 5.001657e-05 3.467464e-02
554 3.040512e-06 1.784126e-02
555 5.963871e-04 8.077015e-02
556 4.971534e-06 5.207471e-03
557 7.250337e-08 6.760596e-03
558 9.501736e-07 1.293262e-02
559 6.223035e-06 9.311225e-03
560 1.902009e-07 1.053244e-02
561 2.903687e-05 2.556603e-02
562 1.313909e-05 9.498457e-03
563 4.105819e-05 7.548475e-02
564 3.555231e-07 5.414557e-03
565 1.665624e-06 2.376986e-02
566 2.381895e-05 4.712673e-02
567 2.781715e-06 7.492738e-03
568 3.816718e-05 1.276027e-02
569 2.693649e-04 1.317662e-02
570 1.484299e-05 1.075893e-02
571 6.388379e-06 9.678269e-03
572 1.928080e-04 2.886117e-02
573 3.014235e-06 1.185331e-02
574 6.178115e-06 6.499859e-03
575 8.342258e-05 1.471750e-02
576 3.426837e-05 9.341713e-03
577 2.041982e-04 4.082639e-02
578 3.210391e-03 9.893146e-02
579 9.646531e-04 1.696028e-01
580 1.377795e-05 1.253395e-02
581 5.392267e-04 1.005574e-01
582 4.044497e-03 1.807755e-01
583 1.528295e-03 8.879005e-02
584 9.336194e-05 4.921775e-02
585 6.706224e-04 1.903727e-01
586 5.204699e-04 4.070464e-02
587 6.356005e-04 6.696031e-02
588 2.168509e-05 1.471093e-02
589 4.682141e-07 5.141788e-03
590 3.661118e-04 1.086437e-01
591 2.230696e-04 4.208326e-02
592 2.276052e-03 1.294731e-01
593 3.897374e-03 2.614557e-01
594 1.423213e-05 8.203095e-03
595 5.456035e-05 3.750802e-02
596 2.426531e-04 2.287479e-01
597 5.577214e-09 4.283681e-03
598 4.775738e-09 3.094168e-03
599 4.785535e-09 3.052924e-03
600 9.459948e-08 6.817272e-03
