1 6.140480e-04 1.302510e-01
2 2.592985e-06 5.632137e-02
3 3.702009e-03 6.293917e-02
4 4.441383e-06 7.798199e-03
5 2.079876e-08 2.620278e-03
6 3.067519e-03 1.299359e+00
7 1.189852e-02 1.910472e+00
8 9.652348e-05 2.649391e-01
9 2.269265e-07 3.477332e-02
10 4.370866e-04 2.004228e-01
11 3.828090e-10 4.792354e-03
12 3.781887e-05 1.181059e-02
13 2.613315e-03 5.191342e-01
14 5.769557e-07 1.225782e-02
15 1.384954e-03 2.852105e-01
16 5.198863e-03 3.761800e-01
17 2.506952e-08 6.384169e-03
18 4.169704e-04 1.401146e-01
19 1.563480e-03 2.123006e-01
20 3.199360e-10 3.055910e-03
21 7.568376e-03 1.311903e+00
22 6.913801e-04 3.683887e-02
23 5.573012e-06 4.653358e-03
24 1.293951e-03 7.632629e-02
25 3.324341e-05 1.472893e-02
26 1.350812e-03 3.558393e-02
27 3.028442e-05 1.087569e-02
28 1.750599e-10 4.315917e-03
29 4.467719e-03 5.378919e-01
30 4.783117e-03 1.621377e+00
31 5.849661e-05 7.688613e-02
32 2.550451e-03 4.148679e-01
33 8.488014e-08 2.846171e-03
34 1.593646e-10 4.800488e-03
35 3.681135e-04 5.576652e-02
36 2.691620e-03 8.470197e-01
37 2.054706e-08 3.821736e-03
38 2.244927e-06 5.241538e-02
39 6.112834e-09 2.540270e-03
40 5.922237e-09 4.967391e-03
41 3.239613e-04 1.646625e-01
42 3.095302e-06 9.856184e-02
43 1.692806e-06 4.886504e-02
44 8.289852e-08 8.000813e-03
45 1.093766e-03 6.203930e-02
46 1.969771e-06 9.096844e-03
47 4.202589e-04 4.483477e-01
48 4.946718e-09 2.121756e-02
49 6.502328e-06 6.209801e-03
50 6.611374e-03 1.130212e+00
51 2.913997e-04 4.202210e-01
52 3.727668e-05 5.175574e-02
53 1.544544e-06 2.774585e-03
54 4.153391e-08 3.165600e-03
55 2.339153e-05 2.267918e-02
56 3.793139e-03 2.729457e-01
57 2.805458e-06 6.550502e-02
58 2.568670e-04 6.589141e-02
59 1.760679e-03 2.958742e-01
60 2.821502e-06 5.212706e-02
61 3.686651e-03 6.576564e-01
62 6.632620e-03 5.075277e-01
63 4.333639e-09 3.772982e-03
64 1.715386e-04 4.126864e-02
65 5.166639e-04 1.897679e-01
66 2.783088e-11 2.676712e-03
67 2.998064e-08 3.923978e-02
68 1.616877e-07 6.692936e-03
69 8.544888e-08 8.548406e-03
70 1.559205e-08 1.156313e-02
71 3.590654e-04 2.258477e-01
72 2.805155e-06 4.691292e-03
73 8.810654e-08 4.358166e-03
74 1.719740e-04 1.203200e-01
75 9.743091e-09 3.041686e-03
76 9.278732e-07 1.153959e-02
77 2.467860e-11 5.688699e-03
78 5.735720e-03 6.691539e-01
79 6.076780e-03 6.584834e-01
80 7.992435e-07 6.042733e-02
81 1.014168e-10 4.248595e-03
82 1.306060e-07 4.102606e-03
83 7.962063e-07 4.335699e-03
84 2.837127e-06 7.151163e-03
85 3.503170e-04 1.753116e-01
86 6.640341e-06 3.463997e-02
87 8.478403e-10 3.814856e-03
88 1.047161e-09 7.631831e-03
89 7.045855e-04 3.106485e-01
90 1.146131e-04 8.499680e-02
91 1.028363e-06 4.031672e-03
92 1.518642e-03 9.392174e-01
93 6.709618e-07 5.756765e-03
94 4.457708e-08 6.104081e-03
95 1.823791e-04 7.425021e-02
96 3.040337e-09 4.638217e-03
97 2.143547e-06 1.434277e-02
98 3.778476e-07 5.201257e-03
99 2.710098e-07 3.874409e-03
100 2.510953e-02 2.045613e+00
101 1.507011e-06 9.931034e-03
102 1.086370e-08 7.142259e-03
103 4.440470e-03 2.790972e-01
104 1.672886e-03 1.177461e-01
105 1.778622e-03 6.679807e-02
106 1.665759e-04 1.269571e-02
107 1.101474e-06 4.145113e-03
108 2.135055e-07 4.793025e-03
109 8.311147e-08 1.117813e-02
110 6.153395e-05 7.484971e-02
111 8.566843e-08 9.035001e-03
112 9.892773e-05 4.905285e-03
113 5.526338e-04 1.180375e-01
114 2.113949e-03 2.485056e-01
115 1.698114e-02 9.088328e-01
116 7.286872e-03 4.305245e-01
117 7.658551e-04 1.729686e-01
118 7.351099e-03 1.296203e+00
119 2.888626e-06 3.159758e-02
120 7.621311e-06 6.478781e-02
121 3.677015e-04 2.133903e-01
122 9.316726e-04 9.783101e-02
123 1.902346e-08 6.350067e-03
124 1.450030e-04 2.079022e-02
125 3.228809e-07 1.002750e-02
126 1.338934e-05 1.032239e-01
127 1.730557e-07 9.092149e-03
128 8.110887e-05 4.200087e-02
129 1.163817e-05 3.222470e-02
130 9.395953e-08 7.323892e-03
131 1.435037e-06 8.120901e-03
132 2.719254e-05 2.375806e-02
133 5.793918e-05 2.365743e-02
134 9.596983e-05 9.437691e-02
135 2.238437e-07 8.442585e-03
136 5.554593e-05 1.866430e-02
137 1.172199e-07 1.480319e-02
138 4.086777e-08 1.127211e-02
139 4.377423e-08 1.192825e-02
140 1.240056e-08 5.666879e-03
141 1.112081e-07 1.119827e-02
142 2.326053e-07 1.049744e-02
143 1.307255e-06 7.437177e-03
144 2.690113e-07 1.444015e-02
145 5.529828e-07 8.288353e-03
146 3.446657e-09 6.847103e-03
147 7.147257e-07 1.732922e-02
148 2.565965e-07 1.099924e-02
149 6.079218e-07 1.200805e-02
150 4.021322e-08 6.164519e-03
151 5.382656e-08 1.434444e-02
152 9.860911e-08 6.321605e-03
153 4.306953e-06 1.439532e-02
154 1.734897e-08 1.323521e-02
155 1.829898e-08 1.252709e-02
156 1.736128e-04 5.556538e-02
157 2.434920e-07 8.668054e-03
158 2.138241e-05 2.181573e-02
159 7.159928e-05 3.933078e-02
160 6.852082e-05 3.824575e-02
161 5.753132e-06 2.140785e-02
162 1.122557e-05 2.187859e-02
163 2.135108e-06 2.382163e-02
164 3.747732e-06 1.042237e-02
165 1.501248e-06 5.529117e-03
166 4.801274e-05 9.054756e-03
167 3.571902e-04 2.165806e-02
168 2.852173e-05 1.258600e-02
169 8.912722e-05 1.953706e-02
170 3.722960e-05 3.251870e-02
171 1.262769e-05 2.204754e-02
172 2.538208e-06 7.839099e-03
173 4.554693e-05 2.555154e-02
174 2.016473e-03 2.670101e-01
175 3.151505e-06 1.827898e-02
176 4.120282e-05 3.267736e-02
177 4.223632e-05 2.314367e-02
178 2.071974e-05 2.605259e-02
179 5.282103e-05 3.227292e-02
180 2.356313e-05 3.315222e-02
181 6.782755e-06 1.010161e-02
182 3.613169e-05 3.050531e-02
183 1.708698e-05 2.712842e-02
184 4.795347e-05 4.860885e-02
185 6.190245e-04 3.776303e-02
186 3.414768e-04 3.651272e-02
187 2.474731e-05 1.676821e-02
188 1.369214e-05 1.168412e-02
189 5.061346e-05 4.295067e-02
190 9.475668e-06 1.729437e-02
191 3.699470e-05 5.665232e-02
192 3.689839e-06 1.373265e-02
193 1.322976e-05 4.003974e-02
194 1.904564e-06 1.310126e-02
195 3.065897e-06 2.429547e-02
196 1.545015e-05 4.286846e-02
197 3.870150e-05 3.644553e-02
198 1.505966e-05 3.222593e-02
199 1.075340e-05 1.952526e-02
200 8.170683e-09 5.389828e-03
201 1.065391e-06 1.259462e-02
202 5.718998e-06 2.258717e-02
203 2.907241e-07 5.912650e-03
204 3.128910e-06 1.881341e-02
205 1.265507e-05 2.657528e-02
206 6.342267e-08 1.185060e-02
207 1.004775e-05 9.318888e-03
208 3.042877e-08 2.564629e-02
209 7.966356e-07 1.309088e-02
210 5.040628e-06 1.959796e-02
211 1.794794e-06 1.550823e-02
212 1.031697e-04 5.861104e-02
213 6.328965e-06 5.394915e-02
214 3.638355e-08 3.769254e-03
215 2.730263e-05 2.469161e-02
216 2.502199e-06 6.531923e-02
217 4.536722e-06 1.613203e-02
218 4.112505e-04 3.313157e-02
219 1.714970e-05 1.557015e-02
220 4.103848e-09 1.511443e-02
221 1.502964e-05 4.460168e-02
222 2.120304e-06 3.016614e-02
223 7.017686e-03 3.700652e-01
224 3.187920e-04 4.009510e-02
225 5.394687e-05 1.092464e-02
226 1.381875e-06 3.529795e-03
227 2.149144e-05 7.188106e-03
228 2.851152e-04 1.375596e-02
229 1.469981e-04 1.675435e-02
230 3.378465e-04 2.036233e-02
231 7.177570e-05 2.100635e-02
232 1.742086e-04 2.491939e-02
233 2.929985e-06 7.986437e-03
234 2.281965e-06 5.115792e-03
235 3.621080e-05 9.297663e-03
236 2.040983e-07 5.314803e-03
237 1.049401e-04 1.405777e-02
238 9.149844e-05 9.573702e-03
239 1.610658e-05 8.011392e-03
240 1.148133e-06 7.064436e-03
241 5.569899e-06 5.342449e-03
242 2.602262e-04 2.031300e-02
243 5.519483e-06 5.105950e-03
244 1.401807e-06 7.767917e-03
245 4.193259e-05 9.793584e-03
246 1.049401e-04 1.405777e-02
247 1.393918e-05 5.908860e-03
248 4.193259e-05 9.793584e-03
249 5.228152e-04 2.171846e-02
250 4.193259e-05 9.793584e-03
251 1.491376e-05 7.863705e-03
252 4.351810e-05 9.238815e-03
253 5.780501e-06 5.131583e-03
254 1.894399e-04 1.810198e-02
255 3.463054e-05 1.037407e-02
256 2.220540e-06 4.737336e-03
257 1.456019e-05 9.115711e-03
258 3.697042e-04 8.348881e-02
259 2.491569e-05 3.609921e-02
260 3.541605e-04 4.331511e-02
261 1.830152e-04 8.411169e-02
262 4.359750e-06 1.491371e-02
263 1.343429e-04 3.402040e-02
264 1.956767e-03 1.143255e-01
265 3.800853e-04 7.269585e-02
266 2.524813e-03 2.083453e-01
267 1.948749e-05 1.361230e-02
268 3.205546e-06 7.282579e-03
269 2.806373e-05 1.762213e-02
270 1.945272e-05 1.366924e-02
271 1.232395e-06 5.949839e-03
272 8.585589e-06 1.131749e-02
273 2.403058e-05 1.658500e-02
274 3.760080e-05 1.224629e-02
275 1.451630e-04 3.120134e-02
276 6.687122e-05 6.986534e-02
277 6.196492e-05 3.072974e-02
278 6.574664e-05 4.162709e-02
279 1.003940e-05 2.455400e-02
280 5.422976e-05 1.410671e-02
281 9.256811e-06 1.209492e-02
282 7.967016e-06 7.932369e-03
283 5.459889e-06 6.042050e-03
284 1.614600e-04 4.900298e-02
285 2.403535e-03 4.031218e-01
286 5.421577e-03 3.555349e-01
287 1.482306e-04 8.085043e-02
288 8.283584e-06 1.192077e-02
289 1.514325e-04 6.422153e-02
290 4.430115e-04 1.798774e-01
291 4.347792e-04 8.544169e-02
292 1.389060e-04 3.915505e-02
293 6.292235e-03 8.152122e-01
294 2.142258e-05 1.387901e-02
295 3.019348e-03 5.177062e-01
296 3.374820e-04 2.427662e-01
297 4.874920e-03 1.000797e+00
298 9.310074e-03 4.963604e-01
299 1.140424e-03 3.294658e-01
300 8.269839e-08 1.637184e-02
301 9.754453e-04 1.096146e-01
302 7.970971e-06 4.485825e-02
303 2.655641e-04 2.100946e-02
304 3.391326e-04 3.807129e-02
305 6.282248e-04 4.756861e-02
306 7.311358e-07 4.075272e-03
307 3.316467e-05 8.040832e-03
308 1.695987e-05 3.697930e-02
309 1.838399e-03 1.780436e-01
310 2.786119e-08 7.458676e-03
311 1.285065e-05 1.334015e-02
312 2.791441e-04 3.473265e-02
313 9.603598e-07 6.063584e-03
314 2.957322e-05 8.602021e-03
315 1.142438e-08 7.108101e-03
316 8.114032e-04 1.399195e-01
317 4.001931e-09 4.955130e-03
318 3.227557e-07 5.487051e-03
319 7.093740e-04 7.975648e-02
320 1.178227e-08 4.106464e-03
321 2.130741e-08 1.290902e-02
322 7.181652e-04 6.926321e-02
323 1.407773e-03 4.776864e-01
324 7.440593e-05 5.833362e-03
325 1.145251e-05 9.893682e-03
326 5.888595e-06 2.011545e-02
327 5.119015e-06 4.778428e-02
328 5.250119e-04 9.574579e-02
329 1.761718e-03 2.205151e-01
330 2.257962e-03 2.622191e-01
331 1.480948e-03 2.049199e-01
332 3.071536e-03 7.574086e-01
333 2.792137e-04 3.045403e-01
334 3.237762e-05 8.808424e-02
335 7.396516e-05 2.035384e-02
336 4.493477e-03 8.502370e-01
337 2.485465e-03 2.994220e-01
338 1.538963e-05 1.661510e-02
339 1.760590e-04 4.394460e-02
340 7.341240e-09 5.485223e-03
341 8.296880e-09 4.299410e-03
342 1.218345e-07 8.893223e-03
343 3.688822e-07 1.523028e-02
344 1.036613e-05 1.062391e-02
345 2.037769e-08 3.221192e-03
346 4.572875e-06 6.877175e-03
347 2.296629e-06 9.957163e-03
348 1.696901e-07 8.772308e-03
349 6.172380e-06 1.332086e-02
350 1.250386e-07 4.558665e-03
351 3.713554e-06 6.368737e-03
352 7.236196e-09 3.026501e-03
353 5.437453e-08 4.961289e-03
354 3.141770e-07 3.882924e-03
355 8.749521e-06 4.578530e-02
356 1.705433e-08 2.709493e-03
357 6.265229e-05 7.242273e-03
358 5.985071e-04 7.311362e-02
359 3.200535e-07 5.707007e-03
360 7.625126e-07 5.593678e-03
361 9.534036e-07 6.614533e-03
362 1.137946e-06 1.587380e-02
363 1.243869e-06 3.795444e-03
364 7.236196e-09 3.026501e-03
365 1.595486e-05 1.572722e-02
366 3.214007e-05 2.655759e-02
367 1.498067e-05 1.243117e-02
368 6.172380e-06 1.332086e-02
369 1.797685e-05 2.704167e-02
370 5.347901e-05 1.003313e-02
371 4.695669e-05 7.718625e-03
372 7.388644e-04 8.018142e-01
373 5.460898e-04 5.665414e-02
374 1.650951e-02 7.433555e-01
375 1.543395e-04 4.135078e-02
376 3.698434e-04 3.596891e-01
377 9.570263e-06 5.634717e-02
378 3.720046e-04 1.506643e-01
379 4.202919e-08 3.500260e-03
380 1.101841e-05 1.095534e-02
381 3.043593e-06 8.780963e-03
382 3.773071e-03 2.360297e-01
383 1.964928e-05 1.481790e-02
384 4.316341e-05 9.169056e-03
385 1.737789e-06 1.726884e-02
386 1.567965e-04 1.298030e-01
387 2.504605e-05 1.434742e-02
388 2.479163e-03 2.561516e-01
389 7.283349e-03 6.088911e-01
390 2.334786e-03 5.488340e-02
391 1.630107e-03 1.032452e-01
392 5.144957e-03 6.169658e-01
393 6.815474e-03 7.401918e-01
394 2.654135e-06 4.067859e-02
395 3.987194e-05 4.997741e-02
396 2.785283e-06 1.304554e-02
397 3.350132e-05 8.071732e-03
398 1.433488e-04 1.301782e-01
399 2.441851e-06 1.284935e-02
400 4.291213e-05 2.947008e-02
401 5.215371e-06 9.210884e-03
402 8.758412e-05 1.153082e-02
403 2.320013e-06 1.102056e-02
404 2.091413e-06 8.888412e-03
405 2.162638e-04 3.106380e-02
406 3.853530e-05 4.089777e-02
407 5.408691e-06 9.199927e-03
408 6.520581e-04 6.295935e-02
409 7.561233e-03 9.373211e-01
410 4.930426e-06 6.896630e-03
411 3.418775e-05 1.163317e-02
412 8.258931e-05 1.632421e-02
413 4.192008e-05 1.070098e-02
414 7.924344e-05 1.546693e-02
415 2.416478e-04 3.179154e-02
416 5.401149e-06 7.005123e-03
417 2.221332e-06 6.517430e-03
418 1.596502e-03 1.052100e-01
419 6.436291e-04 1.386077e-01
420 1.694152e-04 9.448870e-03
421 4.167645e-05 1.488839e-02
422 2.135645e-04 2.474542e-02
423 2.089684e-06 6.071773e-03
424 5.489104e-04 4.151334e-02
425 1.581415e-03 6.736651e-02
426 2.018500e-04 2.787261e-02
427 5.323887e-04 4.334759e-02
428 3.865814e-05 9.924958e-03
429 9.697367e-07 7.711881e-03
430 2.096837e-04 2.426810e-02
431 1.673720e-05 1.018668e-02
432 2.089684e-06 6.071773e-03
433 2.578054e-04 5.660258e-02
434 8.405838e-05 1.513618e-02
435 2.365008e-06 5.806293e-03
436 1.873285e-03 1.039920e-01
437 1.715923e-05 1.134511e-02
438 1.517365e-05 8.802324e-03
439 3.973808e-03 2.661262e-01
440 1.999626e-04 1.939754e-02
441 1.205250e-03 8.922925e-02
442 4.776099e-03 1.028643e+00
443 2.156180e-03 5.978186e-01
444 3.708043e-03 8.885630e-01
445 2.254367e-04 2.746028e-01
446 3.312301e-09 2.677483e-03
447 2.270013e-08 4.182149e-03
448 1.795699e-08 4.036987e-03
449 1.149749e-08 4.521481e-03
450 3.710544e-09 3.048812e-03
451 4.421534e-06 1.135854e-02
452 3.086653e-04 1.411335e-01
453 6.900811e-09 4.228721e-03
454 3.625977e-07 1.197718e-02
455 8.768947e-09 6.460705e-03
456 7.547069e-09 3.616209e-03
457 2.473083e-08 2.951291e-03
458 1.894284e-08 4.183091e-03
459 1.017348e-03 5.001368e-01
460 8.913351e-06 7.138498e-02
461 8.659147e-07 3.608075e-02
462 8.382495e-07 1.459314e-02
463 4.810397e-08 4.489754e-03
464 4.464938e-08 4.279106e-03
465 1.719178e-07 7.673049e-03
466 2.092188e-08 4.317373e-03
467 6.003027e-06 8.707706e-03
468 7.548760e-07 6.187512e-03
469 3.147738e-07 5.403366e-03
470 3.368532e-07 3.337109e-03
471 1.325119e-07 4.488500e-03
472 1.128412e-07 3.596092e-03
473 7.126236e-09 4.014559e-03
474 7.105591e-09 3.582309e-03
475 1.398621e-05 2.971578e-02
476 9.157393e-06 1.677081e-02
477 4.297675e-06 1.067328e-02
478 8.699105e-04 1.469145e-01
479 1.437888e-06 9.055781e-03
480 1.322442e-04 2.768631e-02
481 5.343840e-06 3.463728e-02
482 2.453708e-06 2.352136e-02
483 2.287765e-06 1.668630e-02
484 9.761822e-09 4.134700e-03
485 6.516918e-07 6.555992e-03
486 9.552750e-07 1.759427e-02
487 1.889789e-06 1.178293e-02
488 7.492292e-07 7.357189e-03
489 5.715077e-04 5.670961e-01
490 1.302217e-07 9.435622e-03
491 1.751702e-06 9.469930e-03
492 1.242976e-06 6.081888e-03
493 3.804715e-06 9.752318e-03
494 3.572318e-06 5.023580e-03
495 9.902040e-05 1.057967e-02
496 1.996069e-08 4.195269e-03
497 1.017550e-04 1.250451e-02
498 2.825081e-07 4.611308e-03
499 7.045464e-07 6.047345e-03
500 1.093366e-07 4.499292e-03
501 1.319005e-03 4.648261e-01
502 3.128515e-07 8.863824e-03
503 1.850490e-06 1.726175e-02
504 1.917345e-06 2.062438e-02
505 1.416930e-07 9.416951e-03
506 4.815176e-03 2.676523e-01
507 9.384912e-06 9.113687e-03
508 1.334533e-07 4.494678e-03
509 1.504583e-05 4.642711e-02
510 5.632018e-08 4.449660e-03
511 1.808804e-04 7.187056e-02
512 1.121859e-05 2.478921e-02
513 1.670732e-04 9.196688e-02
514 1.889624e-02 6.148171e-01
515 8.887523e-05 4.285865e-02
516 2.854099e-05 3.082103e-02
517 4.256590e-04 6.781418e-02
518 6.732876e-05 3.307360e-02
519 6.120732e-05 1.768632e-02
520 1.238336e-05 2.449889e-02
521 7.959821e-05 2.620706e-02
522 3.776406e-05 2.526798e-02
523 1.177835e-05 1.920042e-02
524 1.788144e-04 2.826492e-02
525 4.389143e-04 3.063640e-02
526 4.533842e-04 3.130970e-02
527 2.526689e-04 5.421424e-02
528 2.058440e-04 3.159150e-02
529 1.041023e-03 3.974841e-02
530 1.657785e-04 5.716761e-02
531 5.803502e-04 7.647835e-02
532 9.061624e-05 3.466545e-02
533 9.561484e-05 5.010233e-02
534 1.004768e-04 5.078925e-02
535 3.385080e-05 2.652253e-02
536 5.679677e-04 5.155079e-02
537 2.472943e-04 1.059589e-01
538 8.665580e-05 7.517545e-02
539 7.190327e-05 2.702573e-02
540 2.220416e-04 6.675584e-02
541 9.535813e-05 6.240317e-02
542 6.712757e-05 2.439411e-02
543 4.502204e-04 6.151831e-02
544 1.577932e-04 3.047649e-02
545 9.286240e-06 1.318010e-02
546 1.252274e-05 2.770155e-02
547 2.134665e-06 8.045366e-03
548 5.934126e-05 1.907622e-02
549 1.970265e-08 3.520439e-03
550 1.671672e-04 5.073347e-02
551 1.111983e-05 1.400740e-02
552 7.376550e-05 2.686018e-02
553 4.901776e-04 2.746816e-02
554 1.145720e-05 1.765208e-02
555 4.625349e-04 5.696404e-02
556 3.089691e-06 5.083444e-03
557 7.290160e-07 6.752142e-03
558 4.471119e-06 1.286167e-02
559 1.167764e-05 9.011004e-03
560 1.947214e-06 1.049794e-02
561 1.355962e-04 2.258482e-02
562 2.299406e-05 8.714018e-03
563 1.691206e-04 7.245000e-02
564 1.627654e-06 5.380254e-03
565 6.618075e-06 2.342287e-02
566 1.562668e-05 4.642688e-02
567 3.062540e-07 7.430660e-03
568 1.246333e-05 1.141085e-02
569 2.899182e-05 8.168242e-03
570 1.109919e-05 1.020248e-02
571 1.645656e-06 9.517079e-03
572 1.593151e-04 1.521549e-02
573 2.190517e-06 1.173377e-02
574 7.501288e-07 6.338167e-03
575 2.724128e-05 1.176804e-02
576 4.297829e-06 8.579590e-03
577 1.687267e-04 2.637458e-02
578 3.253688e-04 5.268605e-02
579 1.629350e-03 1.111316e-01
580 2.607008e-05 1.148445e-02
581 1.517980e-04 8.298383e-02
582 1.101506e-03 6.608150e-02
583 4.367501e-04 4.698282e-02
584 4.085271e-04 3.981413e-02
585 1.212809e-03 1.358465e-01
586 3.793369e-04 2.349815e-02
587 1.952774e-04 3.674752e-02
588 1.378183e-05 1.364293e-02
589 4.793421e-06 5.056856e-03
590 5.376923e-04 7.612735e-02
591 1.555636e-04 3.160546e-02
592 6.160874e-04 9.450786e-02
593 1.696283e-04 1.227177e-01
594 1.923137e-06 7.905126e-03
595 4.087880e-05 3.480913e-02
596 5.179198e-03 1.868856e-01
597 1.129904e-07 4.282735e-03
598 1.073212e-07 3.092845e-03
599 4.249986e-08 3.052362e-03
600 1.271015e-07 6.813804e-03
