2 1.258298e-03 1.511807e-01
3 7.014430e-03 2.747310e-01
4 8.068282e-03 3.861466e-01
5 1.656801e-03 1.923402e-01
6 5.815560e-03 5.516456e-01
7 2.290859e-03 1.708202e-01
8 9.728286e-04 1.672387e-01
9 2.617791e-03 8.482011e-02
10 3.651595e-03 1.236167e-01
11 7.720267e-03 4.769554e-01
12 6.064483e-03 3.160393e-01
13 1.344204e-02 4.750086e-01
14 7.169096e-03 3.140535e-01
15 1.900429e-03 3.937311e-01
16 1.699830e-03 2.195485e-01
17 3.354999e-04 4.174853e-02
18 8.877048e-04 2.703219e-01
19 2.478850e-05 3.020225e-02
20 6.126354e-04 9.451277e-02
21 2.255329e-03 7.655998e-02
22 1.066894e-02 6.602767e-01
23 7.687105e-03 4.394227e-01
24 1.232227e-03 1.824637e-01
25 3.707542e-04 8.073239e-02
26 6.930795e-04 2.339358e-01
27 3.267909e-03 2.841725e-01
28 5.605890e-05 1.556577e-01
29 8.006178e-03 3.211558e-01
30 1.018462e-04 1.785981e-02
31 2.683089e-02 3.847506e-01
32 3.287769e-03 3.018194e-01
33 2.523812e-03 3.817060e-01
34 3.717803e-04 1.738854e-02
35 9.696737e-03 7.143675e-01
36 7.153147e-04 1.076281e-01
37 8.632096e-05 4.395128e-02
38 6.673395e-04 2.075603e-01
39 9.687835e-04 3.822359e-01
40 3.222726e-03 5.464486e-01
41 1.084834e-04 3.484969e-02
42 9.948194e-04 2.338421e-01
43 1.051016e-04 4.352367e-02
44 2.323387e-06 4.541951e-03
45 5.030370e-06 4.086893e-03
46 1.641941e-06 4.820526e-03
47 2.032489e-06 7.947449e-03
48 1.614442e-08 4.273415e-03
49 4.588880e-04 8.472156e-02
50 3.759933e-05 1.813094e-02
51 6.068116e-07 3.044566e-03
52 1.056036e-05 7.184032e-03
53 1.498233e-04 3.102840e-02
54 4.731014e-08 2.679795e-03
55 7.438265e-07 3.227559e-03
56 3.383586e-07 3.825122e-03
57 4.277958e-08 2.971903e-03
58 2.683448e-05 5.486564e-03
59 2.823823e-03 5.684300e-02
60 2.880168e-05 7.983721e-03
61 7.650807e-05 1.468469e-02
62 5.382484e-07 2.721315e-03
63 2.021664e-04 1.305307e-02
64 8.010871e-08 2.706429e-03
65 8.879879e-08 2.931079e-03
66 7.960136e-08 8.513753e-03
67 3.581973e-08 2.890790e-03
68 5.138485e-06 4.065230e-03
69 1.108046e-04 3.356630e-02
70 4.939967e-04 2.372732e-02
71 5.098077e-06 6.270970e-03
72 8.270863e-05 1.599970e-02
73 7.990997e-05 1.075391e-02
74 4.677971e-06 5.242705e-03
75 1.568290e-06 3.520447e-03
76 3.093103e-04 5.154011e-02
77 6.750613e-06 1.020831e-02
78 1.332261e-03 8.385766e-02
79 6.529968e-05 2.926152e-02
80 4.427947e-06 1.057617e-02
81 3.772769e-08 2.961253e-03
82 3.929381e-06 1.885756e-02
83 3.187760e-07 5.071445e-03
84 1.776798e-03 8.289478e-02
85 8.764858e-05 1.357116e-02
86 3.102395e-04 8.206130e-03
87 1.181034e-03 7.658446e-02
88 1.140451e-07 4.004447e-03
89 1.601174e-04 1.000132e-02
90 1.909279e-05 1.207374e-02
91 5.067855e-08 2.852519e-03
92 9.705737e-06 4.853545e-03
93 1.252628e-07 4.351521e-03
94 3.291970e-07 5.327699e-03
95 2.385998e-07 2.715032e-03
96 3.932761e-03 1.692470e-01
97 3.394110e-05 1.431629e-02
98 3.144060e-03 4.205353e-01
99 4.379697e-03 2.241067e-01
100 2.811090e-03 1.362052e-01
101 2.673063e-03 7.227007e-02
102 3.156525e-07 4.723574e-03
103 3.982246e-04 8.082418e-02
104 2.249326e-04 1.732841e-02
105 2.721182e-05 2.339374e-02
106 4.504147e-06 4.401883e-03
107 6.932582e-07 3.140363e-03
108 8.548847e-04 4.312592e-02
109 5.966028e-04 7.752705e-02
110 1.197288e-06 1.308329e-02
111 2.015644e-04 6.830849e-02
112 2.706239e-04 6.749454e-02
113 6.692858e-04 1.667565e-01
114 6.318020e-04 3.023577e-02
115 1.981141e-03 1.213021e-01
116 1.487607e-03 1.693918e-01
117 3.526384e-06 1.096710e-02
118 2.939800e-07 5.285061e-03
119 1.238584e-03 1.039134e-01
120 3.643658e-03 3.186533e-01
121 3.723075e-07 3.598492e-03
122 9.542454e-08 4.885447e-03
123 3.221388e-04 4.530484e-02
124 6.120655e-05 1.699239e-02
125 5.144184e-06 8.114701e-03
126 5.333256e-05 1.097698e-02
127 6.296102e-06 8.107396e-03
128 8.073445e-04 1.823487e-02
129 1.612490e-04 1.331295e-02
130 9.190650e-07 7.064534e-03
131 2.687731e-04 1.202020e-01
132 1.036218e-07 2.937611e-03
133 3.828121e-03 1.725361e-01
134 4.202344e-06 1.225737e-02
135 3.509400e-05 6.901475e-03
136 6.503272e-06 8.142153e-03
137 2.890469e-06 4.758197e-03
138 1.316759e-06 1.186941e-02
139 8.041974e-07 5.513723e-03
140 8.701619e-06 4.367987e-03
141 8.328102e-03 5.268996e-01
142 7.243435e-04 7.093073e-02
143 6.067258e-06 6.220267e-03
144 7.338339e-06 9.809799e-03
145 1.907561e-05 1.283977e-02
146 8.534123e-07 4.137164e-03
147 3.360695e-04 2.392755e-01
148 2.032169e-05 3.200335e-03
149 2.306312e-06 7.253673e-03
150 9.919226e-06 4.311061e-03
151 1.239667e-05 1.299662e-02
152 2.193268e-06 2.009840e-02
153 1.655069e-06 1.445266e-02
154 5.471644e-05 4.184797e-02
155 2.396213e-07 2.490499e-03
156 2.564636e-06 6.501124e-03
157 2.369810e-07 8.679041e-03
158 1.238928e-06 4.515285e-03
159 9.525099e-06 7.576350e-03
160 2.852865e-04 4.740905e-02
161 1.648474e-04 1.270726e-02
162 1.453241e-07 1.019157e-02
163 4.686489e-06 5.236481e-03
164 1.746247e-04 5.081235e-02
165 7.789201e-05 3.785449e-03
166 2.188616e-06 3.893746e-03
167 4.222327e-06 5.678111e-03
168 4.379223e-04 8.767591e-03
169 3.115322e-04 5.593280e-02
170 2.888261e-03 3.293473e-01
171 1.551820e-06 5.162745e-03
172 6.376305e-04 4.185275e-02
173 1.751730e-04 1.016662e-02
174 6.763376e-05 6.663089e-03
175 1.408792e-06 3.148551e-03
176 2.187711e-04 2.044843e-02
177 3.010501e-06 4.685533e-03
178 2.238074e-05 1.253764e-02
179 1.793921e-04 4.206286e-02
180 5.127898e-06 5.464591e-03
181 8.279993e-04 6.234799e-02
182 2.012514e-07 2.761106e-03
183 4.709930e-06 2.022336e-02
184 1.116584e-05 3.018464e-02
185 8.300358e-07 4.893754e-03
186 8.564112e-06 5.906082e-03
187 3.484990e-04 1.058263e-01
188 5.982906e-05 5.327054e-02
189 1.469144e-07 4.367381e-03
190 3.515916e-03 9.060307e-02
191 3.867818e-06 1.616252e-02
192 1.517494e-04 3.313758e-02
193 1.014130e-04 3.799908e-02
194 5.412295e-06 5.221307e-03
195 2.546210e-03 5.957305e-01
196 1.845600e-06 3.407618e-03
197 3.642752e-03 2.128338e-01
198 1.614707e-03 7.398121e-02
199 8.267328e-03 4.900601e-01
200 6.612108e-04 1.033390e-01
201 1.893386e-06 2.854173e-03
202 8.289947e-04 2.136167e-01
203 6.200012e-03 1.936661e-01
204 1.018924e-05 6.659374e-03
205 7.551989e-04 1.076610e-01
206 1.090272e-06 1.226531e-02
207 3.785429e-06 3.017108e-03
208 1.674006e-03 5.602269e-02
209 1.099806e-03 2.974623e-01
210 9.833051e-04 1.292824e-01
211 5.421263e-05 3.138504e-02
212 5.736725e-04 3.846720e-02
213 1.315805e-03 1.581769e-01
214 2.415446e-03 1.308086e-01
215 1.340008e-06 1.250825e-02
216 6.107957e-05 9.823904e-03
217 1.362738e-05 5.497599e-03
218 1.420279e-06 8.191137e-02
219 2.923609e-07 2.725582e-03
220 9.838100e-04 1.451666e-01
221 1.279917e-03 9.943483e-02
222 1.344287e-04 2.060523e-02
223 5.250049e-06 5.874149e-03
224 2.587526e-05 7.275918e-03
225 1.618493e-03 5.584111e-02
226 2.748538e-07 2.737023e-03
227 6.095623e-04 2.506878e-02
228 1.337769e-04 1.041127e-01
229 4.473911e-03 8.200464e-02
230 1.658983e-04 1.072060e-02
231 7.691623e-06 3.030570e-02
232 2.046264e-05 5.393402e-03
233 9.425374e-08 5.580880e-03
234 9.813105e-05 1.259275e-02
235 1.026620e-03 5.984320e-02
236 1.244603e-03 8.546536e-02
237 1.676521e-06 4.604473e-03
238 6.739527e-05 1.759760e-02
239 6.569753e-05 8.043021e-03
240 3.865089e-05 2.776633e-02
241 6.221564e-05 5.031879e-02
242 1.807812e-06 7.805041e-03
243 1.257415e-07 2.938694e-03
244 5.387582e-05 1.544557e-02
245 1.129609e-03 3.682107e-02
246 1.930624e-03 1.671463e-01
247 5.556025e-04 2.926857e-02
248 8.753944e-04 1.563109e-01
249 1.543897e-03 4.371597e-02
250 8.929566e-05 8.601560e-02
251 1.422335e-06 3.088598e-03
252 2.040910e-03 2.252778e-01
253 1.109019e-04 3.227258e-02
254 5.295939e-04 5.437868e-02
255 2.556075e-07 5.804504e-03
256 8.869036e-09 2.411245e-03
257 1.495228e-04 3.096822e-02
258 2.784617e-04 4.295258e-02
259 2.672230e-05 5.261981e-03
260 1.367046e-05 2.312546e-02
261 2.163177e-04 8.230328e-03
262 1.440981e-08 2.744461e-03
263 5.336465e-06 1.244608e-02
264 2.415391e-03 4.028320e-02
265 2.439893e-05 3.445047e-02
266 1.807679e-04 1.325559e-02
267 9.634667e-06 1.246462e-02
268 3.191901e-07 4.225647e-03
269 1.260443e-06 8.191386e-03
270 7.267566e-09 3.210789e-03
271 1.167875e-03 1.045797e-01
272 3.347224e-06 9.810924e-03
273 1.828101e-05 2.087986e-01
274 2.930635e-05 9.733979e-03
275 2.512307e-05 4.673428e-03
276 3.778965e-07 6.603908e-03
277 4.485989e-06 1.465548e-02
278 1.806516e-06 2.869277e-02
279 1.738714e-06 9.708846e-03
280 2.559161e-03 1.507428e-01
281 2.033866e-03 1.538875e-01
282 7.962706e-07 1.124267e-02
283 1.584736e-05 9.009539e-02
284 1.079284e-05 1.563238e-02
285 3.713430e-03 1.256822e-01
286 3.878270e-07 4.090672e-03
287 2.104335e-05 7.348592e-03
288 6.819304e-05 1.504352e-02
289 2.363013e-04 1.525616e-02
290 8.683129e-04 5.204204e-02
291 1.591320e-08 3.417836e-03
292 2.523113e-05 1.427787e-02
293 6.351496e-07 6.289516e-03
294 2.935951e-07 3.031754e-03
295 4.863237e-05 7.216516e-02
296 1.133354e-03 1.496654e-01
297 2.607725e-06 1.487118e-02
298 3.449322e-06 4.826180e-03
299 2.076326e-06 7.366984e-03
300 8.941612e-05 6.813303e-02
301 1.992128e-03 9.281202e-02
302 7.518032e-04 3.575862e-02
303 4.505335e-05 5.490762e-02
304 1.923239e-05 4.939687e-03
305 6.471509e-03 1.520625e-01
306 7.724853e-06 2.430097e-03
307 2.327488e-03 1.352069e-01
308 3.412504e-06 2.887057e-03
309 9.155683e-04 6.638979e-02
310 5.186890e-06 1.095401e-02
311 2.119794e-06 1.019520e-02
312 4.523566e-05 4.183123e-02
313 1.138000e-03 7.016577e-02
314 2.395623e-05 8.135341e-03
315 2.268074e-04 1.394132e-02
316 4.504984e-03 3.963333e-01
317 6.781598e-05 4.728786e-02
318 3.971726e-04 1.894922e-01
319 3.770722e-06 1.304775e-02
320 3.795300e-05 2.336393e-02
321 4.160138e-06 3.116902e-03
322 8.610373e-08 4.720868e-03
323 7.797961e-03 2.729691e-01
324 4.444951e-05 3.430270e-02
325 3.433388e-05 7.485276e-03
326 6.532816e-05 8.913767e-03
327 6.989670e-05 1.355681e-02
328 2.522544e-05 5.592448e-03
329 1.495967e-04 7.282852e-02
330 5.062633e-05 3.778131e-03
331 3.908403e-03 1.038112e-01
332 4.426124e-07 1.581782e-02
333 9.076954e-08 6.081007e-03
334 2.466604e-05 2.372826e-02
335 5.628222e-09 4.417410e-03
336 2.640259e-07 5.574337e-03
337 9.057321e-08 3.122958e-03
338 1.681952e-03 1.043875e-01
339 3.129828e-04 4.090795e-02
340 3.781053e-06 3.003571e-02
341 2.530528e-03 1.053164e-01
342 4.930310e-04 6.115218e-02
343 5.397709e-08 8.550875e-03
344 3.186281e-04 6.420440e-02
345 5.183494e-03 6.997951e-01
346 2.775761e-04 5.284200e-02
347 1.100273e-07 3.183685e-03
348 3.282839e-04 7.958254e-02
349 4.815870e-05 8.519935e-03
350 5.149586e-06 7.065464e-03
351 4.695927e-04 2.305586e-01
352 1.800307e-04 3.020070e-02
353 1.216411e-05 3.365174e-03
354 3.450493e-04 1.894017e-02
355 9.390119e-05 3.222859e-02
356 7.319047e-05 1.758369e-02
357 2.372797e-03 1.592661e-01
358 5.695162e-06 1.591341e-02
359 4.434226e-06 4.074445e-03
360 2.658627e-06 3.767983e-02
361 3.110944e-05 1.684135e-02
362 1.758475e-05 5.586698e-02
363 1.039334e-02 2.077000e-01
364 5.839655e-04 2.399977e-01
365 2.045373e-05 3.451053e-02
366 2.680452e-04 4.335554e-02
367 1.813617e-05 5.052557e-03
368 1.548387e-03 1.520201e-01
369 4.948987e-06 6.245800e-03
370 3.973905e-06 1.268778e-02
371 1.489074e-04 7.607158e-02
372 6.049635e-04 6.503871e-02
373 3.764569e-05 4.779617e-03
374 5.474565e-09 4.621623e-03
375 1.964900e-07 2.762402e-03
376 2.794090e-06 3.475572e-03
377 9.077945e-04 4.209920e-01
378 1.346598e-06 5.527274e-03
379 1.001898e-03 9.826738e-02
380 1.911531e-03 3.378061e-01
381 5.888247e-06 2.412412e-02
382 3.737135e-06 4.589668e-03
383 2.460433e-04 1.155524e-01
384 9.888341e-05 2.475527e-02
385 3.641534e-05 1.690289e-02
386 6.612292e-07 2.937313e-03
387 6.191325e-06 1.520043e-02
388 4.628904e-04 2.035782e-01
389 4.653165e-05 1.911380e-02
390 8.352008e-06 4.608281e-02
391 2.455942e-04 2.905986e-02
392 1.407977e-03 2.421277e-01
393 8.301467e-06 3.719407e-03
394 6.624342e-03 1.565060e-01
395 1.381180e-04 8.852335e-03
396 8.379430e-06 1.422307e-02
397 2.007161e-03 4.624470e-02
398 2.447546e-08 5.554654e-03
399 2.140151e-04 5.874262e-02
400 7.840804e-06 2.450668e-02
401 2.676124e-07 2.964066e-03
402 4.309952e-06 9.926364e-03
403 1.693438e-04 1.457296e-01
404 1.717299e-04 1.550576e-02
405 7.868927e-07 9.395937e-03
406 1.326742e-03 1.598572e-01
407 7.830989e-06 7.774067e-02
408 7.734405e-06 2.781518e-02
409 2.495175e-06 3.782127e-02
410 4.141746e-06 6.204362e-03
411 3.864096e-07 4.958934e-03
412 6.426434e-04 2.391829e-02
413 1.653075e-04 1.100017e-02
414 8.669850e-05 1.673329e-02
415 1.483833e-08 2.578864e-03
416 6.166805e-04 9.293420e-02
417 3.410938e-05 7.243491e-03
418 1.901345e-03 6.496420e-02
419 1.364348e-03 6.467520e-02
420 1.022333e-04 1.020267e-01
421 3.103544e-05 7.097475e-03
422 6.389563e-06 3.086844e-02
423 8.077490e-05 1.662275e-02
424 8.674406e-05 1.865126e-02
425 1.151995e-03 1.993373e-01
426 2.188973e-04 7.258742e-03
427 5.364573e-05 7.278382e-02
428 1.559253e-04 7.079622e-02
429 8.376454e-07 1.570408e-02
430 3.666291e-05 6.139497e-03
431 2.462695e-08 2.442206e-03
432 1.241352e-06 6.370456e-03
433 5.045305e-07 2.826980e-03
434 2.240509e-06 3.793324e-03
435 4.472104e-04 1.350840e-01
436 1.349710e-05 3.287146e-03
437 3.035372e-04 8.656019e-02
438 6.396510e-07 4.789317e-03
439 1.844653e-06 4.413743e-03
440 1.131977e-05 8.019562e-03
441 5.747642e-05 1.310105e-02
442 1.216450e-07 4.746388e-03
443 4.934648e-06 5.032859e-03
444 3.478544e-05 1.451692e-02
445 1.227064e-03 5.426008e-02
446 2.484687e-05 3.444986e-02
447 1.172186e-05 3.741934e-03
448 1.904517e-04 2.698446e-02
449 2.717637e-07 6.226321e-03
450 7.558427e-05 2.060475e-02
451 1.139212e-08 2.606142e-03
452 1.205468e-03 2.181557e-01
453 2.161596e-07 1.052955e-02
454 4.658003e-04 3.353713e-02
455 4.791427e-05 1.164504e-02
456 4.465393e-05 1.782320e-02
457 2.490228e-03 1.174627e-01
458 2.525663e-04 1.038787e-01
459 1.700508e-05 1.928241e-02
460 3.854782e-03 3.730644e-02
461 1.611203e-07 4.421509e-03
462 1.049479e-06 7.731311e-03
463 7.287407e-04 1.513055e-01
464 1.617728e-06 1.286545e-02
465 4.349793e-06 8.748063e-03
466 1.345006e-06 3.720161e-03
467 8.270935e-08 1.493488e-02
468 7.248767e-10 2.943651e-03
469 1.042896e-03 2.377570e-02
470 1.878566e-03 7.529881e-02
471 1.486284e-05 5.556787e-03
472 1.251307e-05 3.971864e-03
473 5.857836e-04 7.768519e-02
474 1.323496e-03 4.508424e-02
475 4.304691e-06 6.203797e-03
476 1.411848e-05 9.535066e-03
477 2.230816e-03 6.143014e-02
478 1.427999e-06 3.403743e-03
479 5.147168e-06 2.889458e-03
480 3.528986e-06 8.580884e-03
481 1.571294e-04 1.469944e-02
482 9.712728e-05 1.968368e-02
483 2.238901e-07 2.807531e-03
484 1.177686e-05 3.634657e-03
485 1.263145e-05 3.568841e-03
486 7.258720e-05 2.498178e-02
487 2.533594e-05 1.426150e-02
488 2.895266e-06 2.654554e-03
489 7.202781e-03 2.716716e-01
490 6.932779e-04 6.163623e-02
491 3.847568e-04 6.022911e-02
492 1.238424e-03 4.329745e-02
493 1.286727e-05 3.259236e-03
494 1.887668e-03 2.498305e-01
495 3.071225e-03 1.898265e-01
496 4.373693e-07 2.597976e-03
497 2.328503e-04 2.752261e-02
498 4.333156e-06 7.061788e-03
499 1.213620e-06 4.396129e-03
500 1.068519e-07 4.218340e-03
501 2.107288e-03 7.056029e-02
502 5.448203e-06 1.431708e-02
503 3.227744e-05 8.963223e-03
504 9.407705e-04 4.404579e-01
505 9.334819e-06 8.358370e-03
506 4.189615e-07 1.492356e-02
507 4.486214e-07 5.687117e-03
508 7.466249e-08 3.906505e-03
509 1.550123e-04 2.696481e-02
510 1.478741e-06 1.258922e-02
511 4.829274e-04 1.555960e-01
512 9.298043e-06 4.020914e-03
513 6.017127e-07 3.598803e-03
514 6.041095e-07 3.979047e-03
515 2.975018e-05 2.489780e-02
516 7.832817e-07 6.103341e-03
517 6.431446e-07 2.722438e-03
518 1.174532e-06 6.503465e-03
519 3.867907e-05 8.947600e-03
520 8.841189e-06 8.162262e-03
521 4.991352e-06 7.313884e-03
522 3.502260e-05 9.048853e-03
523 1.088931e-04 3.570982e-02
524 1.392681e-07 3.386104e-03
525 2.721748e-06 4.861817e-03
526 2.102418e-06 5.837667e-03
527 4.934440e-08 3.307238e-03
528 4.095587e-04 3.035729e-02
529 1.021257e-02 1.698354e-01
530 5.518556e-04 1.690544e-02
531 4.978615e-07 2.592385e-03
532 4.604824e-07 5.936786e-03
533 7.927289e-05 1.131787e-02
534 3.029370e-06 6.598444e-02
535 2.397075e-03 3.027939e-02
536 5.575890e-03 1.468837e-01
537 1.023368e-03 1.248668e-01
538 2.039904e-03 2.913491e-01
539 7.666596e-05 6.756821e-03
540 2.125696e-05 1.770527e-02
541 2.101731e-03 7.316448e-02
542 1.242278e-03 6.897517e-02
543 8.595871e-06 7.376318e-03
544 8.837937e-05 2.103231e-02
545 2.154272e-06 1.099334e-02
546 1.755382e-06 1.285494e-02
547 7.538821e-04 1.558898e-01
548 2.852199e-03 2.591820e-01
549 1.734690e-04 4.688325e-02
550 2.384718e-05 1.707157e-02
551 1.264910e-05 9.805288e-03
552 1.792979e-06 5.619784e-03
553 2.632023e-06 3.917214e-03
554 3.937585e-07 6.217401e-03
555 1.510416e-05 1.741287e-02
556 8.204251e-05 1.682980e-02
557 1.569753e-03 8.733357e-02
558 1.897115e-05 1.560902e-02
559 2.929507e-03 6.992592e-02
560 2.992790e-05 3.433392e-03
561 7.897079e-05 1.537789e-02
562 1.460123e-08 2.855206e-03
563 3.721015e-03 1.066720e-01
564 3.089690e-04 4.346652e-02
565 9.035030e-05 1.056547e-02
566 7.537165e-06 5.109759e-03
567 2.893110e-03 8.988322e-02
568 7.039894e-05 6.002795e-02
569 5.245266e-05 2.803133e-02
570 2.475997e-04 9.172332e-03
571 1.262772e-03 2.457902e-01
572 1.806498e-05 7.740036e-03
573 4.882835e-04 1.038093e-01
574 4.769502e-05 1.755742e-02
575 2.034200e-06 4.079459e-03
576 5.086954e-04 1.886925e-02
577 3.514563e-06 3.219656e-02
578 9.051306e-04 1.014637e-01
579 4.221162e-05 5.628093e-03
580 3.947410e-03 3.568904e-01
581 2.152453e-03 1.430308e-01
582 2.968767e-05 2.555814e-02
583 9.611793e-04 7.158527e-02
584 7.212563e-05 2.834221e-02
585 6.602371e-08 5.965392e-03
586 5.520758e-04 3.688169e-02
587 2.414334e-06 1.301607e-02
588 3.692067e-03 2.403559e-01
589 2.456863e-03 1.533827e-01
590 2.849745e-03 1.269237e-01
591 4.540321e-05 8.104941e-03
592 3.969709e-05 1.619628e-02
593 7.443144e-05 1.197173e-02
594 8.285747e-05 1.692104e-02
595 3.060167e-04 1.411758e-01
596 2.092255e-05 1.479063e-02
597 1.803990e-04 1.087560e-02
598 2.433359e-06 1.198447e-02
599 8.679597e-06 1.318478e-02
600 4.132163e-05 1.691465e-02
601 4.716992e-06 5.351121e-03
