2 1.375007e-03 1.635822e-01
3 1.193921e-03 3.038706e-01
4 9.036765e-03 4.735455e-01
5 7.234390e-04 1.988651e-01
6 6.507656e-03 6.259495e-01
7 2.411973e-03 1.995751e-01
8 6.184121e-03 1.916802e-01
9 7.239946e-03 1.317833e-01
10 9.562570e-03 2.012505e-01
11 9.217272e-03 5.684487e-01
12 6.314518e-03 3.958080e-01
13 6.340156e-03 5.486606e-01
14 1.217034e-03 3.506334e-01
15 4.645686e-03 4.647722e-01
16 1.789697e-03 2.408847e-01
17 3.687668e-04 4.668484e-02
18 5.287840e-03 3.011367e-01
19 1.856827e-06 3.026466e-02
20 1.805282e-03 1.054543e-01
21 5.711403e-03 1.580231e-01
22 4.596635e-03 7.525505e-01
23 8.422273e-03 5.033600e-01
24 1.279522e-03 1.909940e-01
25 4.269978e-04 8.564456e-02
26 1.600586e-03 2.461469e-01
27 3.916534e-03 3.137240e-01
28 3.870468e-04 1.572082e-01
29 9.570006e-03 4.058557e-01
30 2.884000e-04 2.047784e-02
31 1.267029e-02 5.181524e-01
32 3.404970e-03 3.293729e-01
33 2.509252e-03 4.245674e-01
34 3.873953e-04 2.244591e-02
35 9.272353e-03 8.043672e-01
36 2.110362e-03 1.194988e-01
37 3.591475e-05 4.440497e-02
38 2.925821e-04 2.195737e-01
39 1.056031e-03 3.872579e-01
40 7.527747e-03 5.944945e-01
41 2.104904e-05 3.513575e-02
42 2.636087e-03 2.465776e-01
43 1.620198e-03 4.895912e-02
44 1.109733e-06 4.551773e-03
45 6.012940e-06 4.140111e-03
46 4.825646e-06 4.856053e-03
47 9.707900e-07 7.956041e-03
48 1.929787e-08 4.273586e-03
49 2.929582e-03 9.420356e-02
50 1.735078e-05 1.850112e-02
51 2.800225e-07 3.050541e-03
52 1.198198e-05 7.393474e-03
53 6.913825e-05 3.250348e-02
54 8.723753e-09 2.679981e-03
55 2.186098e-06 3.243653e-03
56 9.592784e-07 3.832799e-03
57 5.113562e-08 2.972356e-03
58 1.723178e-04 6.261118e-03
59 3.151406e-03 8.320054e-02
60 1.284384e-05 8.091144e-03
61 1.998173e-04 1.571897e-02
62 3.456365e-06 2.736851e-03
63 5.280012e-04 1.578608e-02
64 9.226123e-08 2.707490e-03
65 4.097755e-08 2.931953e-03
66 5.563447e-07 8.516934e-03
67 4.276539e-08 2.891215e-03
68 3.581901e-05 4.316588e-03
69 7.342898e-04 3.759113e-02
70 5.626469e-04 3.103048e-02
71 2.475515e-06 6.304613e-03
72 4.016150e-05 1.654550e-02
73 5.397675e-04 1.380568e-02
74 1.374851e-05 5.343924e-03
75 1.039288e-05 3.577413e-03
76 5.495359e-05 5.309026e-02
77 2.908453e-06 1.026670e-02
78 3.570677e-03 9.850936e-02
79 4.249809e-04 3.198154e-02
80 5.024032e-06 1.066399e-02
81 4.509696e-08 2.961652e-03
82 1.159268e-05 1.892277e-02
83 3.805886e-07 5.075223e-03
84 1.885199e-03 1.030830e-01
85 2.407907e-04 1.508850e-02
86 3.708378e-04 1.148825e-02
87 1.410043e-03 9.058096e-02
88 2.102935e-08 4.004895e-03
89 3.071581e-05 1.047197e-02
90 5.069655e-05 1.261664e-02
91 1.489437e-07 2.853615e-03
92 1.144191e-05 4.917906e-03
93 5.700908e-08 4.352261e-03
94 3.934983e-07 5.331182e-03
95 2.852050e-07 2.717556e-03
96 1.040986e-02 2.468628e-01
97 1.619221e-05 1.447702e-02
98 8.795020e-03 4.678891e-01
99 1.130987e-02 2.790171e-01
100 7.960223e-03 2.084663e-01
101 3.195186e-03 1.005493e-01
102 8.949043e-07 4.730736e-03
103 1.170378e-03 8.944066e-02
104 6.610744e-04 2.219533e-02
105 7.997524e-05 2.398253e-02
106 1.263291e-05 4.462854e-03
107 2.037478e-06 3.155363e-03
108 3.514168e-04 4.951560e-02
109 6.299736e-04 8.335207e-02
110 5.525070e-07 1.309508e-02
111 9.185236e-05 7.092632e-02
112 1.144681e-04 6.956341e-02
113 7.067220e-04 1.732912e-01
114 2.923243e-04 3.548423e-02
115 3.662768e-04 1.278783e-01
116 6.181985e-04 1.779647e-01
117 1.627303e-06 1.100182e-02
118 3.174795e-07 5.288984e-03
119 7.390628e-03 1.490693e-01
120 1.524867e-03 3.495012e-01
121 4.450294e-07 3.602431e-03
122 1.851524e-08 4.885699e-03
123 2.073356e-03 6.526113e-02
124 1.714039e-04 1.894947e-02
125 1.440587e-05 8.279186e-03
126 1.463424e-04 1.196765e-02
127 4.388844e-05 8.415381e-03
128 2.288897e-03 3.655302e-02
129 4.429878e-04 1.610443e-02
130 2.701122e-06 7.084420e-03
131 7.899213e-04 1.260175e-01
132 7.223202e-07 2.942679e-03
133 1.858852e-03 1.977984e-01
134 1.235064e-05 1.234830e-02
135 2.446309e-04 8.618158e-03
136 1.750098e-05 8.432440e-03
137 3.455057e-06 4.788777e-03
138 1.573958e-06 1.188335e-02
139 9.612794e-07 5.522231e-03
140 1.021899e-05 4.443220e-03
141 9.954810e-03 6.150053e-01
142 2.128838e-03 8.660353e-02
143 1.783161e-05 6.351546e-03
144 7.922783e-06 9.910878e-03
145 5.057256e-05 1.309375e-02
146 1.655877e-07 4.139414e-03
147 9.425838e-04 2.438248e-01
148 2.340450e-05 3.469581e-03
149 1.011785e-06 7.271483e-03
150 1.897826e-06 4.346325e-03
151 9.285945e-07 1.302783e-02
152 2.546561e-06 2.012138e-02
153 3.211333e-07 1.445703e-02
154 2.619909e-05 4.233478e-02
155 2.864259e-07 2.493034e-03
156 1.763936e-05 6.584878e-03
157 4.315192e-08 8.680271e-03
158 8.669347e-06 4.561073e-03
159 4.345731e-06 7.687957e-03
160 3.249324e-04 5.162668e-02
161 1.975669e-04 1.419797e-02
162 6.622379e-08 1.019346e-02
163 5.601890e-06 5.286061e-03
164 8.079597e-05 5.226298e-02
165 9.310648e-05 4.609494e-03
166 2.616114e-06 3.916900e-03
167 5.060388e-06 5.716293e-03
168 2.020859e-04 1.307914e-02
169 9.155898e-04 6.267350e-02
170 1.402476e-03 3.484073e-01
171 7.080024e-07 5.180928e-03
172 1.181774e-04 4.635531e-02
173 8.356942e-05 1.099615e-02
174 1.230193e-05 6.847416e-03
175 6.518248e-07 3.160254e-03
176 1.012218e-04 2.226580e-02
177 5.549704e-07 4.699521e-03
178 2.416320e-05 1.284591e-02
179 3.489345e-05 4.312409e-02
180 2.372594e-06 5.507189e-03
181 3.615443e-04 6.560884e-02
182 2.292191e-07 2.764081e-03
183 1.384243e-05 2.032527e-02
184 7.571103e-05 3.053232e-02
185 3.840439e-07 4.900649e-03
186 1.026395e-05 5.983527e-03
187 1.557937e-04 1.085317e-01
188 1.696210e-04 5.462802e-02
189 1.141865e-08 4.367729e-03
190 6.821938e-04 9.987428e-02
191 4.112992e-06 1.621380e-02
192 7.368620e-05 3.413900e-02
193 1.940315e-05 3.835961e-02
194 2.628092e-06 5.257024e-03
195 7.511973e-03 6.379852e-01
196 8.516801e-07 3.425789e-03
197 9.202186e-03 2.901867e-01
198 1.930104e-03 9.106371e-02
199 3.948774e-03 5.250090e-01
200 3.059313e-04 1.088318e-01
201 8.280730e-07 2.870022e-03
202 5.599607e-03 2.452760e-01
203 7.430610e-03 2.497324e-01
204 1.850475e-06 6.727685e-03
205 8.426192e-04 1.194618e-01
206 7.513936e-06 1.233049e-02
207 1.751455e-06 3.048554e-03
208 1.214306e-02 1.170042e-01
209 5.340418e-04 3.047200e-01
210 2.609767e-03 1.581364e-01
211 6.174650e-05 3.218651e-02
212 6.195295e-04 4.612226e-02
213 1.572818e-03 1.720972e-01
214 1.117587e-03 1.508740e-01
215 6.199994e-07 1.251938e-02
216 1.126277e-05 1.006420e-02
217 6.200354e-06 5.579522e-03
218 6.439228e-07 8.192263e-02
219 1.419640e-07 2.727511e-03
220 4.409869e-04 1.547724e-01
221 1.451824e-03 1.272349e-01
222 2.445128e-05 2.097160e-02
223 1.470233e-05 6.042019e-03
224 2.744300e-05 7.680218e-03
225 7.488499e-04 6.928616e-02
226 3.285403e-07 2.739930e-03
227 1.142692e-04 2.890965e-02
228 1.599072e-04 1.055280e-01
229 4.765060e-03 1.238704e-01
230 1.766945e-04 1.227303e-02
231 2.005745e-05 3.056754e-02
232 5.801351e-05 5.857686e-03
233 2.606747e-07 5.582571e-03
234 1.117682e-04 1.404351e-02
235 1.034647e-03 7.175864e-02
236 1.417564e-03 1.038653e-01
237 4.518637e-06 4.633926e-03
238 3.106358e-05 1.834691e-02
239 7.482744e-05 9.014281e-03
240 4.241543e-05 2.843500e-02
241 2.698510e-05 5.087248e-02
242 1.982172e-06 7.818459e-03
243 3.517424e-07 2.940588e-03
244 6.136288e-05 1.624206e-02
245 5.226516e-04 4.620489e-02
246 2.113086e-03 2.075906e-01
247 2.268682e-04 3.328933e-02
248 4.118066e-04 1.624326e-01
249 1.729220e-03 6.044009e-02
250 2.493390e-04 8.950757e-02
251 6.580910e-07 3.100414e-03
252 6.021208e-03 2.591470e-01
253 5.131250e-05 3.319386e-02
254 6.330382e-04 5.998142e-02
255 3.051713e-07 5.807534e-03
256 1.725111e-09 2.411297e-03
257 6.821830e-05 3.272021e-02
258 1.849562e-03 6.340167e-02
259 3.043587e-05 5.657039e-03
260 3.643794e-05 2.344560e-02
261 2.342259e-04 1.078609e-02
262 1.004469e-07 2.745166e-03
263 2.469094e-06 1.249042e-02
264 2.554729e-03 5.933122e-02
265 2.605092e-05 3.484676e-02
266 2.166473e-04 1.489026e-02
267 2.430015e-05 1.274447e-02
268 1.524567e-07 4.226996e-03
269 6.120434e-07 8.199704e-03
270 1.321900e-09 3.210809e-03
271 1.308062e-03 1.172306e-01
272 6.203693e-07 9.834560e-03
273 4.767142e-05 2.094209e-01
274 1.406939e-05 9.949560e-03
275 1.143391e-05 4.821840e-03
276 6.637873e-08 6.606074e-03
277 1.131886e-05 1.475609e-02
278 3.348168e-07 2.870552e-02
279 8.326650e-07 9.715128e-03
280 2.677348e-03 1.759319e-01
281 9.593057e-04 1.650316e-01
282 2.160195e-06 1.126086e-02
283 1.690022e-05 9.037283e-02
284 2.000327e-06 1.570859e-02
285 6.509616e-04 1.371407e-01
286 4.183301e-07 4.096339e-03
287 9.736409e-06 7.523402e-03
288 7.766975e-05 1.605168e-02
289 4.521105e-05 1.609623e-02
290 1.036684e-03 6.233246e-02
291 4.086777e-08 3.418244e-03
292 1.889983e-06 1.434140e-02
293 4.936586e-08 6.291018e-03
294 5.340212e-08 3.032554e-03
295 3.779863e-06 7.228012e-02
296 3.213164e-03 1.753805e-01
297 2.970117e-06 1.490973e-02
298 2.680924e-07 4.834333e-03
299 9.941778e-07 7.385457e-03
300 1.710781e-05 6.845092e-02
301 4.842296e-03 1.181331e-01
302 8.562804e-04 4.687315e-02
303 8.445750e-06 5.519151e-02
304 3.679696e-06 5.008060e-03
305 2.788204e-03 2.080334e-01
306 3.515704e-06 2.475731e-03
307 1.016717e-03 1.574971e-01
308 2.157369e-05 3.068404e-03
309 4.236183e-04 7.399554e-02
310 5.577603e-06 1.104652e-02
311 1.275832e-05 1.028900e-02
312 2.087468e-05 4.227659e-02
313 3.126347e-03 8.986635e-02
314 4.490861e-06 8.286290e-03
315 4.134859e-05 1.500324e-02
316 5.304524e-03 4.284831e-01
317 1.824998e-04 5.031497e-02
318 1.058645e-03 1.987935e-01
319 1.053072e-05 1.310796e-02
320 6.998342e-06 2.351324e-02
321 4.565330e-06 3.188873e-03
322 1.492301e-08 4.721174e-03
323 3.607988e-03 3.377479e-01
324 3.329571e-06 3.441462e-02
325 9.112475e-05 8.492767e-03
326 4.838113e-06 9.098099e-03
327 3.234005e-05 1.413746e-02
328 1.758398e-04 6.826394e-03
329 4.413487e-04 7.531109e-02
330 5.370041e-05 4.324260e-03
331 1.778776e-03 1.268997e-01
332 3.210661e-06 1.583394e-02
333 6.172363e-07 6.084614e-03
334 2.809385e-05 2.409292e-02
335 1.076837e-09 4.417430e-03
336 2.858838e-07 5.577457e-03
337 2.441171e-07 3.124549e-03
338 3.101436e-04 1.110044e-01
339 2.076572e-03 5.133652e-02
340 7.354504e-07 3.005808e-02
341 1.091695e-03 1.192444e-01
342 3.352629e-03 8.074284e-02
343 2.326487e-08 8.551190e-03
344 1.324783e-04 6.623042e-02
345 1.254807e-02 7.667219e-01
346 5.118365e-05 5.393402e-02
347 1.267185e-07 3.185143e-03
348 8.455873e-04 8.289856e-02
349 1.257768e-04 9.170973e-03
350 2.382628e-06 7.108242e-03
351 4.886207e-04 2.380312e-01
352 3.198514e-05 3.110294e-02
353 5.613315e-06 3.484935e-03
354 9.652216e-04 2.413708e-02
355 9.467798e-05 3.334744e-02
356 3.373468e-05 1.839742e-02
357 1.029165e-03 1.803828e-01
358 6.233407e-06 1.603272e-02
359 8.506313e-07 4.087479e-03
360 7.048456e-06 3.771523e-02
361 3.254034e-05 1.717667e-02
362 1.794774e-05 5.596983e-02
363 1.076384e-02 2.948026e-01
364 6.408430e-04 2.501004e-01
365 9.296168e-06 3.485370e-02
366 1.218259e-04 4.785279e-02
367 1.339603e-06 5.114902e-03
368 1.642201e-03 1.762136e-01
369 5.431012e-06 6.331419e-03
370 7.449524e-07 1.271282e-02
371 6.777011e-05 7.695123e-02
372 2.486819e-04 6.956041e-02
373 2.643485e-06 4.878011e-03
374 2.658329e-09 4.621659e-03
375 3.683423e-08 2.763640e-03
376 3.302036e-06 3.510338e-03
377 2.678227e-03 4.360570e-01
378 6.447724e-07 5.539255e-03
379 4.864997e-04 1.048790e-01
380 5.095094e-03 3.825716e-01
381 2.582026e-06 2.416482e-02
382 1.814671e-06 4.614329e-03
383 1.119782e-04 1.170059e-01
384 2.769149e-04 2.791706e-02
385 4.078649e-05 1.729736e-02
386 1.847486e-06 2.948109e-03
387 2.818273e-06 1.524265e-02
388 5.243916e-04 2.077749e-01
389 2.259475e-05 1.942087e-02
390 5.259934e-05 4.662602e-02
391 1.133332e-04 3.147785e-02
392 4.153893e-03 2.654932e-01
393 6.218363e-07 3.740309e-03
394 1.819858e-02 2.711838e-01
395 1.573121e-04 1.089425e-02
396 2.375647e-05 1.441320e-02
397 9.746335e-04 5.949024e-02
398 1.058971e-08 5.554770e-03
399 2.308477e-04 6.186989e-02
400 5.486570e-05 2.479646e-02
401 1.299467e-07 2.965832e-03
402 1.208076e-05 1.004320e-02
403 7.126421e-05 1.464942e-01
404 3.332078e-05 1.595860e-02
405 8.781777e-07 9.403282e-03
406 9.143641e-03 2.391745e-01
407 8.919253e-06 7.785644e-02
408 3.578582e-06 2.787943e-02
409 1.077626e-06 3.784958e-02
410 1.100757e-05 6.303688e-03
411 6.039028e-06 4.989763e-03
412 6.938251e-04 3.277015e-02
413 1.877333e-04 1.409127e-02
414 1.658785e-05 1.704151e-02
415 6.865450e-09 2.578988e-03
416 6.893127e-04 9.664557e-02
417 4.087952e-05 7.551941e-03
418 1.289736e-02 1.133055e-01
419 3.681295e-03 1.133362e-01
420 4.664294e-05 1.032246e-01
421 1.430474e-05 7.442529e-03
422 7.637621e-06 3.093603e-02
423 9.200010e-05 1.781691e-02
424 4.013504e-05 1.937185e-02
425 1.361419e-03 2.136713e-01
426 4.036356e-05 8.119907e-03
427 5.347705e-05 7.356817e-02
428 4.370573e-04 7.502321e-02
429 1.000070e-06 1.571400e-02
430 4.175792e-05 6.681515e-03
431 2.702558e-08 2.442632e-03
432 1.467021e-06 6.385902e-03
433 9.457982e-08 2.830159e-03
434 2.678142e-06 3.817027e-03
435 1.319386e-03 1.425055e-01
436 6.036166e-06 3.353997e-03
437 1.841081e-03 9.545498e-02
438 3.106005e-07 4.793538e-03
439 8.534904e-07 4.429067e-03
440 1.203731e-05 8.169657e-03
441 6.888453e-05 1.362081e-02
442 1.334931e-07 4.748493e-03
443 2.283180e-06 5.073852e-03
444 4.006241e-05 1.497779e-02
445 1.395925e-03 7.395515e-02
446 4.748247e-06 3.455084e-02
447 1.335084e-05 3.915228e-03
448 5.618816e-04 3.014503e-02
449 5.036826e-08 6.228240e-03
450 3.497159e-05 2.123264e-02
451 1.271368e-08 2.606249e-03
452 3.251248e-03 2.360078e-01
453 6.144506e-07 1.053367e-02
454 8.019159e-05 3.514691e-02
455 5.727325e-05 1.215194e-02
456 4.502332e-05 1.835526e-02
457 7.060030e-03 1.739645e-01
458 3.018995e-04 1.065506e-01
459 2.032664e-05 1.946231e-02
460 7.479440e-04 4.747121e-02
461 7.068388e-08 4.422754e-03
462 1.945087e-07 7.738722e-03
463 1.258189e-04 1.547148e-01
464 7.484961e-07 1.287889e-02
465 4.773458e-06 8.823315e-03
466 1.456355e-06 3.736052e-03
467 9.125903e-08 1.493580e-02
468 1.318481e-10 2.943653e-03
469 4.906034e-04 3.106872e-02
470 8.411318e-04 8.364918e-02
471 1.776596e-05 5.714025e-03
472 1.495722e-05 4.104244e-03
473 2.703188e-04 8.345249e-02
474 2.481040e-04 5.342362e-02
475 2.061154e-06 6.242095e-03
476 6.193811e-06 9.644092e-03
477 6.169701e-03 1.014510e-01
478 1.624513e-06 3.426663e-03
479 6.075651e-06 2.960037e-03
480 1.685571e-06 8.595802e-03
481 4.046622e-04 1.761637e-02
482 2.753649e-04 2.188744e-02
483 4.283644e-08 2.808327e-03
484 5.448958e-06 3.732489e-03
485 1.509872e-05 3.702474e-03
486 1.408411e-05 2.517319e-02
487 1.172252e-05 1.447197e-02
488 1.386299e-06 2.680313e-03
489 8.632413e-03 3.368060e-01
490 3.319524e-04 6.780429e-02
491 4.518502e-04 6.355569e-02
492 6.013516e-04 5.146999e-02
493 5.953475e-06 3.366126e-03
494 2.002039e-03 2.793252e-01
495 8.707210e-03 2.595106e-01
496 2.017759e-07 2.603062e-03
497 1.021060e-04 2.913229e-02
498 8.428395e-07 7.087421e-03
499 5.425394e-07 4.405551e-03
500 7.448363e-07 4.223567e-03
501 2.518900e-03 9.285397e-02
502 2.608686e-06 1.436555e-02
503 3.858212e-05 9.304697e-03
504 1.124529e-03 4.504106e-01
505 1.063207e-05 8.496375e-03
506 4.362350e-07 1.492907e-02
507 1.945828e-07 5.691110e-03
508 3.584395e-08 3.907054e-03
509 4.002638e-04 2.947697e-02
510 1.631599e-06 1.260559e-02
511 5.057852e-04 1.658279e-01
512 1.070856e-05 4.144105e-03
513 1.710416e-06 3.610263e-03
514 2.749889e-07 3.983167e-03
515 1.822008e-04 2.596986e-02
516 3.741236e-07 6.106653e-03
517 1.247894e-07 2.724134e-03
518 8.819775e-08 6.510273e-03
519 1.789617e-05 9.268913e-03
520 9.573123e-06 8.266719e-03
521 3.748097e-07 7.342815e-03
522 9.807792e-05 1.016870e-02
523 2.083430e-05 3.609695e-02
524 1.528326e-07 3.388513e-03
525 1.180517e-06 4.886040e-03
526 1.004191e-06 5.846555e-03
527 5.682996e-08 3.307891e-03
528 1.145677e-03 3.652580e-02
529 1.223960e-02 2.621871e-01
530 2.553345e-04 2.148978e-02
531 5.463525e-07 2.600999e-03
532 5.053327e-07 5.944752e-03
533 8.699396e-05 1.268931e-02
534 1.313944e-06 6.601140e-02
535 1.795572e-04 3.631474e-02
536 2.406148e-03 1.766146e-01
537 2.575320e-03 1.514628e-01
538 8.847778e-04 3.095033e-01
539 8.134328e-05 7.627908e-03
540 2.332736e-05 1.807302e-02
541 9.724361e-04 9.062385e-02
542 3.124972e-03 1.120284e-01
543 9.307496e-06 7.477877e-03
544 2.502658e-04 2.330416e-02
545 1.034222e-06 1.100918e-02
546 8.405044e-07 1.287056e-02
547 1.943639e-03 1.895281e-01
548 1.278481e-03 2.870305e-01
549 1.839791e-04 4.959369e-02
550 2.582141e-05 1.735332e-02
551 5.837121e-06 9.929824e-03
552 2.143197e-06 5.638752e-03
553 1.263581e-06 3.936576e-03
554 4.719130e-07 6.220962e-03
555 4.177313e-05 1.768384e-02
556 3.795971e-05 1.751134e-02
557 7.243866e-04 1.027885e-01
558 1.262016e-04 1.617254e-02
559 1.288193e-03 8.566445e-02
560 3.400903e-05 3.685382e-03
561 3.505582e-05 1.587582e-02
562 2.737162e-09 2.855298e-03
563 4.238120e-03 1.616828e-01
564 1.500286e-04 4.550545e-02
565 1.027838e-04 1.201564e-02
566 2.223658e-05 5.234839e-03
567 1.316935e-03 1.096157e-01
568 5.471631e-06 6.019436e-02
569 6.269811e-05 2.858625e-02
570 4.588974e-05 1.092073e-02
571 1.438258e-03 2.644588e-01
572 1.337868e-06 7.791009e-03
573 5.086535e-04 1.101493e-01
574 2.315966e-05 1.787216e-02
575 2.316890e-06 4.109532e-03
576 2.353649e-04 2.309506e-02
577 4.002978e-06 3.224852e-02
578 1.030916e-03 1.148450e-01
579 4.807772e-05 6.252142e-03
580 4.718449e-03 3.986514e-01
581 2.369640e-03 1.627931e-01
582 3.446979e-05 2.586917e-02
583 3.801824e-04 7.552774e-02
584 3.401921e-05 2.873740e-02
585 3.045937e-08 5.966160e-03
586 6.591266e-04 4.342437e-02
587 5.777653e-06 1.307215e-02
588 1.002810e-02 3.200835e-01
589 2.798291e-03 1.897046e-01
590 3.136045e-03 1.652384e-01
591 2.100731e-05 8.482112e-03
592 4.745103e-05 1.661625e-02
593 8.896995e-05 1.275917e-02
594 2.349087e-04 1.880102e-02
595 5.854956e-05 1.422637e-01
596 9.655029e-06 1.499662e-02
597 8.324787e-05 1.265171e-02
598 6.562973e-06 1.202050e-02
599 9.354144e-06 1.323614e-02
600 4.883361e-05 1.742880e-02
601 2.290468e-06 5.382250e-03
