1 3.023552e-03 1.884643e-01
2 6.275610e-06 5.656213e-02
3 3.704478e-04 1.522404e-01
4 1.305565e-05 8.756341e-03
5 8.345384e-10 2.620892e-03
6 9.900949e-03 1.837737e+00
7 1.154876e-02 2.785784e+00
8 5.959590e-04 2.810725e-01
9 1.929365e-09 3.477768e-02
10 7.692572e-03 2.537278e-01
11 9.382085e-12 4.792369e-03
12 7.263134e-05 1.811450e-02
13 3.555773e-03 7.300803e-01
14 1.052680e-08 1.226384e-02
15 1.331111e-03 4.277874e-01
16 8.182287e-03 5.935655e-01
17 2.660788e-10 6.384375e-03
18 5.057967e-03 2.945642e-01
19 2.336359e-04 2.829379e-01
20 1.098999e-12 3.055920e-03
21 1.139042e-02 1.946433e+00
22 3.939832e-03 1.336314e-01
23 9.733140e-07 4.872531e-03
24 1.107966e-03 2.311835e-01
25 6.824171e-05 1.875188e-02
26 1.550535e-03 2.324162e-01
27 8.847014e-05 2.104880e-02
28 7.018187e-11 4.315923e-03
29 4.764634e-03 1.278131e+00
30 1.233133e-02 2.228081e+00
31 4.505313e-05 8.237717e-02
32 5.520383e-05 4.838685e-01
33 8.673225e-10 2.850717e-03
34 1.085151e-12 4.800500e-03
35 4.202647e-04 9.369072e-02
36 1.420423e-02 1.326723e+00
37 2.633275e-10 3.822126e-03
38 1.865151e-05 5.262951e-02
39 7.664134e-12 2.540394e-03
40 9.221341e-11 4.967559e-03
41 4.833826e-05 1.763716e-01
42 9.687315e-07 9.862928e-02
43 5.263575e-07 4.893443e-02
44 2.126934e-06 8.014990e-03
45 2.774959e-03 4.092737e-01
46 2.106766e-05 9.578560e-03
47 6.882849e-03 6.232730e-01
48 1.926120e-11 2.121761e-02
49 3.324537e-06 6.671960e-03
50 1.004276e-02 1.718103e+00
51 1.057956e-03 4.631340e-01
52 2.764669e-04 6.525588e-02
53 1.694393e-07 2.829154e-03
54 4.564647e-09 3.166974e-03
55 6.966239e-06 2.455007e-02
56 1.527146e-02 6.549936e-01
57 4.084124e-08 6.558246e-02
58 4.238454e-03 2.644925e-01
59 3.094081e-04 3.782966e-01
60 2.516303e-06 5.238898e-02
61 6.795017e-03 1.148381e+00
62 2.242942e-03 8.080165e-01
63 2.094280e-11 3.773095e-03
64 3.163420e-07 4.551388e-02
65 4.691460e-04 2.073174e-01
66 1.427631e-12 2.676713e-03
67 1.912922e-08 3.924517e-02
68 1.074059e-08 6.700563e-03
69 1.265888e-09 8.552217e-03
70 8.434503e-10 1.156333e-02
71 2.504702e-03 5.175087e-01
72 8.273955e-08 4.782112e-03
73 2.800103e-10 4.359213e-03
74 7.589684e-05 1.324617e-01
75 8.356359e-10 3.042079e-03
76 1.259671e-05 1.208919e-02
77 1.115571e-11 5.688701e-03
78 5.460955e-03 1.259647e+00
79 9.737485e-03 1.318740e+00
80 2.091433e-09 6.044682e-02
81 3.799539e-11 4.248599e-03
82 1.072875e-08 4.126484e-03
83 1.178244e-07 4.352828e-03
84 4.328648e-07 7.283568e-03
85 1.325768e-03 2.847318e-01
86 2.007465e-04 4.728049e-02
87 5.670467e-11 3.814869e-03
88 2.484061e-10 7.631889e-03
89 2.819045e-05 3.279421e-01
90 2.413032e-04 1.126004e-01
91 1.907594e-04 6.402477e-03
92 1.963188e-02 1.450452e+00
93 4.664557e-06 5.996447e-03
94 1.894550e-09 6.106634e-03
95 1.814171e-03 1.106199e-01
96 2.768018e-09 4.638539e-03
97 2.076928e-08 1.444814e-02
98 1.586654e-07 5.222575e-03
99 3.335630e-07 3.901098e-03
100 7.266500e-03 2.853675e+00
101 1.560885e-10 9.948097e-03
102 1.003186e-10 7.142483e-03
103 7.176761e-03 4.193090e-01
104 1.511080e-04 2.015127e-01
105 5.099424e-06 7.945252e-02
106 7.714015e-06 1.753530e-02
107 6.395927e-10 4.152702e-03
108 2.305434e-08 4.796782e-03
109 1.176415e-10 1.117889e-02
110 6.058680e-06 7.684933e-02
111 1.490993e-10 9.035338e-03
112 4.694103e-06 8.329789e-03
113 3.438609e-04 1.620471e-01
114 3.192324e-03 4.824548e-01
115 4.969649e-03 1.517426e+00
116 4.372777e-03 6.296293e-01
117 1.072501e-04 1.956666e-01
118 2.547490e-02 2.113947e+00
119 1.980760e-06 3.169713e-02
120 1.615016e-05 6.545348e-02
121 6.341915e-04 2.338029e-01
122 1.403780e-04 1.345085e-01
123 1.321439e-08 6.351276e-03
124 6.958449e-04 8.251542e-02
125 3.980672e-08 1.005044e-02
126 3.241354e-07 1.036055e-01
127 5.799501e-08 9.101903e-03
128 9.728359e-06 5.187626e-02
129 1.794252e-06 3.297247e-02
130 9.693890e-09 7.326107e-03
131 1.464023e-07 8.154029e-03
132 3.986508e-05 2.554059e-02
133 1.201048e-05 2.484773e-02
134 1.368853e-05 9.986836e-02
135 5.328553e-08 8.448016e-03
136 8.150203e-05 2.159400e-02
137 2.874283e-08 1.480802e-02
138 4.309086e-09 1.127368e-02
139 3.940751e-09 1.193018e-02
140 1.929081e-10 5.667109e-03
141 4.338163e-09 1.120186e-02
142 1.363939e-07 1.050862e-02
143 2.889604e-07 7.505196e-03
144 1.049398e-08 1.444884e-02
145 1.038827e-08 8.295615e-03
146 8.593245e-10 6.847218e-03
147 2.666973e-08 1.734223e-02
148 2.412594e-08 1.100827e-02
149 2.556080e-08 1.202282e-02
150 7.015063e-10 6.165445e-03
151 4.727394e-09 1.434631e-02
152 1.329516e-07 6.325098e-03
153 5.848949e-06 1.487618e-02
154 7.771982e-10 1.323555e-02
155 7.694325e-10 1.252748e-02
156 6.725117e-06 5.792845e-02
157 9.554276e-09 8.672905e-03
158 4.119128e-05 2.688679e-02
159 3.454565e-05 4.178376e-02
160 7.741160e-06 4.123435e-02
161 1.018607e-05 2.165861e-02
162 1.584728e-04 2.624768e-02
163 1.054735e-05 2.404770e-02
164 5.939122e-07 1.052424e-02
165 3.238212e-06 5.651403e-03
166 5.789205e-07 9.450173e-03
167 6.262583e-05 4.095765e-02
168 1.693298e-06 1.325289e-02
169 5.740704e-05 2.611882e-02
170 8.019316e-08 3.291837e-02
171 9.860311e-06 2.278905e-02
172 7.392580e-08 7.880553e-03
173 3.231229e-06 2.659307e-02
174 3.518849e-04 3.346112e-01
175 3.248341e-07 1.842687e-02
176 1.334477e-06 3.343392e-02
177 1.895809e-05 2.462120e-02
178 2.117012e-07 2.627491e-02
179 1.776309e-06 3.317058e-02
180 3.543544e-07 3.342308e-02
181 3.233811e-08 1.016171e-02
182 2.051317e-07 3.086944e-02
183 1.229227e-06 2.780875e-02
184 4.609418e-06 5.038936e-02
185 5.348645e-05 6.627165e-02
186 1.243981e-04 5.132643e-02
187 4.412457e-06 1.831089e-02
188 1.912735e-07 1.181183e-02
189 4.442792e-06 4.500170e-02
190 5.910597e-07 1.751512e-02
191 2.557205e-05 5.977028e-02
192 4.655504e-07 1.388631e-02
193 2.344386e-05 4.248219e-02
194 1.477767e-06 1.383226e-02
195 2.552862e-06 2.482880e-02
196 2.178616e-06 4.519968e-02
197 5.365205e-06 4.292111e-02
198 1.993566e-06 3.462519e-02
199 8.648175e-08 1.980663e-02
200 8.536035e-10 5.390165e-03
201 5.547445e-08 1.263086e-02
202 3.849956e-06 2.316238e-02
203 6.385801e-07 5.972997e-03
204 1.320303e-06 1.898266e-02
205 1.868171e-06 2.685731e-02
206 1.893664e-08 1.185222e-02
207 4.514301e-06 9.703206e-03
208 8.410723e-09 2.564698e-02
209 7.425386e-07 1.317897e-02
210 2.962562e-07 1.981516e-02
211 2.075614e-07 1.554591e-02
212 3.077379e-04 1.598342e-01
213 8.786145e-05 5.598586e-02
214 2.677200e-08 3.771210e-03
215 3.590723e-04 3.754391e-02
216 8.399500e-07 6.537838e-02
217 1.454751e-06 1.623601e-02
218 6.958732e-05 4.824592e-02
219 9.321751e-05 1.896149e-02
220 1.615269e-09 1.511464e-02
221 1.138711e-05 4.589535e-02
222 9.895992e-08 3.027452e-02
223 3.824993e-04 5.024914e-01
224 6.330889e-04 6.644773e-02
225 4.239325e-05 1.389135e-02
226 1.462050e-07 3.556274e-03
227 2.273834e-06 7.599911e-03
228 3.577129e-05 2.058519e-02
229 1.637907e-05 2.032916e-02
230 8.253842e-05 2.947221e-02
231 1.263761e-04 2.741859e-02
232 3.153503e-04 3.516649e-02
233 6.340439e-06 8.377443e-03
234 5.068030e-06 5.769778e-03
235 1.270583e-05 1.202538e-02
236 9.073658e-09 5.317941e-03
237 8.223072e-05 3.122847e-02
238 1.020040e-05 1.201882e-02
239 7.875119e-07 8.367451e-03
240 4.938542e-08 7.087102e-03
241 5.075472e-06 6.850028e-03
242 3.189149e-05 3.736635e-02
243 1.706094e-06 5.445143e-03
244 1.064936e-08 7.788449e-03
245 4.475350e-04 1.487254e-02
246 2.004173e-04 3.266545e-02
247 1.188993e-05 8.190955e-03
248 3.373973e-05 1.218614e-02
249 6.874893e-05 4.234436e-02
250 9.693770e-05 1.990826e-02
251 1.981464e-06 8.569224e-03
252 1.093785e-03 2.309298e-02
253 5.214365e-06 7.049117e-03
254 6.722567e-05 4.530394e-02
255 1.187015e-05 1.481007e-02
256 7.137896e-09 4.762227e-03
257 1.241964e-05 1.149948e-02
258 5.193525e-03 2.232187e-01
259 3.478920e-04 4.153980e-02
260 5.837121e-05 5.545580e-02
261 1.983276e-04 9.432048e-02
262 2.599892e-07 1.498566e-02
263 1.822962e-05 3.614082e-02
264 6.780338e-06 1.363654e-01
265 2.314852e-05 7.757980e-02
266 4.152263e-04 2.974482e-01
267 8.762012e-06 1.548152e-02
268 7.024245e-08 7.318717e-03
269 1.529266e-06 1.816310e-02
270 1.677495e-08 1.393959e-02
271 6.517157e-08 5.962645e-03
272 3.010289e-08 1.142502e-02
273 4.916715e-07 1.686825e-02
274 5.017703e-06 1.306539e-02
275 5.345264e-07 3.256395e-02
276 1.437951e-04 7.453813e-02
277 2.788979e-06 3.155918e-02
278 2.149161e-06 4.604974e-02
279 6.412920e-07 2.471224e-02
280 1.109554e-06 1.474593e-02
281 1.775174e-07 1.222266e-02
282 3.873362e-08 8.026699e-03
283 2.169098e-08 6.113799e-03
284 5.643519e-05 5.737820e-02
285 2.073220e-03 4.870039e-01
286 1.925150e-03 5.196618e-01
287 3.425730e-06 8.268079e-02
288 7.967399e-08 1.204688e-02
289 2.030733e-05 6.955409e-02
290 5.940852e-05 1.954776e-01
291 2.126163e-05 9.091268e-02
292 8.681682e-06 4.403075e-02
293 9.503669e-04 1.126283e+00
294 1.971985e-07 1.410171e-02
295 5.793491e-03 8.300513e-01
296 1.676593e-04 2.588010e-01
297 2.284447e-02 1.556726e+00
298 1.489487e-02 7.844555e-01
299 2.908352e-04 3.473613e-01
300 3.509330e-08 1.637699e-02
301 1.814145e-03 3.292352e-01
302 1.811120e-07 4.502485e-02
303 8.658048e-06 2.680739e-02
304 1.897313e-06 4.321152e-02
305 2.048169e-05 6.128433e-02
306 1.709969e-08 4.085958e-03
307 2.390630e-06 8.958241e-03
308 3.621479e-07 3.713524e-02
309 1.022661e-03 3.831404e-01
310 2.041661e-10 7.458884e-03
311 5.215910e-08 1.346796e-02
312 6.550925e-07 3.687557e-02
313 4.690577e-09 6.074268e-03
314 1.332538e-07 8.877637e-03
315 3.342124e-11 7.108206e-03
316 8.622412e-04 1.813289e-01
317 1.400200e-11 4.955160e-03
318 1.019378e-10 5.489178e-03
319 3.524686e-06 8.685752e-02
320 1.018843e-10 4.106604e-03
321 1.369349e-11 1.290921e-02
322 8.301032e-05 1.187357e-01
323 7.703142e-05 5.182970e-01
324 1.718855e-06 1.084655e-02
325 5.856554e-08 1.005072e-02
326 4.475639e-07 2.039242e-02
327 1.294295e-07 4.789868e-02
328 2.108135e-04 1.657001e-01
329 2.864040e-04 3.789509e-01
330 1.994264e-03 4.689408e-01
331 5.182029e-04 3.540144e-01
332 1.463105e-02 1.102912e+00
333 8.840047e-05 3.281436e-01
334 3.046699e-05 9.014259e-02
335 9.459264e-06 2.539782e-02
336 1.516938e-03 1.115497e+00
337 4.848151e-03 7.036211e-01
338 5.433091e-06 1.722975e-02
339 9.201705e-04 8.433485e-02
340 8.327056e-10 5.485545e-03
341 5.224498e-10 4.299603e-03
342 1.688279e-08 8.897537e-03
343 1.242250e-07 1.526268e-02
344 6.545837e-07 1.091473e-02
345 1.019590e-10 3.222212e-03
346 2.602576e-07 7.012759e-03
347 4.027299e-07 1.014597e-02
348 2.472386e-08 8.826813e-03
349 5.053360e-06 1.503786e-02
350 3.358848e-09 4.568259e-03
351 5.781362e-07 6.910804e-03
352 1.920799e-10 3.027021e-03
353 8.357084e-09 4.971221e-03
354 1.882347e-08 3.895810e-03
355 9.042031e-06 4.950152e-02
356 8.128847e-11 2.709836e-03
357 7.195927e-06 1.207798e-02
358 2.077056e-04 2.254853e-01
359 1.726312e-08 5.745079e-03
360 2.178592e-07 5.761625e-03
361 1.041770e-07 6.775309e-03
362 1.782433e-07 1.602368e-02
363 4.434465e-07 4.203097e-03
364 1.920799e-10 3.027021e-03
365 3.969015e-06 1.850951e-02
366 3.765688e-06 3.514070e-02
367 7.589078e-07 1.295725e-02
368 5.053360e-06 1.503786e-02
369 2.039045e-06 3.147859e-02
370 2.197833e-04 1.543558e-02
371 3.963747e-05 1.181425e-02
372 8.906493e-03 1.167052e+00
373 8.882682e-04 1.299473e-01
374 1.359443e-02 1.312098e+00
375 2.551707e-04 4.970713e-02
376 5.549900e-03 6.067209e-01
377 4.989973e-06 5.714052e-02
378 4.489245e-04 1.791869e-01
379 9.016149e-10 3.501204e-03
380 1.511474e-06 1.125129e-02
381 6.714217e-06 9.484848e-03
382 2.869262e-03 4.550396e-01
383 4.334664e-05 1.936214e-02
384 1.681371e-05 1.231889e-02
385 1.051739e-06 1.733275e-02
386 4.044862e-05 1.368664e-01
387 1.491237e-05 1.634117e-02
388 4.828256e-03 4.744156e-01
389 5.409451e-03 1.040615e+00
390 1.395271e-03 2.419230e-01
391 4.241424e-04 2.147416e-01
392 4.074522e-03 1.109707e+00
393 4.139427e-03 1.155095e+00
394 1.139488e-07 4.077116e-02
395 3.848751e-06 5.090604e-02
396 2.475179e-08 1.310754e-02
397 1.189520e-07 8.361459e-03
398 4.790719e-05 1.401664e-01
399 5.243864e-08 1.287726e-02
400 2.487992e-06 3.086905e-02
401 4.535047e-08 9.272889e-03
402 2.034566e-06 1.278188e-02
403 2.255461e-08 1.105145e-02
404 4.134495e-08 8.924745e-03
405 2.062510e-06 3.509833e-02
406 4.987990e-06 4.294462e-02
407 5.449175e-08 9.293429e-03
408 8.312250e-05 8.031290e-02
409 1.390899e-02 1.575098e+00
410 1.750629e-08 6.939269e-03
411 7.560815e-07 1.280128e-02
412 1.514621e-06 1.811987e-02
413 2.999273e-05 1.407819e-02
414 2.768543e-07 1.636673e-02
415 1.159373e-05 3.785724e-02
416 2.304682e-08 7.051645e-03
417 3.232822e-09 6.535177e-03
418 2.704862e-03 3.132820e-01
419 2.062091e-03 1.897920e-01
420 2.091321e-05 1.906386e-02
421 2.900392e-05 1.720348e-02
422 1.274526e-05 2.764644e-02
423 4.332161e-08 6.091141e-03
424 3.027827e-05 5.239867e-02
425 6.566691e-05 8.113117e-02
426 7.592322e-05 3.921303e-02
427 5.971676e-05 5.939344e-02
428 1.956162e-06 1.057747e-02
429 4.907019e-08 7.728249e-03
430 3.941649e-06 2.659454e-02
431 6.467698e-07 1.064320e-02
432 1.637799e-08 6.084980e-03
433 6.614915e-05 7.369261e-02
434 4.216397e-06 1.663749e-02
435 4.086887e-08 5.851289e-03
436 5.022133e-04 1.644387e-01
437 1.036277e-05 1.392693e-02
438 3.155199e-07 8.971243e-03
439 1.714655e-04 3.898963e-01
440 4.196142e-06 2.158120e-02
441 9.363840e-06 9.703021e-02
442 4.933468e-03 1.512475e+00
443 9.263578e-04 7.338410e-01
444 4.500718e-03 1.448221e+00
445 2.715590e-03 4.409518e-01
446 2.037273e-11 2.677572e-03
447 3.908654e-09 4.191542e-03
448 9.481832e-11 4.037342e-03
449 9.886943e-10 4.522019e-03
450 2.142495e-11 3.048981e-03
451 3.157879e-07 1.201105e-02
452 1.365118e-04 2.411763e-01
453 1.212719e-11 4.228812e-03
454 7.724751e-08 1.203843e-02
455 4.308840e-11 6.460882e-03
456 4.539027e-11 3.616552e-03
457 2.532011e-10 2.951651e-03
458 3.529615e-09 4.187273e-03
459 2.817352e-03 7.513968e-01
460 4.792685e-06 7.286056e-02
461 1.547840e-07 3.618041e-02
462 3.490428e-07 1.487636e-02
463 3.963745e-09 4.493824e-03
464 2.237092e-10 4.280246e-03
465 6.847732e-10 7.675453e-03
466 1.587614e-09 4.323093e-03
467 1.835243e-07 8.952718e-03
468 5.309658e-08 6.320303e-03
469 6.527146e-08 5.517473e-03
470 1.132549e-08 3.356126e-03
471 2.455320e-10 4.490464e-03
472 1.132054e-09 3.597909e-03
473 8.535200e-11 4.014843e-03
474 7.714362e-11 3.582485e-03
475 1.206915e-05 3.382469e-02
476 4.215073e-05 1.781524e-02
477 2.640471e-06 1.081303e-02
478 1.631671e-03 2.879667e-01
479 6.115568e-08 9.076620e-03
480 2.824527e-04 3.624761e-02
481 4.725616e-06 3.503303e-02
482 4.367552e-06 2.363587e-02
483 1.209400e-05 1.697405e-02
484 1.082103e-09 4.134835e-03
485 1.545791e-07 6.566440e-03
486 1.925934e-06 1.805297e-02
487 2.412966e-07 1.184205e-02
488 8.375779e-08 7.373752e-03
489 6.683213e-03 9.443989e-01
490 1.568507e-08 9.438313e-03
491 2.109908e-07 9.506128e-03
492 6.790032e-08 6.117294e-03
493 4.439433e-07 9.885279e-03
494 8.773107e-07 5.091127e-03
495 1.042193e-05 1.233144e-02
496 1.094686e-09 4.195797e-03
497 1.025637e-05 1.494465e-02
498 2.479782e-07 4.636751e-03
499 3.007141e-08 6.056029e-03
500 4.860161e-09 4.502329e-03
501 3.576396e-03 5.586552e-01
502 2.118208e-07 8.925617e-03
503 5.246092e-07 1.733673e-02
504 5.388689e-07 2.066707e-02
505 2.412866e-07 9.429558e-03
506 1.479841e-03 3.964038e-01
507 4.518470e-07 9.298719e-03
508 1.049431e-07 4.506235e-03
509 9.406141e-06 4.690589e-02
510 1.676765e-08 4.455523e-03
511 2.531853e-04 7.869572e-02
512 2.793201e-06 2.525069e-02
513 8.981844e-05 9.615643e-02
514 6.096130e-03 8.836024e-01
515 6.157698e-05 4.607587e-02
516 7.946242e-06 3.151947e-02
517 5.237481e-05 7.540015e-02
518 1.874534e-05 3.472124e-02
519 7.689262e-06 1.883125e-02
520 5.812148e-07 2.463159e-02
521 1.118092e-05 2.802993e-02
522 1.111656e-05 2.590297e-02
523 4.056133e-06 1.947255e-02
524 2.330026e-05 3.409364e-02
525 3.557571e-04 5.302304e-02
526 3.141261e-04 4.772188e-02
527 8.560730e-05 5.979114e-02
528 2.212392e-05 3.608345e-02
529 3.240752e-04 6.919208e-02
530 5.387563e-05 5.939138e-02
531 4.275860e-04 9.113794e-02
532 6.066200e-05 3.927947e-02
533 1.950109e-04 6.010489e-02
534 2.049270e-04 6.130043e-02
535 3.425771e-06 2.706215e-02
536 1.228018e-03 8.778055e-02
537 1.213289e-03 1.374042e-01
538 4.541473e-04 8.875708e-02
539 5.413385e-05 2.935794e-02
540 4.184045e-04 7.875382e-02
541 4.469551e-04 7.430621e-02
542 6.578708e-05 3.084660e-02
543 8.121777e-04 9.376085e-02
544 1.866530e-05 3.234348e-02
545 2.938063e-06 1.357687e-02
546 7.104339e-07 2.810104e-02
547 3.720651e-09 8.064994e-03
548 3.439499e-05 2.272862e-02
549 2.131849e-10 3.520879e-03
550 2.600757e-04 7.221048e-02
551 4.870273e-07 1.430897e-02
552 3.162553e-06 2.781497e-02
553 2.214643e-05 3.533091e-02
554 2.888600e-06 1.788360e-02
555 2.506077e-04 8.863256e-02
556 3.706574e-07 5.225081e-03
557 1.291985e-08 6.761030e-03
558 1.628604e-07 1.294491e-02
559 5.912117e-06 9.397878e-03
560 3.389314e-08 1.053358e-02
561 1.220157e-05 2.594884e-02
562 2.252048e-06 9.668406e-03
563 1.725305e-05 7.602604e-02
564 2.584125e-08 5.416649e-03
565 2.686225e-07 2.377833e-02
566 9.106948e-06 4.727711e-02
567 2.749085e-06 7.538132e-03
568 7.851687e-06 1.322802e-02
569 2.894978e-04 1.982348e-02
570 3.053475e-06 1.094084e-02
571 1.090911e-06 9.709480e-03
572 8.099814e-05 3.221721e-02
573 4.700821e-07 1.187166e-02
574 1.270951e-06 6.575573e-03
575 3.682201e-05 1.577101e-02
576 7.049630e-06 9.761683e-03
577 3.486989e-05 4.182405e-02
578 2.111882e-04 1.149449e-01
579 1.031235e-03 2.090788e-01
580 1.156123e-06 1.270112e-02
581 1.983055e-04 1.077895e-01
582 1.833513e-03 2.551382e-01
583 1.574021e-03 1.163237e-01
584 4.232425e-05 5.093431e-02
585 3.040167e-04 2.027028e-01
586 8.920890e-05 4.743670e-02
587 1.256963e-04 7.332805e-02
588 3.381878e-06 1.484293e-02
589 7.489927e-08 5.143510e-03
590 2.402741e-03 1.552807e-01
591 2.297438e-04 4.610207e-02
592 9.564191e-04 1.594792e-01
593 4.607202e-03 3.911031e-01
594 7.421689e-06 8.443953e-03
595 2.323701e-05 3.911108e-02
596 2.588322e-03 2.394636e-01
597 1.810554e-10 4.283708e-03
598 6.486607e-11 3.094183e-03
599 6.499913e-11 3.052939e-03
600 6.875977e-09 6.817829e-03
