1 1.102299e-03 2.229534e-01
2 2.353972e-06 5.660381e-02
3 3.884780e-04 1.565998e-01
4 4.995211e-06 8.823001e-03
5 3.097534e-10 2.620897e-03
6 8.293956e-03 1.925615e+00
7 1.033870e-02 2.923751e+00
8 1.188431e-03 2.917550e-01
9 3.625673e-09 3.477771e-02
10 2.885473e-03 3.048232e-01
11 3.142054e-12 4.792369e-03
12 6.307672e-05 1.903128e-02
13 1.336293e-03 7.681036e-01
14 8.233108e-09 1.226393e-02
15 1.156003e-03 4.445892e-01
16 5.341907e-04 6.160026e-01
17 2.310763e-10 6.384378e-03
18 4.422243e-03 3.448931e-01
19 2.064343e-04 2.854436e-01
20 8.669793e-13 3.055920e-03
21 4.272529e-03 2.022090e+00
22 1.433632e-03 1.609163e-01
23 1.701818e-07 4.881472e-03
24 4.563344e-04 2.480119e-01
25 2.564588e-05 1.948161e-02
26 1.346563e-03 2.519877e-01
27 3.384949e-05 2.150052e-02
28 2.486282e-11 4.315923e-03
29 1.564350e-03 1.314973e+00
30 1.043928e-02 2.347682e+00
31 3.771546e-05 8.305899e-02
32 2.964006e-04 4.853007e-01
33 7.532265e-10 2.850728e-03
34 4.027725e-13 4.800500e-03
35 1.980486e-03 1.035752e-01
36 5.139290e-03 1.385603e+00
37 4.221495e-11 3.822127e-03
38 6.996156e-06 5.275340e-02
39 1.349102e-12 2.540394e-03
40 3.663456e-11 4.967560e-03
41 2.218294e-05 1.766569e-01
42 1.808240e-06 9.864591e-02
43 8.454213e-08 4.893684e-02
44 1.847137e-06 8.041837e-03
45 1.029974e-03 4.242437e-01
46 1.841971e-05 9.788193e-03
47 2.785703e-03 6.473754e-01
48 1.724305e-11 2.121761e-02
49 1.233960e-06 6.689895e-03
50 3.686013e-03 1.805743e+00
51 5.285226e-04 4.743859e-01
52 2.400978e-04 6.874556e-02
53 6.289034e-08 2.830068e-03
54 1.694248e-09 3.166999e-03
55 1.215727e-06 2.458998e-02
56 1.529299e-02 8.131219e-01
57 3.215792e-08 6.558273e-02
58 4.158411e-03 3.346891e-01
59 5.814412e-04 3.827892e-01
60 9.218164e-07 5.240124e-02
61 2.589902e-03 1.177447e+00
62 4.729829e-03 8.566651e-01
63 3.263183e-12 3.773095e-03
64 1.045642e-07 4.551568e-02
65 9.881403e-04 2.152694e-01
66 5.239860e-13 2.676713e-03
67 3.570671e-08 3.924550e-02
68 9.490092e-09 6.700678e-03
69 4.646213e-10 8.552228e-03
70 5.506570e-11 1.156333e-02
71 8.388230e-04 5.330827e-01
72 1.554846e-07 4.783313e-03
73 2.431751e-10 4.359217e-03
74 6.706038e-05 1.332757e-01
75 6.244561e-11 3.042082e-03
76 1.962746e-06 1.215060e-02
77 3.736039e-12 5.688701e-03
78 2.052278e-03 1.318043e+00
79 7.276653e-04 1.356972e+00
80 4.278443e-09 6.044686e-02
81 5.920219e-12 4.248599e-03
82 1.671691e-09 4.126536e-03
83 1.051462e-07 4.353525e-03
84 3.759216e-07 7.289031e-03
85 1.186856e-03 3.005701e-01
86 6.591017e-05 4.883276e-02
87 2.081242e-11 3.814870e-03
88 9.305887e-11 7.631890e-03
89 5.766919e-05 3.285985e-01
90 4.811944e-04 1.169258e-01
91 6.864037e-05 8.346677e-03
92 7.023947e-03 1.577430e+00
93 2.107528e-05 6.076486e-03
94 3.536377e-09 6.106667e-03
95 3.166039e-04 1.210152e-01
96 2.068492e-10 4.638549e-03
97 3.292498e-09 1.444822e-02
98 2.792955e-08 5.223605e-03
99 2.661063e-07 3.903544e-03
100 5.796990e-03 2.906972e+00
101 3.193103e-10 9.948101e-03
102 7.860881e-11 7.142485e-03
103 6.424792e-03 5.050460e-01
104 1.184069e-04 2.037111e-01
105 3.995864e-06 7.952671e-02
106 1.449622e-05 1.764731e-02
107 1.193867e-09 4.152713e-03
108 1.839204e-08 4.796951e-03
109 9.218289e-11 1.117889e-02
110 4.747529e-06 7.693747e-02
111 2.394793e-11 9.035339e-03
112 8.648023e-06 8.404292e-03
113 6.110644e-04 1.663886e-01
114 5.672979e-03 5.227601e-01
115 9.173017e-03 1.655677e+00
116 3.914605e-03 6.818686e-01
117 4.030558e-05 1.968135e-01
118 9.620098e-03 2.230713e+00
119 1.552106e-06 3.172595e-02
120 3.014597e-05 6.573064e-02
121 4.969469e-04 2.430295e-01
122 2.620304e-04 1.369176e-01
123 1.035468e-08 6.351468e-03
124 1.298868e-03 9.445707e-02
125 3.175658e-08 1.005073e-02
126 2.585852e-07 1.036079e-01
127 4.544438e-08 9.102746e-03
128 7.760986e-06 5.194761e-02
129 1.431399e-06 3.298563e-02
130 7.733488e-09 7.326178e-03
131 1.167952e-07 8.155103e-03
132 3.180313e-05 2.583299e-02
133 9.581589e-06 2.493582e-02
134 1.092029e-05 9.996876e-02
135 9.946306e-08 8.448931e-03
136 1.521321e-04 2.299268e-02
137 2.293015e-08 1.480823e-02
138 3.437656e-09 1.127371e-02
139 1.319755e-09 1.193020e-02
140 3.600833e-10 5.667112e-03
141 3.460853e-09 1.120189e-02
142 1.088109e-07 1.050962e-02
143 2.305237e-07 7.507315e-03
144 8.371772e-09 1.444892e-02
145 8.287441e-09 8.295692e-03
146 1.604020e-09 6.847233e-03
147 8.931675e-09 1.734240e-02
148 1.924693e-08 1.100845e-02
149 4.771193e-08 1.202326e-02
150 5.596401e-10 6.165450e-03
151 1.583201e-09 1.434634e-02
152 1.060647e-07 6.326073e-03
153 4.666112e-06 1.491908e-02
154 6.200249e-10 1.323556e-02
155 6.029206e-10 1.252749e-02
156 5.365092e-06 5.797778e-02
157 7.622107e-09 8.672975e-03
158 3.286114e-05 2.718891e-02
159 2.755946e-05 4.203714e-02
160 1.444969e-05 4.136719e-02
161 1.901338e-05 2.183342e-02
162 1.376258e-04 2.824799e-02
163 9.159852e-06 2.418084e-02
164 5.157833e-07 1.053174e-02
165 2.812226e-06 5.692277e-03
166 5.027637e-07 9.457480e-03
167 5.438743e-05 4.174813e-02
168 1.470545e-06 1.327427e-02
169 1.125189e-04 2.731101e-02
170 6.964378e-08 3.291938e-02
171 4.106896e-06 2.288538e-02
172 6.420089e-08 7.881486e-03
173 2.806162e-06 2.663385e-02
174 3.055945e-04 3.390528e-01
175 5.679651e-08 1.842986e-02
176 5.558198e-07 3.344695e-02
177 7.896192e-06 2.480641e-02
178 8.817519e-08 2.627698e-02
179 7.398464e-07 3.318793e-02
180 1.475914e-07 3.342654e-02
181 2.808404e-08 1.016212e-02
182 8.543892e-08 3.087144e-02
183 5.119825e-07 2.782076e-02
184 4.003051e-06 5.044754e-02
185 2.227752e-05 6.679419e-02
186 5.181277e-05 5.254175e-02
187 1.854938e-06 1.835251e-02
188 7.966688e-08 1.181369e-02
189 1.850457e-06 4.504510e-02
190 2.461809e-07 1.752089e-02
191 2.537640e-04 6.147334e-02
192 2.046992e-06 1.390213e-02
193 1.030810e-04 4.327866e-02
194 6.497637e-06 1.388247e-02
195 2.533331e-05 2.499881e-02
196 2.161948e-05 4.534478e-02
197 5.324158e-05 4.327843e-02
198 1.978314e-05 3.475796e-02
199 3.802541e-07 1.980957e-02
200 3.753234e-09 5.390194e-03
201 2.439172e-07 1.263274e-02
202 1.692798e-05 2.329317e-02
203 1.306343e-06 5.987864e-03
204 2.700945e-06 1.901340e-02
205 8.214213e-06 2.692078e-02
206 3.873868e-08 1.185266e-02
207 9.234904e-06 9.808307e-03
208 1.720581e-08 2.564717e-02
209 1.519011e-06 1.319626e-02
210 6.060512e-07 1.982206e-02
211 4.246084e-07 1.555075e-02
212 6.295394e-04 1.669989e-01
213 1.797381e-04 5.803143e-02
214 5.476748e-08 3.771833e-03
215 7.345542e-04 4.590377e-02
216 1.718286e-06 6.539794e-02
217 2.975983e-06 1.626987e-02
218 1.423548e-04 4.986604e-02
219 1.906950e-04 2.113177e-02
220 3.304354e-09 1.511468e-02
221 2.329461e-05 4.616046e-02
222 2.024423e-07 3.027683e-02
223 7.824787e-04 5.113967e-01
224 1.104848e-04 7.007536e-02
225 1.590165e-05 1.417293e-02
226 5.484128e-08 3.557245e-03
227 8.529119e-07 7.615014e-03
228 2.797705e-05 2.090096e-02
229 1.281022e-05 2.047374e-02
230 6.455405e-05 3.020079e-02
231 9.883993e-05 2.853414e-02
232 2.466383e-04 3.795015e-02
233 4.958915e-06 8.433412e-03
234 3.963753e-06 5.814515e-03
235 9.937347e-06 1.213754e-02
236 7.096591e-09 5.318021e-03
237 6.431340e-05 3.195434e-02
238 7.977825e-06 1.210886e-02
239 6.159202e-07 8.374402e-03
240 3.862479e-08 7.087538e-03
241 3.969573e-06 6.894831e-03
242 2.494263e-05 3.764786e-02
243 1.334351e-06 5.460203e-03
244 3.994561e-09 7.788520e-03
245 3.500212e-04 1.882303e-02
246 1.567482e-04 3.443458e-02
247 9.299220e-06 8.295910e-03
248 2.638815e-05 1.248397e-02
249 5.376917e-05 4.295122e-02
250 7.581586e-05 2.076395e-02
251 1.549721e-06 8.586715e-03
252 8.554594e-04 3.274806e-02
253 4.078202e-06 7.095145e-03
254 5.257781e-05 4.589735e-02
255 9.283753e-06 1.491485e-02
256 5.582614e-09 4.762290e-03
257 9.713511e-06 1.160911e-02
258 9.080763e-04 2.709295e-01
259 7.703347e-04 5.103769e-02
260 2.431206e-05 5.602606e-02
261 8.260499e-05 9.625806e-02
262 4.545853e-08 1.498805e-02
263 4.036571e-05 3.663852e-02
264 2.824063e-06 1.364317e-01
265 9.641539e-06 7.780595e-02
266 1.638551e-04 3.028515e-01
267 1.532018e-06 1.556201e-02
268 2.925652e-08 7.319403e-03
269 6.298543e-07 1.818633e-02
270 2.933063e-09 1.393974e-02
271 6.394081e-08 5.963724e-03
272 5.263423e-09 1.142529e-02
273 2.047850e-07 1.687306e-02
274 8.773341e-07 1.311149e-02
275 2.226344e-07 3.256917e-02
276 5.674391e-05 7.640933e-02
277 4.876467e-07 3.158481e-02
278 8.480945e-07 4.607770e-02
279 1.121285e-07 2.471813e-02
280 1.088600e-06 1.476431e-02
281 3.103852e-08 1.222429e-02
282 3.800214e-08 8.027341e-03
283 2.128135e-08 6.114158e-03
284 5.536942e-05 5.831287e-02
285 2.034067e-03 5.213403e-01
286 7.929057e-04 5.489020e-01
287 7.585569e-06 8.277432e-02
288 2.233430e-07 1.204867e-02
289 5.692571e-05 7.001152e-02
290 5.828660e-05 1.964616e-01
291 2.086010e-05 9.126481e-02
292 8.517729e-06 4.417453e-02
293 2.104391e-03 1.152230e+00
294 1.934744e-07 1.410498e-02
295 4.790016e-03 8.781631e-01
296 2.979420e-04 2.609178e-01
297 8.368788e-03 1.667949e+00
298 5.456551e-03 8.569742e-01
299 2.525759e-04 3.510324e-01
300 3.047679e-08 1.637743e-02
301 9.062915e-04 3.485295e-01
302 1.572868e-07 4.502713e-02
303 2.011345e-05 2.707551e-02
304 1.647722e-06 4.323547e-02
305 1.778733e-05 6.154286e-02
306 1.485024e-08 4.086174e-03
307 2.076143e-06 8.988416e-03
308 3.145075e-07 3.713981e-02
309 2.375738e-03 4.148099e-01
310 7.577979e-11 7.458885e-03
311 4.529759e-08 1.346862e-02
312 5.689153e-07 3.688384e-02
313 4.073534e-09 6.074328e-03
314 1.157243e-07 8.879319e-03
315 2.902468e-11 7.108206e-03
316 7.488136e-04 1.922124e-01
317 5.197087e-12 4.955160e-03
318 8.852795e-11 5.489180e-03
319 3.061015e-06 8.690201e-02
320 8.848148e-11 4.106606e-03
321 1.189212e-11 1.290921e-02
322 9.417661e-04 1.249569e-01
323 3.556517e-04 5.215683e-01
324 3.516261e-06 1.088657e-02
325 3.204835e-07 1.005421e-02
326 1.681987e-07 2.039721e-02
327 4.864083e-08 4.790007e-02
328 7.922569e-05 1.679544e-01
329 1.076333e-04 3.820135e-01
330 7.494631e-04 4.902663e-01
331 4.587376e-04 3.637244e-01
332 5.498485e-03 1.259367e+00
333 3.322173e-05 3.290889e-01
334 1.144978e-05 9.046839e-02
335 3.554880e-06 2.549897e-02
336 5.700795e-04 1.131718e+00
337 1.821981e-03 7.554643e-01
338 4.809629e-06 1.733156e-02
339 7.340837e-04 9.108393e-02
340 7.454561e-10 5.485555e-03
341 4.677084e-10 4.299609e-03
342 3.151351e-08 8.897827e-03
343 2.318791e-07 1.526482e-02
344 2.726392e-07 1.092112e-02
345 4.246671e-11 3.222213e-03
346 2.260208e-07 7.016044e-03
347 1.677401e-07 1.014991e-02
348 1.029768e-08 8.827055e-03
349 4.388592e-06 1.510164e-02
350 1.398986e-09 4.568292e-03
351 2.407982e-07 6.916452e-03
352 8.000275e-11 3.027023e-03
353 3.480790e-09 4.971303e-03
354 1.685118e-08 3.896035e-03
355 7.852555e-06 4.961566e-02
356 3.385728e-11 2.709836e-03
357 2.997159e-06 1.214828e-02
358 8.651101e-05 2.275145e-01
359 7.190221e-09 5.745248e-03
360 9.074003e-08 5.763754e-03
361 9.326153e-08 6.776554e-03
362 7.423972e-08 1.602542e-02
363 1.846989e-07 4.207429e-03
364 8.000275e-11 3.027023e-03
365 3.553148e-06 1.855692e-02
366 3.371125e-06 3.518569e-02
367 1.416582e-06 1.297027e-02
368 4.388592e-06 1.510164e-02
369 1.825397e-06 3.150295e-02
370 4.730576e-04 1.833752e-02
371 8.531496e-05 1.233761e-02
372 3.407706e-03 1.212527e+00
373 3.986441e-03 1.475196e-01
374 1.250561e-02 1.388812e+00
375 2.284343e-04 5.275552e-02
376 5.105393e-03 6.380396e-01
377 4.453041e-06 5.717004e-02
378 4.006192e-04 1.818427e-01
379 7.830078e-10 3.501216e-03
380 1.312640e-06 1.127036e-02
381 5.830964e-06 9.569598e-03
382 2.491811e-03 4.912566e-01
383 3.764441e-05 1.990928e-02
384 1.460187e-05 1.253112e-02
385 1.963182e-06 1.735079e-02
386 7.550161e-05 1.375605e-01
387 1.510438e-04 1.689185e-02
388 4.193101e-03 5.353598e-01
389 4.697840e-03 1.108895e+00
390 1.381669e-03 2.639221e-01
391 2.150443e-03 2.251972e-01
392 3.600137e-03 1.153405e+00
393 8.793692e-03 1.204625e+00
394 1.988601e-08 4.077181e-02
395 1.443661e-06 5.093160e-02
396 4.620183e-08 1.310797e-02
397 2.220364e-07 8.363500e-03
398 4.288756e-05 1.407387e-01
399 4.694421e-08 1.287788e-02
400 2.227304e-06 3.089878e-02
401 4.059872e-08 9.273430e-03
402 1.821388e-06 1.280619e-02
403 2.019138e-08 1.105172e-02
404 3.701290e-08 8.925239e-03
405 1.846404e-06 3.512297e-02
406 4.465357e-06 4.300421e-02
407 1.017146e-07 9.294364e-03
408 7.441307e-05 8.130592e-02
409 1.109617e-02 1.677115e+00
410 1.567201e-08 6.939479e-03
411 1.411306e-06 1.281425e-02
412 1.355922e-06 1.813796e-02
413 2.685014e-05 1.443649e-02
414 5.167778e-07 1.637148e-02
415 2.164093e-05 3.805621e-02
416 2.063201e-08 7.051920e-03
417 6.034403e-09 6.535233e-03
418 2.157856e-03 3.331211e-01
419 6.892868e-04 1.975716e-01
420 1.668392e-05 1.921725e-02
421 2.596493e-05 1.754998e-02
422 2.575102e-05 2.789168e-02
423 8.086435e-08 6.091884e-03
424 6.117540e-05 5.298128e-02
425 1.182331e-04 8.200151e-02
426 1.533982e-04 4.067393e-02
427 1.075199e-04 6.018493e-02
428 3.651383e-06 1.061104e-02
429 4.392869e-08 7.728836e-03
430 7.096929e-06 2.664678e-02
431 1.207264e-06 1.065430e-02
432 6.899671e-08 6.085488e-03
433 2.786711e-04 7.574399e-02
434 1.776271e-05 1.676825e-02
435 7.628606e-08 5.851990e-03
436 2.115709e-03 1.800130e-01
437 4.365597e-05 1.424829e-02
438 1.329213e-06 8.981028e-03
439 7.223447e-04 3.952137e-01
440 7.555141e-06 2.163682e-02
441 1.685957e-05 9.715432e-02
442 2.396552e-02 1.621402e+00
443 4.500008e-03 7.542941e-01
444 1.913706e-02 1.572432e+00
445 5.372175e-03 4.930347e-01
446 4.253858e-11 2.677572e-03
447 3.914164e-09 4.191582e-03
448 9.495198e-11 4.037343e-03
449 2.064409e-09 4.522033e-03
450 4.473564e-11 3.048981e-03
451 3.162330e-07 1.201432e-02
452 3.085297e-04 2.433125e-01
453 2.532176e-11 4.228812e-03
454 1.745868e-07 1.203964e-02
455 4.314914e-11 6.460883e-03
456 4.545425e-11 3.616552e-03
457 5.286879e-10 2.951654e-03
458 3.534590e-09 4.187309e-03
459 6.367487e-03 7.954851e-01
460 1.083193e-05 7.293556e-02
461 3.498267e-07 3.618283e-02
462 7.888702e-07 1.488182e-02
463 3.969332e-09 4.493865e-03
464 2.240246e-10 4.280248e-03
465 6.857385e-10 7.675461e-03
466 1.589852e-09 4.323109e-03
467 3.832015e-07 8.955258e-03
468 5.317143e-08 6.320853e-03
469 6.536347e-08 5.518149e-03
470 1.134146e-08 3.356244e-03
471 2.458781e-10 4.490467e-03
472 1.133650e-09 3.597921e-03
473 8.547232e-11 4.014844e-03
474 7.725237e-11 3.582486e-03
475 1.208616e-05 3.394966e-02
476 7.867878e-05 1.853861e-02
477 2.363807e-06 1.084457e-02
478 1.417026e-03 3.085623e-01
479 5.474789e-08 9.077351e-03
480 2.452961e-04 3.981284e-02
481 4.103963e-06 3.509267e-02
482 3.793002e-06 2.369100e-02
483 1.050304e-05 1.712670e-02
484 2.019860e-09 4.134853e-03
485 2.885382e-07 6.569093e-03
486 1.724138e-06 1.807598e-02
487 2.095541e-07 1.184510e-02
488 7.498179e-08 7.374752e-03
489 5.227002e-03 1.003393e+00
490 1.404162e-08 9.438501e-03
491 3.938366e-07 9.509749e-03
492 1.267431e-07 6.118459e-03
493 8.286670e-07 9.892898e-03
494 3.290780e-07 5.096954e-03
495 1.945364e-05 1.251030e-02
496 9.799868e-10 4.195810e-03
497 1.914459e-05 1.512066e-02
498 2.219955e-07 4.639714e-03
499 1.127974e-08 6.056228e-03
500 4.350922e-09 4.502387e-03
501 1.341501e-03 5.824102e-01
502 1.896266e-07 8.928147e-03
503 4.696416e-07 1.734299e-02
504 4.824071e-07 2.067350e-02
505 2.160050e-07 9.432441e-03
506 2.762280e-03 4.217999e-01
507 3.533937e-07 9.302707e-03
508 3.936399e-08 4.506932e-03
509 8.420581e-06 4.701826e-02
510 1.501076e-08 4.455723e-03
511 4.725971e-04 8.304073e-02
512 2.500534e-06 2.528406e-02
513 1.676556e-04 9.769784e-02
514 1.123100e-02 9.803577e-01
515 1.134443e-04 4.705320e-02
516 1.463949e-05 3.164559e-02
517 9.649098e-05 7.623142e-02
518 3.453485e-05 3.501876e-02
519 1.416605e-05 1.895329e-02
520 1.070782e-06 2.464082e-02
521 2.059879e-05 2.820739e-02
522 2.048022e-05 2.607941e-02
523 7.472681e-06 1.953693e-02
524 4.292646e-05 3.446345e-02
525 6.554171e-04 5.866947e-02
526 5.787198e-04 5.270757e-02
527 1.577157e-04 6.114986e-02
528 4.075927e-05 3.643460e-02
529 5.970491e-04 7.433567e-02
530 9.925597e-05 6.024647e-02
531 7.877488e-04 9.792441e-02
532 1.117586e-04 4.024227e-02
533 3.592718e-04 6.320002e-02
534 3.775405e-04 6.455295e-02
535 6.311355e-06 2.711653e-02
536 2.262399e-03 1.072712e-01
537 2.235263e-03 1.566611e-01
538 8.366831e-04 9.596512e-02
539 9.973170e-05 3.021713e-02
540 7.708336e-04 8.539456e-02
541 8.234328e-04 8.140010e-02
542 1.212006e-04 3.189074e-02
543 1.496288e-03 1.066514e-01
544 3.438739e-05 3.263973e-02
545 2.568785e-06 1.360610e-02
546 6.211412e-07 2.810811e-02
547 1.380984e-09 8.065014e-03
548 1.276630e-05 2.291417e-02
549 1.851405e-10 3.520882e-03
550 4.887355e-04 7.598679e-02
551 3.885354e-07 1.431254e-02
552 2.522988e-06 2.783816e-02
553 1.982597e-05 3.559549e-02
554 1.105205e-06 1.789835e-02
555 1.999271e-04 9.047067e-02
556 2.956990e-07 5.227799e-03
557 1.030706e-08 6.761125e-03
558 3.060481e-07 1.294728e-02
559 4.716505e-06 9.441241e-03
560 2.703890e-08 1.053383e-02
561 9.734041e-06 2.603833e-02
562 8.358868e-07 9.680555e-03
563 3.242203e-05 7.627656e-02
564 2.061535e-08 5.416839e-03
565 2.404767e-07 2.378154e-02
566 1.699908e-05 4.743339e-02
567 2.461040e-06 7.570974e-03
568 6.263834e-06 1.328561e-02
569 2.309524e-04 2.194683e-02
570 2.435968e-06 1.096324e-02
571 1.964182e-06 9.723939e-03
572 3.435298e-04 3.452271e-02
573 3.750170e-07 1.187511e-02
574 2.388378e-06 6.594028e-03
575 2.937547e-05 1.604109e-02
576 5.623978e-06 9.813389e-03
577 2.781812e-05 4.207981e-02
578 8.956928e-04 1.209561e-01
579 1.937901e-03 2.240524e-01
580 9.223192e-07 1.270960e-02
581 3.726568e-04 1.106689e-01
582 3.445547e-03 2.817608e-01
583 6.022350e-04 1.243604e-01
584 3.376499e-05 5.124475e-02
585 5.713098e-04 2.071172e-01
586 7.116811e-05 4.809102e-02
587 2.346254e-04 7.548517e-02
588 6.918306e-06 1.492167e-02
589 5.975234e-08 5.144060e-03
590 9.193105e-04 1.675487e-01
591 4.089702e-05 4.706135e-02
592 3.549915e-04 1.646388e-01
593 8.295255e-03 4.521668e-01
594 2.839606e-06 8.481846e-03
595 1.853777e-05 3.928151e-02
596 4.831377e-03 2.838828e-01
597 7.541095e-11 4.283709e-03
598 2.701722e-11 3.094183e-03
599 2.707264e-11 3.052939e-03
600 5.971445e-09 6.817916e-03
