1 7.045384e-04 8.690653e-02
2 4.465571e-05 5.581735e-02
3 7.087435e-04 1.590732e-02
4 6.997853e-05 6.541143e-03
5 6.213321e-08 2.613843e-03
6 1.751569e-02 8.603630e-01
7 2.922541e-02 1.416450e+00
8 2.053868e-05 2.638729e-01
9 1.468247e-06 3.474662e-02
10 1.174912e-04 1.797461e-01
11 1.141179e-09 4.792338e-03
12 8.711640e-05 9.617446e-03
13 2.980214e-03 2.589257e-01
14 1.315014e-06 1.221952e-02
15 1.538246e-03 2.452972e-01
16 1.325272e-03 1.534189e-01
17 1.590950e-07 6.378697e-03
18 2.984420e-03 6.005661e-02
19 8.431149e-04 1.715494e-01
20 3.110361e-08 3.055620e-03
21 1.994223e-02 1.053407e+00
22 2.153839e-04 2.169080e-02
23 3.820913e-05 3.161923e-03
24 5.091765e-04 6.197096e-02
25 9.306042e-05 1.293799e-02
26 4.107803e-05 1.451931e-02
27 3.530343e-05 8.872862e-03
28 1.509628e-08 4.315808e-03
29 9.812727e-04 3.554245e-01
30 2.974452e-02 1.206054e+00
31 7.060724e-05 7.527116e-02
32 6.440793e-03 2.747206e-01
33 2.357221e-07 2.839518e-03
34 5.410322e-09 4.800412e-03
35 3.818044e-04 3.285979e-02
36 1.528796e-02 5.768564e-01
37 3.690920e-07 3.817347e-03
38 1.864557e-05 5.176477e-02
39 7.663724e-09 2.539951e-03
40 2.097143e-07 4.966384e-03
41 9.691605e-04 1.384290e-01
42 1.065206e-04 9.740968e-02
43 1.923004e-06 4.881912e-02
44 1.590517e-06 7.940028e-03
45 2.064588e-04 4.691961e-02
46 1.386199e-05 8.814601e-03
47 6.863143e-03 3.592244e-01
48 3.548082e-07 2.121491e-02
49 8.675153e-06 5.542400e-03
50 7.516405e-03 8.609086e-01
51 5.618153e-03 2.887537e-01
52 4.230651e-05 5.052250e-02
53 7.336467e-07 2.699113e-03
54 6.342377e-07 3.134308e-03
55 4.027783e-04 1.916112e-02
56 3.575001e-03 9.731803e-02
57 1.954622e-05 6.504567e-02
58 2.942926e-04 4.486834e-02
59 9.410112e-04 2.020901e-01
60 4.779003e-05 5.086028e-02
61 1.869532e-03 5.125323e-01
62 3.264779e-03 1.975924e-01
63 6.840796e-08 3.770880e-03
64 9.094719e-05 3.568676e-02
65 4.232815e-05 1.804154e-01
66 4.351915e-10 2.676704e-03
67 5.101527e-07 3.922758e-02
68 1.147675e-06 6.678657e-03
69 1.350069e-06 8.538126e-03
70 3.259163e-07 1.155388e-02
71 4.550771e-04 2.044928e-01
72 1.463830e-06 4.460050e-03
73 1.870955e-08 4.353237e-03
74 5.361138e-04 1.067657e-01
75 8.339003e-08 3.035993e-03
76 1.006141e-06 1.150785e-02
77 2.250802e-09 5.688669e-03
78 5.919198e-03 4.728313e-01
79 2.677453e-03 5.168916e-01
80 1.781977e-06 6.039103e-02
81 4.398750e-09 4.248496e-03
82 2.456037e-06 4.023799e-03
83 6.877044e-07 4.320579e-03
84 1.165876e-06 7.072407e-03
85 1.954795e-04 1.542696e-01
86 1.969928e-05 3.340317e-02
87 7.656404e-08 3.812330e-03
88 1.297475e-09 7.631682e-03
89 1.886694e-03 2.633764e-01
90 3.169512e-04 7.949165e-02
91 4.451212e-07 4.016024e-03
92 9.916840e-03 8.384391e-01
93 2.032729e-06 5.684508e-03
94 2.005056e-06 6.029272e-03
95 1.111393e-03 6.656950e-02
96 9.010987e-09 4.637846e-03
97 1.490993e-05 1.403271e-02
98 4.865642e-07 5.172517e-03
99 1.915326e-06 3.841340e-03
100 2.175858e-02 1.623421e+00
101 3.705253e-06 9.891603e-03
102 1.684548e-07 7.141034e-03
103 5.820038e-03 1.532517e-01
104 3.843367e-04 8.209227e-02
105 7.684310e-04 4.438723e-02
106 8.494002e-05 9.753977e-03
107 2.654277e-06 4.095716e-03
108 4.239764e-06 4.688055e-03
109 2.659714e-06 1.116588e-02
110 7.429240e-05 7.330520e-02
111 4.614732e-08 9.031087e-03
112 2.448066e-05 3.761595e-03
113 1.564041e-03 9.371305e-02
114 6.503058e-03 1.225206e-01
115 1.742702e-03 7.115209e-01
116 7.680331e-03 2.244202e-01
117 1.577953e-03 1.551455e-01
118 8.451578e-03 1.049244e+00
119 2.871879e-04 2.823377e-02
120 1.084863e-04 6.341625e-02
121 5.941793e-03 1.387925e-01
122 2.302709e-04 2.853092e-02
123 6.227548e-08 6.347298e-03
124 8.437096e-05 1.260196e-02
125 1.212881e-05 9.889951e-03
126 5.293888e-04 8.980071e-02
127 6.900194e-06 9.005422e-03
128 2.547458e-04 2.602353e-02
129 1.947388e-04 2.588180e-02
130 1.648807e-06 7.287451e-03
131 2.101400e-05 7.863190e-03
132 6.972958e-05 2.233275e-02
133 6.438082e-05 2.062051e-02
134 2.659452e-04 7.882470e-02
135 4.119116e-06 8.356759e-03
136 1.553315e-04 1.504971e-02
137 1.082577e-05 1.470013e-02
138 1.764459e-06 1.124164e-02
139 1.889945e-06 1.189561e-02
140 2.188629e-07 5.663082e-03
141 7.961057e-07 1.118398e-02
142 6.238766e-07 1.048541e-02
143 1.034823e-05 7.199157e-03
144 1.841575e-06 1.439754e-02
145 9.710925e-06 8.082851e-03
146 3.335536e-07 6.843949e-03
147 3.083542e-05 1.678499e-02
148 1.765433e-06 1.096697e-02
149 1.701244e-06 1.196782e-02
150 2.886808e-07 6.158353e-03
151 2.322240e-06 1.430345e-02
152 3.722842e-06 6.286022e-03
153 2.043215e-06 1.427753e-02
154 7.490387e-07 1.322227e-02
155 2.025198e-06 1.249245e-02
156 5.168295e-04 2.933184e-02
157 1.051273e-05 8.486522e-03
158 2.939884e-05 1.881835e-02
159 2.129917e-04 2.870443e-02
160 7.319944e-05 3.557227e-02
161 3.037108e-05 2.079944e-02
162 5.926035e-05 2.069145e-02
163 2.591965e-05 2.356826e-02
164 2.035201e-05 1.012954e-02
165 1.938119e-05 5.277475e-03
166 1.089184e-04 6.707405e-03
167 3.408435e-04 1.290178e-02
168 6.037999e-05 1.163987e-02
169 8.617844e-05 1.645047e-02
170 8.267135e-05 3.069337e-02
171 6.399313e-05 2.148353e-02
172 5.373342e-06 7.754900e-03
173 9.642205e-05 2.404064e-02
174 4.268838e-03 2.001187e-01
175 2.882952e-06 1.818698e-02
176 3.779733e-05 3.131057e-02
177 3.626661e-05 2.243727e-02
178 1.779120e-05 2.570605e-02
179 1.118212e-04 3.052072e-02
180 4.988274e-05 3.237057e-02
181 1.435897e-05 9.876607e-03
182 7.958491e-05 2.920657e-02
183 8.050716e-05 2.639768e-02
184 1.089018e-04 4.664840e-02
185 2.303274e-04 2.740982e-02
186 3.062988e-04 3.074316e-02
187 1.183975e-04 1.583195e-02
188 7.435500e-05 1.061427e-02
189 2.748558e-04 3.899595e-02
190 4.464565e-05 1.688914e-02
191 2.300364e-04 5.083612e-02
192 1.165319e-05 1.337102e-02
193 7.683436e-06 3.896504e-02
194 1.098336e-06 1.294603e-02
195 1.169392e-04 2.164959e-02
196 9.607041e-05 4.043943e-02
197 2.406494e-04 3.036100e-02
198 2.239217e-04 2.709163e-02
199 5.448927e-06 1.915224e-02
200 5.942100e-08 5.388795e-03
201 1.115633e-06 1.255513e-02
202 7.433731e-06 2.211807e-02
203 8.242160e-07 5.897531e-03
204 3.106084e-06 1.875395e-02
205 1.476638e-05 2.607854e-02
206 1.798062e-07 1.184730e-02
207 1.263811e-05 8.807700e-03
208 2.212922e-07 2.564244e-02
209 2.570362e-06 1.299246e-02
210 5.881581e-06 1.940011e-02
211 5.088324e-06 1.541489e-02
212 1.103727e-04 5.409548e-02
213 2.056511e-05 5.316707e-02
214 4.576248e-08 3.767269e-03
215 3.625672e-05 2.216508e-02
216 7.491472e-06 6.518750e-02
217 2.480218e-06 1.595653e-02
218 1.811255e-04 2.547942e-02
219 7.553030e-06 1.522504e-02
220 2.846051e-08 1.511389e-02
221 1.996398e-05 4.382838e-02
222 2.474648e-06 3.011628e-02
223 3.633881e-03 2.189529e-01
224 8.314568e-04 1.759565e-02
225 2.393587e-05 8.660352e-03
226 8.496560e-06 3.429492e-03
227 2.002751e-05 6.832468e-03
228 1.096499e-04 9.047046e-03
229 5.653269e-05 1.432655e-02
230 1.299294e-04 1.478251e-02
231 1.656245e-04 1.589744e-02
232 1.656245e-04 1.589744e-02
233 4.936593e-05 7.294020e-03
234 2.687296e-06 4.980744e-03
235 4.264268e-05 7.154693e-03
236 1.358879e-06 5.292567e-03
237 1.235799e-04 7.847367e-03
238 4.404739e-05 7.229406e-03
239 1.896749e-05 7.058198e-03
240 3.438752e-06 6.960292e-03
241 6.559242e-06 5.012821e-03
242 4.678562e-05 1.621794e-02
243 6.811063e-06 4.796783e-03
244 1.613067e-06 7.710752e-03
245 4.938080e-05 7.311996e-03
246 1.235799e-04 7.847367e-03
247 1.641510e-05 5.083934e-03
248 4.938080e-05 7.311996e-03
249 2.516835e-04 8.323326e-03
250 4.938080e-05 7.311996e-03
251 1.756279e-05 6.981103e-03
252 5.124792e-05 6.663396e-03
253 6.807252e-06 4.789491e-03
254 9.687992e-05 8.744004e-03
255 4.078172e-05 8.324617e-03
256 1.068969e-06 4.680443e-03
257 4.395248e-05 7.171513e-03
258 8.229320e-04 6.967498e-02
259 5.628743e-05 3.519043e-02
260 1.405489e-04 3.960821e-02
261 8.951948e-04 7.583157e-02
262 2.215176e-05 1.470973e-02
263 3.034963e-04 2.912036e-02
264 1.917662e-03 8.302396e-02
265 1.972904e-03 5.561419e-02
266 2.451075e-03 1.525243e-01
267 4.402451e-05 1.290151e-02
268 1.663899e-05 7.138517e-03
269 5.996998e-05 1.708639e-02
270 1.866101e-05 1.334184e-02
271 2.690825e-06 5.917132e-03
272 1.874587e-05 1.108963e-02
273 5.246863e-05 1.594723e-02
274 3.791758e-05 1.139555e-02
275 1.295661e-04 2.941902e-02
276 6.743460e-05 6.835233e-02
277 1.352949e-04 2.908519e-02
278 1.435519e-04 3.988218e-02
279 2.192013e-05 2.428756e-02
280 4.840310e-05 1.344087e-02
281 4.703358e-05 1.166184e-02
282 4.048017e-05 7.559629e-03
283 5.505888e-06 5.918516e-03
284 3.525335e-04 4.471784e-02
285 5.318945e-03 3.106349e-01
286 2.369114e-03 2.328676e-01
287 7.804140e-04 6.768878e-02
288 4.208864e-05 1.153321e-02
289 7.722219e-04 5.675857e-02
290 2.312992e-03 1.601230e-01
291 9.493015e-04 7.390267e-02
292 3.032889e-04 3.546849e-02
293 1.398039e-02 7.100265e-01
294 4.436721e-05 1.331765e-02
295 6.556580e-03 4.709369e-01
296 2.216108e-03 2.152910e-01
297 5.262216e-03 8.657457e-01
298 4.136220e-03 2.867340e-01
299 1.522653e-02 1.875046e-01
300 1.890690e-07 1.636417e-02
301 8.893560e-04 7.692738e-02
302 4.444113e-05 4.374935e-02
303 4.377633e-05 1.647310e-02
304 1.134383e-04 3.470672e-02
305 2.307227e-04 3.409281e-02
306 1.545237e-06 4.038138e-03
307 1.218010e-05 7.329430e-03
308 1.523693e-05 3.614863e-02
309 1.753384e-03 1.117916e-01
310 3.695509e-07 7.454322e-03
311 2.704631e-05 1.290924e-02
312 2.507862e-04 2.106068e-02
313 4.944436e-06 5.988164e-03
314 2.506438e-05 7.967658e-03
315 1.418790e-07 7.106612e-03
316 5.738677e-04 1.297641e-01
317 9.388779e-09 4.954841e-03
318 6.691633e-07 5.471243e-03
319 6.012203e-04 6.453999e-02
320 5.929740e-08 4.105662e-03
321 1.323938e-07 1.290554e-02
322 6.746132e-04 4.928791e-02
323 3.126645e-03 4.230626e-01
324 1.254097e-05 5.203368e-03
325 8.960173e-06 9.721374e-03
326 3.047414e-05 1.971091e-02
327 1.159230e-05 4.765369e-02
328 1.224230e-03 8.581436e-02
329 9.640285e-03 1.400373e-01
330 2.902672e-03 1.136780e-01
331 1.721689e-03 1.844356e-01
332 8.950386e-03 5.681276e-01
333 1.546568e-03 2.926640e-01
334 8.262374e-05 8.728219e-02
335 3.219169e-05 1.929340e-02
336 1.377167e-02 5.247077e-01
337 3.260529e-03 1.823115e-01
338 2.017088e-05 1.617895e-02
339 8.839915e-05 3.790969e-02
340 4.926747e-08 5.484318e-03
341 4.703842e-08 4.298859e-03
342 3.468246e-07 8.883540e-03
343 2.818041e-06 1.515283e-02
344 1.245265e-05 1.013016e-02
345 5.164294e-08 3.220200e-03
346 5.610995e-06 6.572053e-03
347 1.383681e-05 9.723740e-03
348 4.212588e-07 8.763142e-03
349 1.600239e-05 1.293658e-02
350 7.751753e-07 4.544212e-03
351 4.484599e-06 6.041643e-03
352 1.750073e-08 3.026135e-03
353 3.370942e-07 4.955004e-03
354 3.106134e-07 3.875976e-03
355 1.091037e-04 4.494190e-02
356 4.322058e-08 2.708662e-03
357 2.414641e-05 6.471707e-03
358 5.564008e-04 6.343289e-02
359 1.840169e-06 5.674637e-03
360 7.533083e-07 5.575744e-03
361 2.136888e-06 6.570398e-03
362 2.883883e-06 1.581840e-02
363 1.525400e-06 3.743006e-03
364 1.750073e-08 3.026135e-03
365 1.504211e-05 1.530296e-02
366 3.128294e-05 2.532155e-02
367 1.412365e-05 1.203282e-02
368 1.600239e-05 1.293658e-02
369 1.694842e-05 2.656364e-02
370 4.853287e-05 9.060781e-03
371 1.733279e-05 7.097291e-03
372 2.527130e-03 6.424903e-01
373 2.566968e-04 4.620737e-02
374 3.326002e-03 5.283224e-01
375 7.254937e-05 3.839824e-02
376 5.080378e-03 3.013213e-01
377 5.124741e-05 5.572121e-02
378 4.806621e-04 1.284126e-01
379 5.863196e-07 3.495090e-03
380 4.710371e-06 1.077158e-02
381 3.995316e-06 8.634054e-03
382 1.903700e-03 1.102860e-01
383 1.433797e-04 1.081916e-02
384 5.342404e-05 7.152784e-03
385 1.161308e-05 1.709075e-02
386 4.367200e-04 1.228608e-01
387 3.738190e-04 1.106057e-02
388 2.792703e-03 1.797579e-01
389 8.204476e-03 3.844598e-01
390 3.553652e-04 3.888508e-02
391 7.844922e-04 7.707111e-02
392 5.732068e-03 3.770686e-01
393 4.251321e-03 4.747092e-01
394 3.541435e-05 4.031474e-02
395 4.373049e-05 4.868252e-02
396 7.070264e-06 1.290215e-02
397 1.332977e-05 7.497184e-03
398 7.407955e-04 1.247014e-01
399 2.584742e-06 1.275671e-02
400 4.542324e-05 2.784197e-02
401 5.520561e-06 9.013011e-03
402 1.465875e-05 1.057160e-02
403 9.960752e-07 1.097727e-02
404 8.979280e-07 8.849388e-03
405 9.285079e-05 2.702854e-02
406 1.654476e-05 4.017874e-02
407 5.520561e-06 9.013011e-03
408 2.799549e-04 5.079262e-02
409 7.661587e-03 5.712648e-01
410 1.961758e-06 6.812073e-03
411 1.459277e-05 1.097952e-02
412 3.675505e-05 1.521289e-02
413 3.849910e-05 9.863066e-03
414 3.402241e-05 1.398833e-02
415 1.037491e-04 2.728264e-02
416 2.149052e-06 6.912493e-03
417 8.838414e-07 6.479334e-03
418 1.579813e-03 6.654429e-02
419 1.632608e-03 1.038037e-01
420 1.676443e-04 5.345799e-03
421 9.099311e-05 1.331639e-02
422 2.179817e-04 1.736496e-02
423 2.132905e-06 5.999556e-03
424 5.602637e-04 2.254383e-02
425 6.487530e-04 3.671549e-02
426 2.060250e-04 2.089698e-02
427 5.602637e-04 2.254383e-02
428 3.945772e-05 8.588991e-03
429 9.897941e-07 7.678369e-03
430 2.140207e-04 1.702174e-02
431 1.708338e-05 9.608266e-03
432 2.132905e-06 5.999556e-03
433 6.487530e-04 3.671549e-02
434 8.845953e-05 1.185150e-02
435 2.413925e-06 5.724562e-03
436 7.684884e-04 6.768392e-02
437 4.318024e-05 1.002144e-02
438 1.548749e-05 8.277946e-03
439 4.181870e-03 1.108446e-01
440 9.118622e-05 1.158375e-02
441 1.268355e-03 4.213258e-02
442 1.215903e-02 8.150108e-01
443 1.215310e-02 5.122159e-01
444 1.026504e-02 6.963594e-01
445 1.152137e-03 2.660377e-01
446 2.766336e-07 2.676144e-03
447 1.183556e-07 4.180839e-03
448 2.782517e-07 4.033926e-03
449 3.706604e-07 4.518855e-03
450 1.211824e-07 3.047993e-03
451 6.663761e-05 1.055512e-02
452 1.849708e-03 1.139242e-01
453 5.508598e-07 4.223526e-03
454 2.172903e-06 1.194522e-02
455 3.249193e-07 6.457454e-03
456 1.090929e-07 3.615088e-03
457 1.571117e-07 2.948032e-03
458 1.183556e-07 4.180839e-03
459 2.376640e-03 4.624166e-01
460 1.224812e-04 7.026400e-02
461 3.253871e-05 3.562560e-02
462 1.287652e-05 1.441183e-02
463 7.389351e-07 4.479349e-03
464 6.729175e-07 4.270993e-03
465 1.067010e-06 7.644225e-03
466 3.120714e-07 4.312252e-03
467 1.523064e-05 8.287683e-03
468 1.137685e-05 6.050346e-03
469 1.166344e-05 5.286654e-03
470 2.043677e-06 3.293166e-03
471 7.790963e-07 4.478607e-03
472 5.883398e-07 3.589582e-03
473 1.094676e-07 4.013018e-03
474 1.070894e-07 3.581018e-03
475 1.108549e-03 2.292520e-02
476 1.330071e-04 1.479775e-02
477 6.150459e-05 9.738856e-03
478 2.484629e-03 6.893446e-02
479 8.605482e-06 8.906628e-03
480 6.747165e-05 2.313257e-02
481 1.496052e-05 3.419667e-02
482 6.177088e-06 2.338634e-02
483 5.759335e-06 1.656042e-02
484 5.876457e-08 4.133696e-03
485 3.900251e-06 6.488391e-03
486 5.936880e-06 1.745533e-02
487 2.744835e-05 1.137575e-02
488 8.006733e-07 7.333892e-03
489 1.296457e-03 5.466036e-01
490 1.861086e-06 9.414703e-03
491 1.861086e-06 9.414703e-03
492 7.724897e-06 5.901104e-03
493 9.888449e-06 9.472180e-03
494 3.905413e-06 4.872252e-03
495 4.690924e-05 6.385021e-03
496 5.071139e-08 4.194054e-03
497 4.822621e-05 9.334180e-03
498 7.342383e-07 4.590507e-03
499 1.841832e-06 5.996216e-03
500 6.534692e-07 4.490546e-03
501 3.428093e-03 3.677090e-01
502 1.827770e-06 8.842832e-03
503 1.105977e-05 1.711373e-02
504 4.983177e-06 2.048320e-02
505 8.278122e-07 9.407443e-03
506 5.177443e-03 6.704770e-02
507 2.453413e-05 8.432626e-03
508 3.364052e-07 4.485899e-03
509 1.546274e-05 4.612862e-02
510 1.419703e-07 4.445956e-03
511 4.701081e-04 5.855250e-02
512 2.915710e-05 2.396320e-02
513 4.342230e-04 7.966543e-02
514 1.823716e-03 3.758607e-01
515 2.163755e-04 3.915099e-02
516 7.575781e-05 2.868874e-02
517 4.874096e-04 5.489650e-02
518 1.711012e-04 2.951516e-02
519 6.358517e-05 1.627647e-02
520 1.353196e-05 2.411073e-02
521 7.921925e-05 2.477510e-02
522 3.758427e-05 2.458861e-02
523 6.808819e-05 1.826229e-02
524 8.396792e-05 2.506608e-02
525 1.877137e-04 2.621607e-02
526 1.939021e-04 2.674364e-02
527 2.643431e-04 4.856797e-02
528 2.153547e-04 2.699160e-02
529 4.452217e-04 2.926421e-02
530 4.007668e-04 5.016031e-02
531 1.412920e-03 5.226750e-02
532 1.032690e-04 3.229946e-02
533 2.327837e-04 4.611350e-02
534 2.551141e-04 4.707889e-02
535 8.594842e-05 2.527250e-02
536 5.942098e-04 3.885869e-02
537 1.439678e-03 8.633324e-02
538 2.330005e-04 6.920269e-02
539 8.021155e-05 2.504620e-02
540 5.970264e-04 5.145160e-02
541 2.563993e-04 5.583061e-02
542 1.804929e-04 1.976734e-02
543 2.201986e-04 5.213932e-02
544 1.724291e-04 2.553046e-02
545 2.512912e-05 1.274660e-02
546 3.582516e-05 2.712293e-02
547 1.128664e-05 7.887151e-03
548 6.543199e-05 1.751443e-02
549 1.051475e-07 3.519209e-03
550 1.797598e-04 4.364659e-02
551 1.125600e-05 1.375137e-02
552 3.342709e-05 2.360935e-02
553 1.904025e-04 1.993628e-02
554 2.832080e-05 1.660765e-02
555 1.986051e-04 4.266125e-02
556 1.705331e-05 4.862699e-03
557 1.620057e-06 6.730505e-03
558 4.622822e-06 1.274084e-02
559 6.005781e-05 8.383698e-03
560 2.394487e-05 1.024872e-02
561 5.690240e-05 2.021787e-02
562 8.616371e-06 8.378968e-03
563 8.093201e-05 6.320416e-02
564 3.757260e-06 5.329942e-03
565 8.775154e-05 2.227236e-02
566 1.936628e-04 4.472408e-02
567 4.359884e-06 7.372398e-03
568 3.056427e-05 1.058453e-02
569 2.973253e-05 7.122592e-03
570 2.549375e-05 9.645053e-03
571 3.894028e-06 9.441730e-03
572 6.681136e-05 1.286445e-02
573 4.991453e-06 1.166327e-02
574 1.771480e-06 6.304920e-03
575 2.740973e-05 1.092616e-02
576 4.324406e-06 8.446768e-03
577 7.295411e-05 2.341413e-02
578 3.587643e-04 4.412277e-02
579 8.035398e-04 5.230006e-02
580 1.087469e-05 1.080699e-02
581 1.778716e-04 7.631886e-02
582 4.594745e-04 3.745759e-02
583 4.602585e-04 3.267662e-02
584 4.110534e-04 2.718881e-02
585 1.164961e-03 1.002583e-01
586 1.582045e-04 1.722040e-02
587 4.804200e-04 2.889820e-02
588 1.525451e-04 1.253888e-02
589 1.044704e-05 4.850901e-03
590 9.972148e-05 7.082878e-02
591 3.653617e-04 2.473525e-02
592 1.719529e-03 5.109756e-02
593 1.967438e-04 1.149174e-01
594 4.888569e-06 7.818236e-03
595 2.036215e-04 3.263098e-02
596 1.056258e-03 1.135069e-01
597 2.391987e-07 4.278987e-03
598 5.480312e-07 3.087000e-03
599 5.159371e-07 3.047319e-03
600 1.654041e-06 6.797001e-03
