1 6.834868e-04 1.317379e-02
2 1.089061e-03 1.455442e-02
3 2.288618e-04 5.519176e-03
4 2.906867e-05 2.489545e-03
5 2.906867e-05 2.489545e-03
6 1.723696e-02 4.593462e-02
7 3.327962e-03 4.952554e-02
8 1.084691e-03 3.161695e-02
9 2.163793e-04 6.576814e-03
10 3.084250e-03 1.902329e-02
11 2.243794e-04 3.660291e-03
12 7.783321e-05 2.957842e-03
13 3.330776e-03 2.579677e-02
14 7.483074e-05 3.510743e-03
15 6.884228e-04 5.205055e-03
16 3.023416e-03 2.016435e-02
17 7.576168e-05 4.273620e-03
18 2.012181e-04 5.770176e-03
19 4.067358e-04 1.115199e-02
20 2.536838e-05 2.539002e-03
21 1.035353e-03 3.341591e-02
22 7.576168e-05 4.273620e-03
23 8.716219e-05 2.547638e-03
24 7.021752e-04 8.297864e-03
25 8.379985e-05 2.959289e-03
26 6.652838e-04 6.413629e-03
27 8.379985e-05 2.959289e-03
28 2.829501e-05 3.658758e-03
29 1.089061e-03 1.455442e-02
30 2.629976e-02 1.158489e-01
31 6.328987e-04 9.107163e-03
32 3.987134e-04 1.244830e-02
33 2.536838e-05 2.539002e-03
34 8.681244e-05 4.125917e-03
35 6.626143e-04 1.328669e-02
36 5.216857e-03 6.001672e-02
37 8.045504e-05 2.468627e-03
38 1.095080e-03 2.835522e-02
39 9.474427e-06 2.333119e-03
40 2.207845e-04 3.315193e-03
41 3.408119e-03 3.706362e-02
42 3.262321e-03 5.288603e-02
43 3.677213e-04 1.753131e-02
44 2.333823e-04 3.113391e-03
45 5.698549e-04 7.509257e-03
46 2.536838e-05 2.539002e-03
47 1.111232e-03 3.709104e-02
48 4.021920e-04 1.928669e-02
49 7.576168e-05 4.273620e-03
50 5.487479e-03 2.557482e-02
51 1.178634e-03 1.671743e-02
52 7.783321e-05 2.957842e-03
53 9.474427e-06 2.333119e-03
54 2.906867e-05 2.489545e-03
55 2.794732e-05 2.903436e-03
56 6.885829e-04 1.275184e-02
57 2.234791e-04 7.175686e-03
58 7.087571e-04 6.555731e-03
59 7.483074e-05 3.510743e-03
60 2.190712e-04 7.940823e-03
61 9.210992e-03 4.713079e-02
62 1.378876e-04 8.204682e-03
63 7.483074e-05 3.510743e-03
64 3.632029e-04 1.382856e-02
65 1.102610e-03 1.826620e-02
66 2.536838e-05 2.539002e-03
67 7.252147e-04 8.953206e-03
68 8.346360e-05 5.361988e-03
69 2.536838e-05 2.539002e-03
70 3.487059e-04 1.017624e-02
71 2.295896e-04 4.746222e-03
72 8.013221e-05 3.903305e-03
73 7.335478e-05 3.766945e-03
74 4.051038e-04 2.281388e-02
75 8.232324e-05 2.740778e-03
76 2.739609e-05 3.171617e-03
77 2.458552e-04 4.876217e-03
78 5.535355e-03 4.540440e-02
79 1.880119e-03 1.588704e-02
80 1.842093e-03 4.409594e-02
81 8.405448e-05 3.623935e-03
82 7.758647e-05 3.408395e-03
83 6.958750e-05 3.231782e-03
84 2.047996e-04 5.401272e-03
85 3.049794e-03 3.507336e-02
86 3.866771e-04 2.501327e-02
87 2.829501e-05 3.658758e-03
88 6.969871e-04 5.989010e-03
89 6.244883e-04 2.017480e-02
90 2.502650e-04 5.528790e-03
91 8.484236e-05 3.715305e-03
92 1.948360e-03 3.509200e-02
93 7.606690e-05 2.589700e-03
94 7.914757e-05 3.144978e-03
95 6.862404e-04 5.976555e-03
96 7.576168e-05 4.273620e-03
97 2.363711e-04 6.083345e-03
98 8.013221e-05 3.903305e-03
99 7.184392e-05 2.758255e-03
100 2.364153e-02 1.044961e-01
101 2.047996e-04 5.401272e-03
102 2.077427e-04 4.400933e-03
103 9.940273e-04 2.300455e-02
104 9.940273e-04 2.300455e-02
105 9.940273e-04 2.300455e-02
106 7.184392e-05 2.758255e-03
107 7.184392e-05 2.758255e-03
108 7.184392e-05 2.758255e-03
109 2.047996e-04 5.401272e-03
110 9.940273e-04 2.300455e-02
111 6.862404e-04 5.976555e-03
112 2.683183e-05 2.415004e-03
113 2.077427e-04 4.400933e-03
114 5.698549e-04 7.509257e-03
115 2.874313e-03 4.573252e-02
116 1.095080e-03 2.835522e-02
117 1.151887e-03 1.282100e-02
118 6.066854e-04 1.118344e-02
119 2.250612e-04 4.978056e-03
120 6.173610e-04 9.092350e-03
121 2.204257e-04 3.630536e-03
122 6.173610e-04 9.092350e-03
123 2.077427e-04 4.400933e-03
124 1.970737e-04 3.833210e-03
125 2.012181e-04 5.770176e-03
126 2.216739e-04 7.668813e-03
127 7.758647e-05 3.408395e-03
128 1.970737e-04 3.833210e-03
129 7.514969e-05 4.137144e-03
130 2.012181e-04 5.770176e-03
131 2.012181e-04 5.770176e-03
132 5.698549e-04 7.509257e-03
133 2.012181e-04 5.770176e-03
134 2.216739e-04 7.668813e-03
135 2.012181e-04 5.770176e-03
136 5.698549e-04 7.509257e-03
137 5.698549e-04 7.509257e-03
138 5.698549e-04 7.509257e-03
139 5.698549e-04 7.509257e-03
140 2.077427e-04 4.400933e-03
141 5.698549e-04 7.509257e-03
142 5.698549e-04 7.509257e-03
143 1.970737e-04 3.833210e-03
144 5.698549e-04 7.509257e-03
145 2.012181e-04 5.770176e-03
146 2.077427e-04 4.400933e-03
147 5.698549e-04 7.509257e-03
148 5.698549e-04 7.509257e-03
149 5.698549e-04 7.509257e-03
150 2.077427e-04 4.400933e-03
151 5.698549e-04 7.509257e-03
152 2.077427e-04 4.400933e-03
153 5.698549e-04 7.509257e-03
154 5.698549e-04 7.509257e-03
155 5.698549e-04 7.509257e-03
156 5.698549e-04 7.509257e-03
157 2.012181e-04 5.770176e-03
158 5.698549e-04 7.509257e-03
159 5.698549e-04 7.509257e-03
160 2.077427e-04 4.400933e-03
161 6.214253e-04 8.946633e-03
162 2.012181e-04 5.770176e-03
163 6.009299e-04 1.392340e-02
164 2.012181e-04 5.770176e-03
165 7.335478e-05 3.766945e-03
166 7.514969e-05 4.137144e-03
167 7.809580e-05 6.579609e-03
168 2.215294e-04 6.938166e-03
169 6.860495e-04 8.795835e-03
170 6.244883e-04 2.017480e-02
171 2.332301e-04 1.510661e-02
172 7.809580e-05 6.579609e-03
173 2.332301e-04 1.510661e-02
174 6.605137e-04 1.712237e-02
175 2.332301e-04 1.510661e-02
176 2.332301e-04 1.510661e-02
177 2.332301e-04 1.510661e-02
178 2.211694e-04 7.254573e-03
179 2.332301e-04 1.510661e-02
180 2.332301e-04 1.510661e-02
181 7.809580e-05 6.579609e-03
182 2.332301e-04 1.510661e-02
183 2.332301e-04 1.510661e-02
184 6.244883e-04 2.017480e-02
185 2.332301e-04 1.510661e-02
186 2.332301e-04 1.510661e-02
187 2.287981e-04 8.338584e-03
188 7.809580e-05 6.579609e-03
189 2.332301e-04 1.510661e-02
190 2.341697e-04 6.735683e-03
191 2.077427e-04 4.400933e-03
192 2.077427e-04 4.400933e-03
193 2.077427e-04 4.400933e-03
194 2.077427e-04 4.400933e-03
195 2.077427e-04 4.400933e-03
196 2.077427e-04 4.400933e-03
197 2.077427e-04 4.400933e-03
198 2.077427e-04 4.400933e-03
199 2.077427e-04 4.400933e-03
200 7.184392e-05 2.758255e-03
201 2.077427e-04 4.400933e-03
202 2.077427e-04 4.400933e-03
203 7.184392e-05 2.758255e-03
204 2.077427e-04 4.400933e-03
205 2.077427e-04 4.400933e-03
206 1.970737e-04 3.833210e-03
207 7.184392e-05 2.758255e-03
208 5.698549e-04 7.509257e-03
209 2.077427e-04 4.400933e-03
210 2.077427e-04 4.400933e-03
211 1.970737e-04 3.833210e-03
212 2.077427e-04 4.400933e-03
213 1.970737e-04 3.833210e-03
214 7.184392e-05 2.758255e-03
215 5.698549e-04 7.509257e-03
216 5.698549e-04 7.509257e-03
217 5.698549e-04 7.509257e-03
218 2.077427e-04 4.400933e-03
219 5.698549e-04 7.509257e-03
220 5.698549e-04 7.509257e-03
221 5.698549e-04 7.509257e-03
222 5.698549e-04 7.509257e-03
223 5.590263e-04 4.738024e-03
224 2.536838e-05 2.539002e-03
225 7.231556e-05 4.776265e-03
226 2.536838e-05 2.539002e-03
227 7.231556e-05 4.776265e-03
228 7.231556e-05 4.776265e-03
229 2.133139e-04 7.546327e-03
230 2.133139e-04 7.546327e-03
231 2.133139e-04 7.546327e-03
232 2.133139e-04 7.546327e-03
233 7.231556e-05 4.776265e-03
234 2.700797e-05 4.189371e-03
235 7.231556e-05 4.776265e-03
236 7.231556e-05 4.776265e-03
237 7.231556e-05 4.776265e-03
238 7.231556e-05 4.776265e-03
239 7.231556e-05 4.776265e-03
240 7.231556e-05 4.776265e-03
241 2.700797e-05 4.189371e-03
242 2.159676e-04 9.720998e-03
243 2.700797e-05 4.189371e-03
244 7.231556e-05 4.776265e-03
245 7.231556e-05 4.776265e-03
246 7.231556e-05 4.776265e-03
247 2.700797e-05 4.189371e-03
248 7.231556e-05 4.776265e-03
249 7.231556e-05 4.776265e-03
250 7.231556e-05 4.776265e-03
251 7.231556e-05 4.776265e-03
252 7.231556e-05 4.776265e-03
253 2.700797e-05 4.189371e-03
254 7.966715e-05 5.815128e-03
255 7.966715e-05 5.815128e-03
256 2.700797e-05 4.189371e-03
257 7.231556e-05 4.776265e-03
258 1.956209e-03 1.457542e-02
259 1.878831e-03 1.397539e-02
260 1.878831e-03 1.397539e-02
261 1.878831e-03 1.397539e-02
262 6.765184e-04 6.954572e-03
263 1.784574e-03 7.934228e-03
264 1.741950e-03 7.502565e-03
265 1.833956e-03 1.280989e-02
266 5.329560e-03 1.915213e-02
267 2.047996e-04 5.401272e-03
268 2.047996e-04 5.401272e-03
269 6.140901e-04 5.810562e-03
270 6.291161e-04 6.200824e-03
271 2.293466e-04 4.575654e-03
272 6.765184e-04 6.954572e-03
273 6.291161e-04 6.200824e-03
274 6.631748e-04 7.696578e-03
275 1.684498e-03 9.588276e-03
276 5.303037e-03 2.910657e-02
277 1.775693e-03 1.126742e-02
278 1.878831e-03 1.397539e-02
279 1.775693e-03 1.126742e-02
280 6.140901e-04 5.810562e-03
281 6.140901e-04 5.810562e-03
282 2.047996e-04 5.401272e-03
283 2.293466e-04 4.575654e-03
284 1.878831e-03 1.397539e-02
285 4.870868e-03 2.219099e-02
286 5.432796e-03 3.247672e-02
287 1.878831e-03 1.397539e-02
288 6.291161e-04 6.200824e-03
289 1.819142e-03 1.239589e-02
290 5.432796e-03 3.247672e-02
291 1.819142e-03 1.239589e-02
292 1.819142e-03 1.239589e-02
293 1.541087e-02 4.744571e-02
294 6.631748e-04 7.696578e-03
295 2.860215e-03 2.277865e-02
296 9.565283e-04 1.539371e-02
297 1.616471e-03 1.012560e-02
298 1.616471e-03 1.012560e-02
299 2.077427e-04 4.400933e-03
300 2.128259e-04 4.786645e-03
301 5.921951e-04 1.008392e-02
302 2.077427e-04 4.400933e-03
303 2.077427e-04 4.400933e-03
304 2.077427e-04 4.400933e-03
305 2.077427e-04 4.400933e-03
306 7.184392e-05 2.758255e-03
307 1.970737e-04 3.833210e-03
308 5.698549e-04 7.509257e-03
309 5.698549e-04 7.509257e-03
310 2.077427e-04 4.400933e-03
311 2.077427e-04 4.400933e-03
312 2.077427e-04 4.400933e-03
313 7.184392e-05 2.758255e-03
314 1.970737e-04 3.833210e-03
315 1.970737e-04 3.833210e-03
316 1.624439e-03 1.894456e-02
317 7.335478e-05 3.766945e-03
318 7.335478e-05 3.766945e-03
319 6.204155e-04 9.834204e-03
320 7.184392e-05 2.758255e-03
321 5.698549e-04 7.509257e-03
322 1.616471e-03 1.012560e-02
323 8.153380e-03 5.892919e-02
324 7.184392e-05 2.758255e-03
325 2.211694e-04 7.254573e-03
326 1.310875e-04 1.712240e-02
327 3.218824e-03 3.414518e-02
328 3.218824e-03 3.414518e-02
329 1.113170e-03 1.899728e-02
330 3.534126e-03 1.907292e-02
331 3.293567e-03 4.503332e-02
332 3.293567e-03 4.503332e-02
333 3.293567e-03 4.503332e-02
334 3.293567e-03 4.503332e-02
335 3.905013e-04 8.770492e-03
336 8.818734e-03 8.063052e-02
337 3.464419e-03 2.021300e-02
338 3.765782e-04 1.333180e-02
339 2.077427e-04 4.400933e-03
340 7.758647e-05 3.408395e-03
341 7.758647e-05 3.408395e-03
342 7.758647e-05 3.408395e-03
343 7.758647e-05 3.408395e-03
344 2.326424e-04 3.563451e-03
345 2.683183e-05 2.415004e-03
346 8.045504e-05 2.468627e-03
347 2.206946e-04 3.038739e-03
348 2.326424e-04 3.563451e-03
349 2.077427e-04 4.400933e-03
350 8.232324e-05 2.740778e-03
351 2.683183e-05 2.415004e-03
352 2.683183e-05 2.415004e-03
353 7.184392e-05 2.758255e-03
354 7.184392e-05 2.758255e-03
355 5.617818e-04 8.465560e-03
356 2.683183e-05 2.415004e-03
357 7.758647e-05 3.408395e-03
358 5.921951e-04 1.008392e-02
359 7.758647e-05 3.408395e-03
360 7.758647e-05 3.408395e-03
361 7.758647e-05 3.408395e-03
362 2.468456e-04 2.905301e-03
363 2.683183e-05 2.415004e-03
364 2.683183e-05 2.415004e-03
365 2.211694e-04 7.254573e-03
366 2.211694e-04 7.254573e-03
367 2.211694e-04 7.254573e-03
368 2.077427e-04 4.400933e-03
369 2.211694e-04 7.254573e-03
370 5.909239e-04 4.227061e-03
371 2.154235e-04 2.901834e-03
372 2.944644e-03 5.106920e-02
373 1.018350e-03 2.485014e-02
374 8.175980e-03 4.332684e-02
375 1.018350e-03 2.485014e-02
376 3.053515e-03 2.688530e-02
377 3.053515e-03 2.688530e-02
378 1.819142e-03 1.239589e-02
379 7.184392e-05 2.758255e-03
380 5.698549e-04 7.509257e-03
381 7.184392e-05 2.758255e-03
382 2.077427e-04 4.400933e-03
383 2.683183e-05 2.415004e-03
384 7.758647e-05 3.408395e-03
385 7.184392e-05 2.758255e-03
386 1.970737e-04 3.833210e-03
387 2.683183e-05 2.415004e-03
388 6.433538e-04 5.357205e-03
389 1.860311e-03 1.107410e-02
390 7.335478e-05 3.766945e-03
391 7.335478e-05 3.766945e-03
392 5.216857e-03 6.001672e-02
393 1.768568e-03 2.557210e-02
394 5.921951e-04 1.008392e-02
395 1.775693e-03 1.126742e-02
396 7.648729e-05 4.422795e-03
397 7.648729e-05 4.422795e-03
398 1.684498e-03 9.588276e-03
399 2.211694e-04 7.254573e-03
400 6.066854e-04 1.118344e-02
401 7.648729e-05 4.422795e-03
402 7.648729e-05 4.422795e-03
403 2.098108e-04 5.781519e-03
404 7.648729e-05 4.422795e-03
405 2.098108e-04 5.781519e-03
406 2.098108e-04 5.781519e-03
407 7.648729e-05 4.422795e-03
408 2.098108e-04 5.781519e-03
409 4.870868e-03 2.219099e-02
410 7.648729e-05 4.422795e-03
411 7.648729e-05 4.422795e-03
412 2.211694e-04 7.254573e-03
413 7.648729e-05 4.422795e-03
414 7.648729e-05 4.422795e-03
415 2.211694e-04 7.254573e-03
416 7.648729e-05 4.422795e-03
417 7.648729e-05 4.422795e-03
418 1.970737e-04 3.833210e-03
419 5.698549e-04 7.509257e-03
420 2.683183e-05 2.415004e-03
421 7.648729e-05 4.422795e-03
422 7.648729e-05 4.422795e-03
423 7.648729e-05 4.422795e-03
424 7.648729e-05 4.422795e-03
425 2.211694e-04 7.254573e-03
426 7.648729e-05 4.422795e-03
427 7.648729e-05 4.422795e-03
428 7.648729e-05 4.422795e-03
429 7.648729e-05 4.422795e-03
430 7.648729e-05 4.422795e-03
431 2.098108e-04 5.781519e-03
432 7.648729e-05 4.422795e-03
433 2.211694e-04 7.254573e-03
434 7.648729e-05 4.422795e-03
435 7.648729e-05 4.422795e-03
436 2.211694e-04 7.254573e-03
437 7.758647e-05 3.408395e-03
438 7.648729e-05 4.422795e-03
439 2.211694e-04 7.254573e-03
440 7.648729e-05 4.422795e-03
441 7.648729e-05 4.422795e-03
442 6.208905e-03 2.424143e-02
443 9.383797e-03 3.899874e-02
444 1.021638e-02 5.425132e-02
445 6.086441e-03 2.629932e-02
446 2.687550e-05 2.376618e-03
447 7.771276e-05 3.297399e-03
448 7.771276e-05 3.297399e-03
449 7.771276e-05 3.297399e-03
450 7.372167e-05 2.786351e-03
451 2.200846e-04 3.764613e-03
452 1.953259e-03 1.591330e-02
453 7.771276e-05 3.297399e-03
454 2.320861e-04 6.538543e-03
455 2.131723e-04 4.482174e-03
456 7.372167e-05 2.786351e-03
457 2.536838e-05 2.539002e-03
458 7.771276e-05 3.297399e-03
459 5.453315e-03 2.915729e-02
460 5.229976e-03 3.230993e-02
461 6.366309e-04 1.007683e-02
462 6.366309e-04 1.007683e-02
463 7.771276e-05 3.297399e-03
464 7.771276e-05 3.297399e-03
465 2.080808e-04 4.103735e-03
466 7.771276e-05 3.297399e-03
467 2.080808e-04 4.103735e-03
468 7.771276e-05 3.297399e-03
469 7.771276e-05 3.297399e-03
470 2.687550e-05 2.376618e-03
471 7.771276e-05 3.297399e-03
472 2.739609e-05 3.171617e-03
473 7.771276e-05 3.297399e-03
474 2.739609e-05 3.171617e-03
475 2.131723e-04 4.482174e-03
476 2.271708e-04 4.425029e-03
477 2.326424e-04 3.563451e-03
478 2.154235e-04 2.901834e-03
479 7.606690e-05 2.589700e-03
480 2.199538e-04 3.913544e-03
481 6.568834e-04 8.378635e-03
482 6.568834e-04 8.378635e-03
483 6.568834e-04 8.378635e-03
484 8.045504e-05 2.468627e-03
485 8.214698e-05 3.226368e-03
486 2.326424e-04 3.563451e-03
487 2.271708e-04 4.425029e-03
488 8.045504e-05 2.468627e-03
489 3.372213e-03 3.238096e-02
490 2.326424e-04 3.563451e-03
491 2.326424e-04 3.563451e-03
492 8.484236e-05 3.715305e-03
493 2.326424e-04 3.563451e-03
494 7.606690e-05 2.589700e-03
495 7.606690e-05 2.589700e-03
496 8.045504e-05 2.468627e-03
497 2.271708e-04 4.425029e-03
498 8.045504e-05 2.468627e-03
499 8.045504e-05 2.468627e-03
500 8.045504e-05 2.468627e-03
501 1.708706e-03 8.648107e-03
502 2.326424e-04 3.563451e-03
503 2.326424e-04 3.563451e-03
504 6.229149e-04 4.816105e-03
505 2.326424e-04 3.563451e-03
506 2.086576e-04 3.370852e-03
507 2.271708e-04 4.425029e-03
508 8.045504e-05 2.468627e-03
509 6.229149e-04 4.816105e-03
510 8.045504e-05 2.468627e-03
511 6.229149e-04 4.816105e-03
512 2.326424e-04 3.563451e-03
513 6.229149e-04 4.816105e-03
514 1.811421e-03 1.059726e-02
515 6.396200e-04 7.972633e-03
516 6.396200e-04 7.972633e-03
517 6.396200e-04 7.972633e-03
518 6.396200e-04 7.972633e-03
519 6.396200e-04 7.972633e-03
520 6.396200e-04 7.972633e-03
521 6.396200e-04 7.972633e-03
522 6.396200e-04 7.972633e-03
523 6.396200e-04 7.972633e-03
524 6.396200e-04 7.972633e-03
525 6.396200e-04 7.972633e-03
526 6.396200e-04 7.972633e-03
527 6.396200e-04 7.972633e-03
528 6.396200e-04 7.972633e-03
529 6.396200e-04 7.972633e-03
530 1.849515e-03 1.751923e-02
531 6.396200e-04 7.972633e-03
532 6.396200e-04 7.972633e-03
533 6.396200e-04 7.972633e-03
534 6.396200e-04 7.972633e-03
535 6.396200e-04 7.972633e-03
536 6.396200e-04 7.972633e-03
537 6.396200e-04 7.972633e-03
538 6.396200e-04 7.972633e-03
539 6.396200e-04 7.972633e-03
540 6.396200e-04 7.972633e-03
541 6.396200e-04 7.972633e-03
542 2.388814e-04 5.974343e-03
543 6.396200e-04 7.972633e-03
544 6.396200e-04 7.972633e-03
545 2.077427e-04 4.400933e-03
546 7.184392e-05 2.758255e-03
547 2.077427e-04 4.400933e-03
548 2.077427e-04 4.400933e-03
549 7.184392e-05 2.758255e-03
550 2.077427e-04 4.400933e-03
551 2.077427e-04 4.400933e-03
552 2.077427e-04 4.400933e-03
553 6.229149e-04 4.816105e-03
554 2.128259e-04 4.786645e-03
555 2.077427e-04 4.400933e-03
556 1.970737e-04 3.833210e-03
557 2.077427e-04 4.400933e-03
558 2.077427e-04 4.400933e-03
559 2.077427e-04 4.400933e-03
560 5.698549e-04 7.509257e-03
561 2.077427e-04 4.400933e-03
562 2.077427e-04 4.400933e-03
563 5.921951e-04 1.008392e-02
564 2.077427e-04 4.400933e-03
565 5.698549e-04 7.509257e-03
566 5.698549e-04 7.509257e-03
567 2.128259e-04 4.786645e-03
568 2.128259e-04 4.786645e-03
569 7.758647e-05 3.408395e-03
570 7.758647e-05 3.408395e-03
571 7.758647e-05 3.408395e-03
572 7.758647e-05 3.408395e-03
573 2.077427e-04 4.400933e-03
574 7.758647e-05 3.408395e-03
575 7.758647e-05 3.408395e-03
576 7.758647e-05 3.408395e-03
577 7.758647e-05 3.408395e-03
578 2.077427e-04 4.400933e-03
579 2.077427e-04 4.400933e-03
580 7.758647e-05 3.408395e-03
581 2.077427e-04 4.400933e-03
582 2.077427e-04 4.400933e-03
583 2.128259e-04 4.786645e-03
584 2.077427e-04 4.400933e-03
585 2.077427e-04 4.400933e-03
586 2.077427e-04 4.400933e-03
587 6.381569e-04 5.211976e-03
588 2.077427e-04 4.400933e-03
589 7.360186e-05 2.891646e-03
590 6.229149e-04 4.816105e-03
591 2.128259e-04 4.786645e-03
592 5.698549e-04 7.509257e-03
593 1.905831e-03 1.225635e-02
594 2.128259e-04 4.786645e-03
595 6.229149e-04 4.816105e-03
596 6.140901e-04 5.810562e-03
597 7.758647e-05 3.408395e-03
598 2.683183e-05 2.415004e-03
599 2.683183e-05 2.415004e-03
600 2.077427e-04 4.400933e-03
