1 1.786036e-03 4.914127e-02
2 4.456725e-05 5.485715e-02
3 5.042665e-05 1.216202e-02
4 7.498874e-05 4.327243e-03
5 6.259939e-08 2.612217e-03
6 2.082501e-02 5.963964e-01
7 1.352158e-02 9.814077e-01
8 2.568884e-04 2.617039e-01
9 3.924718e-06 3.471630e-02
10 6.707600e-04 1.703584e-01
11 2.093640e-07 4.791346e-03
12 1.825984e-05 8.850234e-03
13 2.718489e-03 2.338929e-01
14 1.648085e-05 1.203880e-02
15 6.803746e-03 1.926469e-01
16 1.310949e-03 1.020570e-01
17 4.920426e-06 6.358276e-03
18 2.622866e-04 3.418234e-02
19 8.142114e-04 1.451215e-01
20 3.838830e-07 3.052154e-03
21 2.148220e-02 7.427795e-01
22 5.708640e-04 1.271050e-02
23 5.706696e-06 3.016679e-03
24 8.176804e-04 5.027892e-02
25 7.444216e-05 1.136668e-02
26 1.944946e-05 1.344466e-02
27 1.652486e-05 7.815653e-03
28 4.766144e-07 4.312851e-03
29 5.959598e-03 2.926531e-01
30 2.914922e-02 7.338679e-01
31 4.336438e-04 7.256453e-02
32 1.233041e-03 1.534044e-01
33 6.029893e-07 2.833329e-03
34 6.930838e-08 4.799968e-03
35 3.185821e-04 2.784966e-02
36 6.082208e-03 4.401993e-01
37 8.726198e-07 3.804308e-03
38 1.392042e-06 5.161122e-02
39 2.530316e-07 2.539193e-03
40 2.966871e-06 4.949134e-03
41 8.779802e-04 1.202130e-01
42 4.027595e-05 9.584093e-02
43 2.854655e-05 4.849690e-02
44 1.178389e-04 7.337720e-03
45 5.324806e-04 4.321195e-02
46 8.230037e-05 7.231891e-03
47 7.176322e-03 1.856692e-01
48 3.456716e-07 2.120935e-02
49 5.015614e-06 5.407823e-03
50 8.075808e-03 6.705009e-01
51 5.313342e-03 1.244658e-01
52 5.273152e-04 4.374724e-02
53 8.471365e-07 2.676957e-03
54 1.730019e-06 3.091215e-03
55 1.753161e-04 1.384008e-02
56 7.050183e-04 4.718286e-02
57 2.147004e-05 6.425080e-02
58 1.427446e-04 4.131911e-02
59 5.074346e-03 1.336707e-01
60 1.166979e-04 4.957742e-02
61 4.143362e-03 3.875911e-01
62 1.335377e-03 1.016129e-01
63 3.707251e-07 3.766650e-03
64 2.134729e-04 3.319548e-02
65 4.460706e-05 1.794459e-01
66 7.421244e-08 2.676518e-03
67 6.857922e-06 3.917132e-02
68 2.766670e-06 6.629500e-03
69 4.262391e-05 8.273739e-03
70 7.721685e-07 1.154423e-02
71 2.441967e-03 1.872446e-01
72 8.196228e-06 4.425781e-03
73 1.249957e-07 4.352102e-03
74 5.641319e-04 9.402329e-02
75 1.011343e-06 3.024819e-03
76 6.416522e-06 1.141397e-02
77 2.739270e-08 5.688480e-03
78 1.212070e-02 3.080225e-01
79 5.520407e-03 3.114493e-01
80 1.035833e-05 6.034444e-02
81 1.406729e-07 4.247780e-03
82 5.661833e-06 3.968385e-03
83 8.273649e-07 4.299091e-03
84 1.622240e-05 6.958705e-03
85 9.482116e-04 1.437154e-01
86 1.134695e-04 3.263091e-02
87 4.589552e-07 3.805436e-03
88 5.452929e-07 7.630327e-03
89 4.442836e-03 1.597590e-01
90 3.715788e-04 7.172572e-02
91 4.360743e-07 4.010290e-03
92 1.104393e-02 6.495104e-01
93 3.038209e-05 5.503862e-03
94 1.099916e-05 5.951288e-03
95 1.335469e-03 4.610805e-02
96 7.949093e-07 4.635574e-03
97 1.121517e-04 1.345408e-02
98 7.037512e-06 5.135535e-03
99 4.974713e-06 3.811002e-03
100 1.027605e-02 1.337644e+00
101 8.073885e-06 9.815886e-03
102 4.385632e-07 7.136300e-03
103 1.048930e-03 1.149570e-01
104 8.686408e-04 7.241924e-02
105 3.125308e-04 3.672180e-02
106 3.797688e-05 6.699005e-03
107 6.528339e-06 4.000527e-03
108 1.187938e-05 4.413984e-03
109 2.705571e-06 1.112913e-02
110 1.679085e-04 7.143540e-02
111 3.210267e-07 9.025939e-03
112 4.118400e-06 3.514150e-03
113 7.733570e-04 5.482713e-02
114 2.908325e-03 7.064732e-02
115 3.938688e-03 6.676604e-01
116 3.123690e-03 1.478056e-01
117 6.403619e-04 1.206647e-01
118 8.925690e-03 7.955210e-01
119 6.663643e-04 2.105331e-02
120 1.095248e-04 6.120880e-02
121 2.309344e-03 7.781988e-02
122 1.175072e-04 2.611768e-02
123 1.626779e-07 6.344787e-03
124 9.964329e-05 1.124988e-02
125 1.224492e-05 9.643158e-03
126 1.285359e-03 6.411538e-02
127 9.011100e-05 8.437143e-03
128 2.385906e-04 1.960186e-02
129 2.098421e-04 1.830975e-02
130 4.315301e-06 7.223445e-03
131 1.041777e-05 7.621508e-03
132 8.032342e-05 2.046605e-02
133 4.427476e-04 1.651036e-02
134 7.054400e-04 6.762098e-02
135 1.078066e-05 8.196855e-03
136 7.434926e-05 1.337309e-02
137 2.555993e-05 1.443318e-02
138 4.390197e-06 1.115941e-02
139 1.136837e-05 1.180512e-02
140 6.823622e-07 5.658326e-03
141 4.876083e-06 1.114092e-02
142 1.812902e-06 1.046822e-02
143 1.141897e-05 6.808402e-03
144 1.127950e-05 1.429792e-02
145 1.186482e-05 7.842019e-03
146 8.459299e-07 6.828791e-03
147 8.658814e-05 1.588987e-02
148 4.620539e-06 1.089843e-02
149 1.877274e-06 1.190358e-02
150 7.555432e-07 6.147146e-03
151 1.396871e-05 1.419227e-02
152 1.045401e-05 6.177952e-03
153 4.824083e-06 1.422714e-02
154 4.587801e-06 1.318175e-02
155 2.850858e-05 1.233997e-02
156 2.118171e-04 2.026882e-02
157 1.117709e-05 8.112075e-03
158 2.966005e-05 1.826654e-02
159 2.148841e-04 2.470659e-02
160 1.007783e-03 2.887414e-02
161 1.983786e-04 1.944151e-02
162 1.713851e-04 1.938810e-02
163 7.234435e-05 2.283160e-02
164 2.394983e-05 9.574110e-03
165 9.240652e-06 4.853407e-03
166 2.302693e-05 5.949686e-03
167 6.924643e-05 1.083391e-02
168 7.461790e-05 1.074740e-02
169 2.580722e-04 1.463226e-02
170 4.769405e-05 2.990456e-02
171 1.470145e-05 2.103049e-02
172 3.446893e-05 7.550274e-03
173 1.191589e-04 2.261545e-02
174 5.275451e-03 1.370221e-01
175 4.304804e-05 1.796232e-02
176 1.087286e-04 3.029970e-02
177 4.238007e-05 2.159496e-02
178 4.778238e-05 2.519698e-02
179 3.003216e-04 2.732113e-02
180 3.025787e-04 2.939444e-02
181 4.078318e-05 9.602951e-03
182 1.035619e-04 2.773224e-02
183 4.391860e-05 2.531214e-02
184 3.261202e-04 4.435077e-02
185 1.256492e-04 2.430413e-02
186 7.283124e-04 2.267069e-02
187 1.292811e-04 1.471349e-02
188 3.663400e-05 8.922524e-03
189 1.499405e-04 3.528985e-02
190 5.217156e-05 1.585223e-02
191 9.027409e-05 4.376494e-02
192 1.318219e-05 1.310600e-02
193 1.589976e-05 3.853547e-02
194 2.272848e-06 1.288462e-02
195 4.589089e-05 1.805495e-02
196 3.770128e-05 3.748628e-02
197 4.035453e-05 2.422088e-02
198 3.754945e-05 2.137831e-02
199 1.219455e-05 1.889721e-02
200 1.867360e-06 5.376505e-03
201 1.011587e-06 1.251439e-02
202 1.538303e-05 2.170246e-02
203 1.705596e-06 5.851450e-03
204 6.427592e-06 1.858029e-02
205 3.055688e-05 2.525296e-02
206 8.825110e-07 1.183689e-02
207 2.615273e-05 8.101113e-03
208 7.032651e-06 2.557548e-02
209 2.272848e-06 1.288462e-02
210 1.283640e-05 1.909433e-02
211 1.249625e-05 1.527471e-02
212 9.278308e-05 4.845709e-02
213 1.009361e-04 5.197643e-02
214 7.182280e-07 3.762252e-03
215 8.307367e-05 2.093529e-02
216 4.772783e-05 6.471682e-02
217 3.638625e-05 1.568840e-02
218 7.476787e-05 2.068373e-02
219 1.586461e-05 1.476951e-02
220 8.943979e-07 1.510800e-02
221 1.129002e-04 4.290517e-02
222 1.576587e-05 2.996080e-02
223 4.166150e-03 1.566789e-01
224 6.046954e-05 6.267900e-03
225 1.033276e-05 8.330068e-03
226 8.429819e-06 3.299555e-03
227 9.427088e-06 6.647623e-03
228 9.647581e-06 8.274365e-03
229 1.148440e-05 1.394474e-02
230 1.148440e-05 1.394474e-02
231 1.169433e-05 1.448011e-02
232 1.169433e-05 1.448011e-02
233 4.072183e-06 6.937829e-03
234 2.216743e-07 4.961355e-03
235 1.668860e-06 6.924538e-03
236 2.576253e-07 5.282374e-03
237 4.073409e-06 6.955697e-03
238 3.893328e-06 6.945392e-03
239 1.668860e-06 6.924538e-03
240 1.590630e-06 6.916490e-03
241 5.410702e-07 4.965493e-03
242 4.135359e-06 1.591627e-02
243 6.020268e-07 4.752866e-03
244 4.216377e-06 7.684625e-03
245 4.073409e-06 6.955697e-03
246 4.073409e-06 6.955697e-03
247 5.410702e-07 4.965493e-03
248 4.073409e-06 6.955697e-03
249 9.849859e-06 6.964913e-03
250 4.073409e-06 6.955697e-03
251 1.448750e-06 6.854382e-03
252 1.689220e-06 6.293626e-03
253 2.243788e-07 4.740374e-03
254 3.791483e-06 8.221113e-03
255 1.596030e-06 8.104506e-03
256 5.054829e-07 4.671206e-03
257 1.448750e-06 6.854382e-03
258 3.415814e-04 6.001865e-02
259 5.001250e-05 3.456806e-02
260 5.433590e-05 3.828681e-02
261 3.460803e-04 6.741518e-02
262 1.968228e-05 1.446480e-02
263 1.279369e-04 2.713428e-02
264 8.083781e-04 7.047479e-02
265 7.761532e-04 4.078697e-02
266 2.177829e-03 1.254229e-01
267 1.014755e-04 1.193029e-02
268 1.478407e-05 6.954540e-03
269 5.328452e-05 1.642330e-02
270 1.658068e-05 1.313550e-02
271 2.390852e-06 5.887379e-03
272 1.665608e-05 1.088235e-02
273 4.661942e-05 1.536708e-02
274 1.598391e-05 1.114741e-02
275 1.151221e-04 2.798641e-02
276 1.554353e-04 6.686466e-02
277 3.118517e-04 2.610046e-02
278 1.275487e-04 3.829493e-02
279 5.052543e-05 2.380398e-02
280 4.300712e-05 1.290568e-02
281 1.084114e-04 1.062423e-02
282 3.596743e-05 7.112041e-03
283 2.320972e-06 5.882486e-03
284 3.132330e-04 4.081988e-02
285 5.718785e-03 2.140716e-01
286 2.105005e-03 2.066724e-01
287 6.934133e-04 5.905976e-02
288 3.739660e-05 1.106784e-02
289 2.985393e-04 4.949834e-02
290 8.941977e-04 1.383769e-01
291 8.434733e-04 6.340627e-02
292 1.172508e-04 3.261704e-02
293 2.564213e-03 6.295176e-01
294 3.942115e-05 1.282708e-02
295 7.226655e-03 3.652815e-01
296 2.660712e-03 1.810208e-01
297 1.302686e-02 7.703965e-01
298 4.147342e-03 1.866411e-01
299 7.928055e-03 5.379349e-02
300 5.838682e-06 1.634335e-02
301 1.940311e-03 4.193714e-02
302 2.233835e-04 4.153377e-02
303 2.408404e-04 1.464234e-02
304 1.265220e-04 3.314417e-02
305 5.925699e-04 2.878160e-02
306 9.392221e-06 3.956067e-03
307 6.701020e-05 6.820049e-03
308 2.174639e-04 3.459648e-02
309 1.749982e-03 6.594752e-02
310 1.226274e-05 7.415167e-03
311 3.300535e-05 1.250638e-02
312 6.428621e-04 1.640863e-02
313 2.724322e-05 5.743296e-03
314 6.437336e-05 7.390679e-03
315 1.854130e-06 7.098835e-03
316 3.748403e-03 1.041057e-01
317 2.899369e-07 4.953808e-03
318 2.115225e-06 5.453519e-03
319 3.130396e-04 5.926040e-02
320 7.737597e-07 4.102869e-03
321 2.087567e-06 1.288908e-02
322 3.226626e-04 3.535575e-02
323 3.007511e-03 3.680045e-01
324 5.849505e-06 4.929644e-03
325 7.358030e-06 9.497786e-03
326 1.119455e-05 1.942125e-02
327 4.728556e-06 4.757299e-02
328 1.122682e-03 7.155166e-02
329 1.636646e-03 9.671463e-02
330 5.945515e-04 9.674389e-02
331 1.578877e-03 1.643773e-01
332 4.033518e-03 4.632083e-01
333 1.418283e-03 2.746459e-01
334 3.365210e-05 8.678827e-02
335 2.952143e-05 1.891835e-02
336 5.609109e-03 4.423800e-01
337 3.159723e-03 1.223105e-01
338 1.954726e-05 1.580776e-02
339 2.486376e-04 3.426481e-02
340 3.059332e-07 5.481123e-03
341 6.596973e-07 4.292731e-03
342 4.986913e-06 8.849206e-03
343 1.568116e-05 1.490711e-02
344 3.609838e-05 9.653837e-03
345 1.404909e-07 3.218663e-03
346 1.492324e-05 6.237293e-03
347 4.011084e-05 9.194473e-03
348 2.615866e-06 8.735824e-03
349 4.268925e-05 1.233868e-02
350 2.247117e-06 4.514561e-03
351 1.300018e-05 5.870104e-03
352 5.073198e-08 3.025466e-03
353 9.771856e-07 4.942110e-03
354 9.004217e-07 3.864095e-03
355 2.663789e-04 3.700827e-02
356 2.683843e-07 2.705860e-03
357 6.669364e-05 5.655430e-03
358 6.602172e-04 5.142551e-02
359 5.358882e-06 5.608040e-03
360 4.677774e-06 5.526894e-03
361 5.256711e-06 6.511966e-03
362 8.359943e-06 1.570809e-02
363 4.421905e-06 3.684658e-03
364 5.073198e-08 3.025466e-03
365 3.700336e-05 1.489164e-02
366 3.651030e-05 2.485663e-02
367 3.705862e-05 1.163766e-02
368 4.268925e-05 1.233868e-02
369 9.373383e-05 2.563163e-02
370 2.122673e-05 8.601692e-03
371 8.617121e-06 6.863175e-03
372 1.552983e-02 4.490587e-01
373 5.722901e-05 4.326167e-02
374 4.084837e-03 3.975823e-01
375 3.113542e-05 3.710465e-02
376 6.158434e-03 2.015192e-01
377 1.495850e-04 5.255364e-02
378 1.426419e-03 8.969275e-02
379 3.752850e-06 3.446653e-03
380 1.311819e-05 1.047378e-02
381 1.114654e-05 8.546253e-03
382 8.836319e-04 7.592896e-02
383 6.017622e-05 9.016889e-03
384 2.576684e-05 6.647729e-03
385 1.954643e-04 1.617347e-02
386 1.213046e-03 1.098529e-01
387 7.492865e-05 8.383605e-03
388 3.380481e-03 1.268421e-01
389 9.931265e-03 2.290023e-01
390 3.779180e-04 2.845665e-02
391 3.655597e-04 6.021362e-02
392 5.789250e-03 2.871045e-01
393 1.245080e-02 3.054023e-01
394 2.463190e-04 3.727233e-02
395 1.280730e-04 4.694097e-02
396 3.869681e-05 1.243970e-02
397 1.678992e-05 7.363729e-03
398 4.860782e-03 1.003288e-01
399 3.018868e-06 1.270976e-02
400 5.305239e-05 2.701689e-02
401 6.455456e-06 8.909420e-03
402 1.714118e-05 1.029653e-02
403 2.863828e-06 1.095654e-02
404 2.581643e-06 8.830704e-03
405 2.669564e-04 2.509646e-02
406 4.756803e-05 3.983447e-02
407 6.455456e-06 8.909420e-03
408 3.273646e-04 4.553941e-02
409 3.142318e-03 4.069967e-01
410 2.470990e-06 6.792432e-03
411 4.195585e-05 1.067586e-02
412 1.056749e-04 1.444808e-02
413 1.106892e-04 9.061957e-03
414 9.781823e-05 1.328038e-02
415 1.213188e-04 2.533584e-02
416 6.178766e-06 6.867775e-03
417 2.541143e-06 6.460943e-03
418 5.979759e-04 4.480634e-02
419 6.241773e-04 6.147733e-02
420 1.284891e-05 4.210933e-03
421 2.616154e-04 1.142296e-02
422 9.828765e-05 1.451991e-02
423 2.491142e-06 5.960813e-03
424 2.526221e-04 1.523141e-02
425 3.194669e-04 2.523802e-02
426 2.406283e-04 1.715466e-02
427 2.526221e-04 1.523141e-02
428 1.779143e-05 8.073999e-03
429 1.156037e-06 7.660390e-03
430 1.053907e-04 1.323538e-02
431 7.702874e-06 9.385298e-03
432 2.491142e-06 5.960813e-03
433 3.194669e-04 2.523802e-02
434 1.033169e-04 1.024468e-02
435 1.088435e-06 5.693056e-03
436 7.976426e-04 4.208637e-02
437 4.481837e-05 8.583156e-03
438 1.808872e-05 7.996625e-03
439 1.885599e-03 5.626392e-02
440 1.126293e-04 1.031204e-02
441 6.245788e-04 1.969335e-02
442 1.556762e-02 7.002055e-01
443 1.517681e-02 3.382789e-01
444 2.924269e-02 4.486004e-01
445 7.512132e-03 1.763423e-01
446 7.588388e-07 2.666699e-03
447 3.589683e-07 4.177383e-03
448 3.736626e-07 4.029717e-03
449 2.408154e-06 4.498305e-03
450 3.135183e-07 3.043248e-03
451 1.616958e-05 1.005175e-02
452 8.675691e-04 9.080703e-02
453 7.431454e-07 4.215514e-03
454 6.590340e-06 1.188176e-02
455 2.158027e-06 6.445686e-03
456 3.308749e-07 3.611903e-03
457 9.158232e-07 2.931062e-03
458 3.589683e-07 4.177383e-03
459 7.208267e-03 3.930138e-01
460 1.566233e-04 6.683768e-02
461 4.369606e-05 3.513340e-02
462 3.905405e-05 1.403581e-02
463 2.241164e-06 4.457771e-03
464 8.290894e-07 4.253839e-03
465 2.903562e-06 7.580825e-03
466 8.377351e-07 4.297925e-03
467 1.687245e-05 7.737705e-03
468 5.614913e-06 5.848970e-03
469 5.756357e-06 5.080205e-03
470 5.598090e-06 3.185237e-03
471 2.241164e-06 4.457771e-03
472 7.900782e-07 3.580683e-03
473 3.320114e-07 4.009821e-03
474 3.080556e-07 3.578154e-03
475 2.109571e-04 1.390791e-02
476 7.161333e-05 1.334963e-02
477 6.782480e-05 8.620863e-03
478 5.440884e-04 4.337673e-02
479 5.534655e-05 8.316028e-03
480 1.749507e-04 2.107092e-02
481 9.078204e-05 3.348339e-02
482 3.748324e-05 2.309183e-02
483 1.493368e-05 1.638444e-02
484 4.336883e-06 4.115909e-03
485 2.508464e-05 6.220714e-03
486 8.539503e-05 1.699202e-02
487 3.458552e-05 1.097932e-02
488 2.589193e-05 7.200439e-03
489 8.009835e-03 4.655074e-01
490 1.128653e-05 9.280303e-03
491 1.128653e-05 9.280303e-03
492 4.116084e-06 5.800184e-03
493 1.128653e-05 9.280303e-03
494 1.037604e-05 4.743414e-03
495 2.370637e-05 5.839389e-03
496 1.639889e-06 4.185602e-03
497 1.137756e-05 8.908605e-03
498 1.001073e-05 4.477739e-03
499 2.511185e-05 5.713337e-03
500 3.903235e-06 4.445694e-03
501 3.548307e-03 3.017388e-01
502 1.227313e-05 8.762540e-03
503 3.131117e-05 1.665795e-02
504 3.022040e-05 2.012334e-02
505 1.128653e-05 9.280303e-03
506 4.788128e-04 3.078686e-02
507 4.860286e-06 8.233801e-03
508 4.193456e-06 4.462388e-03
509 9.236042e-05 4.506730e-02
510 1.769730e-06 4.436033e-03
511 2.309988e-04 5.130665e-02
512 7.153730e-05 2.285594e-02
513 5.385636e-04 7.123877e-02
514 1.913569e-03 2.967351e-01
515 4.128861e-05 3.616207e-02
516 3.264940e-05 2.715164e-02
517 4.201814e-05 4.909760e-02
518 3.264940e-05 2.715164e-02
519 1.300107e-05 1.551471e-02
520 6.315576e-06 2.378245e-02
521 1.619772e-05 2.382604e-02
522 1.619772e-05 2.382604e-02
523 2.934402e-05 1.688081e-02
524 1.602270e-05 2.390619e-02
525 3.838125e-05 2.396723e-02
526 3.964659e-05 2.442066e-02
527 1.139241e-04 4.320454e-02
528 4.109382e-05 2.401678e-02
529 3.838125e-05 2.396723e-02
530 3.224286e-05 4.465525e-02
531 1.139241e-04 4.320454e-02
532 1.133867e-04 3.065054e-02
533 4.441962e-05 4.289793e-02
534 1.139241e-04 4.320454e-02
535 3.838125e-05 2.396723e-02
536 1.133867e-04 3.065054e-02
537 2.747182e-04 6.644617e-02
538 1.014864e-04 6.257501e-02
539 3.838125e-05 2.396723e-02
540 1.139241e-04 4.320454e-02
541 1.116781e-04 4.853734e-02
542 3.279649e-05 1.613669e-02
543 4.201814e-05 4.909760e-02
544 3.838125e-05 2.396723e-02
545 1.681309e-04 1.184320e-02
546 1.357690e-03 2.280074e-02
547 2.977900e-05 7.708567e-03
548 2.018577e-04 1.629035e-02
549 3.025013e-07 3.517953e-03
550 2.115537e-04 4.155590e-02
551 3.436463e-05 1.349837e-02
552 3.764053e-05 2.333769e-02
553 2.557415e-04 1.566438e-02
554 9.374944e-05 1.522255e-02
555 5.334228e-04 3.936836e-02
556 4.489379e-06 4.742150e-03
557 5.305779e-06 6.709009e-03
558 5.836149e-06 1.270864e-02
559 7.530259e-05 7.727206e-03
560 1.438610e-05 1.002434e-02
561 1.850848e-04 1.904214e-02
562 1.189770e-05 8.276061e-03
563 2.520734e-04 6.088302e-02
564 5.254539e-06 5.271476e-03
565 8.929767e-05 2.093663e-02
566 2.229916e-04 3.735523e-02
567 3.293755e-05 7.032966e-03
568 3.620091e-05 9.577770e-03
569 3.659862e-05 6.405851e-03
570 7.833196e-05 7.875325e-03
571 6.977434e-05 9.110322e-03
572 2.133452e-04 9.757447e-03
573 3.842298e-05 1.142602e-02
574 5.863049e-06 6.242105e-03
575 8.752608e-05 9.651498e-03
576 1.468643e-05 8.362853e-03
577 5.316618e-04 1.813458e-02
578 4.498313e-04 4.020112e-02
579 9.697522e-04 3.430629e-02
580 8.371070e-05 1.029009e-02
581 1.369212e-03 6.786421e-02
582 6.302102e-04 2.837001e-02
583 5.665455e-04 2.158150e-02
584 5.638949e-04 1.446731e-02
585 3.647240e-03 5.126028e-02
586 8.751550e-05 1.639247e-02
587 2.685688e-04 2.298006e-02
588 8.119644e-05 1.155438e-02
589 7.664670e-05 4.358409e-03
590 5.681364e-04 6.603686e-02
591 4.661337e-04 1.844848e-02
592 9.965743e-04 3.573409e-02
593 2.751467e-04 1.118560e-01
594 6.236907e-06 7.734118e-03
595 1.159861e-04 3.065773e-02
596 2.410099e-03 6.598564e-02
597 1.783764e-06 4.270734e-03
598 3.893945e-06 3.069864e-03
599 1.711357e-06 3.038598e-03
600 5.486431e-06 6.769042e-03
