2 1.500469e-03 3.403287e-01
3 1.531004e-02 9.071789e-01
4 9.555890e-03 8.230227e-01
5 4.298358e-05 2.162460e-01
6 8.569671e-03 1.284776e+00
7 6.387824e-03 3.823179e-01
8 5.470643e-03 4.035555e-01
9 5.435778e-04 3.011193e-01
10 8.295646e-04 4.887494e-01
11 5.565246e-03 1.033417e+00
12 3.019775e-03 7.055948e-01
13 1.045739e-02 1.289887e+00
14 3.020276e-03 5.549065e-01
15 1.299029e-02 8.113942e-01
16 1.206472e-03 3.090451e-01
17 4.805990e-05 5.164491e-02
18 1.796358e-02 9.685072e-01
19 4.950635e-04 3.498814e-02
20 2.895249e-03 4.130732e-01
21 1.638549e-02 6.742449e-01
22 1.253708e-02 2.120172e+00
23 8.481192e-04 8.553559e-01
24 1.619086e-03 4.404607e-01
25 3.668188e-05 9.412527e-02
26 2.315471e-03 4.381223e-01
27 8.206267e-03 8.620330e-01
28 6.836930e-06 1.658159e-01
29 5.588056e-03 1.006726e+00
30 7.245944e-04 3.316068e-02
31 2.960507e-03 8.140297e-01
32 4.202510e-03 6.433052e-01
33 9.812446e-04 5.754874e-01
34 9.354566e-03 1.728939e-01
35 9.665133e-03 1.571369e+00
36 5.667371e-06 1.352299e-01
37 4.702016e-04 7.532408e-02
38 4.098408e-03 5.385449e-01
39 7.759680e-03 8.048659e-01
40 2.827162e-03 1.055888e+00
41 6.958956e-09 3.520691e-02
42 7.116481e-03 5.769627e-01
43 3.081567e-03 1.216538e-01
44 9.960671e-11 4.558111e-03
45 1.268114e-07 4.366358e-03
46 1.873635e-08 4.951633e-03
47 1.588008e-09 7.969299e-03
48 8.845366e-12 4.273827e-03
49 4.540464e-03 2.970332e-01
50 1.845609e-08 1.871567e-02
51 1.268727e-09 3.054551e-03
52 2.026483e-08 7.528116e-03
53 2.661181e-06 3.502159e-02
54 6.687971e-11 2.680095e-03
55 1.494462e-08 3.272602e-03
56 1.146901e-07 3.876041e-03
57 2.594566e-09 2.973077e-03
58 9.650869e-06 1.200178e-02
59 7.566782e-05 1.157885e-01
60 2.779417e-08 8.211318e-03
61 3.221965e-05 2.120619e-02
62 4.258660e-08 2.801902e-03
63 7.544691e-05 2.934694e-02
64 6.368857e-10 2.709194e-03
65 2.479583e-10 2.933354e-03
66 8.316022e-09 8.546721e-03
67 1.134519e-09 2.892029e-03
68 1.223762e-04 1.094501e-02
69 7.508132e-07 4.219688e-02
70 8.382277e-04 5.423018e-02
71 9.738613e-09 6.339269e-03
72 4.929087e-06 2.049093e-02
73 5.296418e-05 5.601592e-02
74 1.694351e-06 5.621876e-03
75 1.451507e-08 3.852642e-03
76 9.656317e-08 5.375651e-02
77 2.148178e-06 1.082038e-02
78 4.432881e-04 1.873835e-01
79 2.512355e-04 7.230016e-02
80 7.023492e-08 1.114099e-02
81 4.090161e-10 2.964263e-03
82 1.093852e-06 2.015939e-02
83 4.267595e-08 5.087123e-03
84 2.206159e-04 2.570200e-01
85 5.265783e-04 6.126105e-02
86 1.951449e-03 1.273456e-01
87 2.434448e-03 2.096510e-01
88 1.096932e-11 4.005225e-03
89 6.664581e-07 1.087679e-02
90 3.663327e-05 1.519600e-02
91 2.343477e-09 2.857523e-03
92 3.576515e-07 5.581832e-03
93 4.708805e-10 4.353113e-03
94 4.536728e-10 5.346966e-03
95 8.799079e-10 2.724197e-03
96 1.676974e-02 7.724341e-01
97 1.271538e-06 1.506588e-02
98 1.732758e-04 6.021969e-01
99 2.686163e-03 4.593805e-01
100 1.073157e-03 4.700179e-01
101 1.307053e-03 3.359749e-01
102 4.150612e-08 4.749863e-03
103 3.700169e-03 3.313001e-01
104 2.183290e-04 4.710764e-02
105 6.652270e-04 4.964419e-02
106 1.045607e-05 5.402154e-03
107 1.022924e-09 3.185624e-03
108 2.578056e-03 1.078106e-01
109 8.399412e-06 9.178170e-02
110 4.130900e-11 1.309764e-02
111 1.346018e-04 7.738530e-02
112 7.003069e-05 7.419025e-02
113 1.962549e-04 2.009389e-01
114 3.082672e-07 3.824879e-02
115 3.831371e-04 1.766689e-01
116 3.548755e-03 3.780808e-01
117 1.850996e-08 1.107212e-02
118 6.301847e-09 5.303505e-03
119 8.521347e-03 6.208879e-01
120 1.965194e-02 8.760165e-01
121 1.257406e-07 3.651377e-03
122 4.810414e-09 4.886487e-03
123 2.203546e-03 2.160411e-01
124 7.697557e-07 2.161636e-02
125 2.467805e-06 9.018340e-03
126 1.339273e-05 1.787660e-02
127 1.109024e-05 1.283768e-02
128 2.601731e-03 3.674293e-01
129 3.311158e-05 2.989940e-02
130 3.648249e-08 7.145751e-03
131 5.702210e-03 2.555806e-01
132 1.615510e-08 2.956088e-03
133 6.776760e-03 3.701895e-01
134 4.856085e-08 1.263859e-02
135 6.127417e-05 4.875946e-02
136 2.380053e-07 9.262876e-03
137 2.089668e-07 4.915389e-03
138 1.565690e-08 1.193965e-02
139 3.428115e-06 5.789847e-03
140 5.737421e-08 4.791785e-03
141 7.452120e-06 6.801006e-01
142 3.512811e-03 3.896127e-01
143 1.623480e-06 6.856192e-03
144 6.082278e-08 1.010333e-02
145 3.254579e-04 2.700334e-02
146 8.311469e-09 4.144707e-03
147 5.371583e-04 2.951478e-01
148 2.032596e-06 4.220831e-03
149 2.701227e-08 7.301424e-03
150 4.141236e-07 4.389880e-03
151 2.736889e-08 1.304875e-02
152 3.302494e-09 2.013593e-02
153 4.153830e-10 1.446092e-02
154 1.410526e-04 4.867318e-02
155 5.657663e-08 2.505715e-03
156 6.788807e-05 7.708824e-03
157 1.522748e-11 8.680756e-03
158 6.206617e-07 6.654380e-03
159 3.123880e-08 7.744036e-03
160 1.408616e-03 9.970532e-02
161 9.700519e-06 2.397926e-02
162 1.924015e-09 1.019459e-02
163 5.432418e-08 5.320472e-03
164 1.736090e-05 6.572894e-02
165 3.371256e-04 1.321906e-02
166 1.272973e-07 4.016389e-03
167 7.167066e-09 5.761905e-03
168 3.726786e-04 3.936056e-02
169 1.648206e-03 1.927639e-01
170 6.429852e-04 7.458377e-01
171 4.400122e-08 5.208525e-03
172 2.163250e-03 8.774813e-02
173 2.906218e-05 1.214805e-02
174 8.621108e-06 7.062673e-03
175 3.374510e-08 3.175391e-03
176 3.204413e-04 3.913204e-02
177 8.838537e-10 4.705818e-03
178 1.691962e-05 1.529695e-02
179 2.214303e-05 4.415661e-02
180 1.053363e-08 5.522490e-03
181 2.091646e-03 1.375448e-01
182 4.652160e-07 2.808440e-03
183 1.094157e-06 2.131183e-02
184 2.422433e-03 2.439991e-01
185 9.929605e-10 4.908207e-03
186 8.132347e-08 6.089177e-03
187 8.808484e-04 1.462997e-01
188 4.337269e-05 5.861772e-02
189 2.981789e-12 4.367818e-03
190 6.692811e-06 1.067942e-01
191 1.168478e-06 1.628018e-02
192 3.051112e-06 3.702680e-02
193 2.412616e-08 3.854101e-02
194 6.882436e-07 5.412079e-03
195 2.781515e-03 7.647170e-01
196 3.902638e-07 3.449656e-03
197 2.025919e-05 3.492655e-01
198 5.094205e-05 1.120745e-01
199 1.276645e-03 7.882980e-01
200 2.092516e-04 1.444247e-01
201 3.148663e-08 2.876890e-03
202 2.520650e-03 4.332238e-01
203 8.634200e-05 3.501284e-01
204 2.262444e-08 6.752791e-03
205 3.873895e-04 1.495252e-01
206 3.736935e-10 1.245561e-02
207 2.350377e-06 3.194571e-03
208 2.809239e-04 1.622430e-01
209 5.410243e-04 3.119908e-01
210 3.317312e-04 2.362067e-01
211 9.691487e-04 5.922417e-02
212 2.265695e-04 7.192663e-02
213 4.378060e-06 2.041611e-01
214 2.932478e-04 2.022374e-01
215 1.123754e-05 1.300658e-02
216 9.253031e-07 1.038733e-02
217 3.453747e-09 5.602221e-03
218 9.067102e-07 8.203323e-02
219 1.729669e-08 2.733273e-03
220 2.695620e-05 1.911164e-01
221 1.021500e-03 2.644633e-01
222 7.434310e-06 2.196342e-02
223 6.300243e-07 6.566043e-03
224 6.738460e-05 2.622486e-02
225 1.060216e-04 9.700220e-02
226 8.816493e-09 2.748351e-03
227 7.047202e-06 3.070142e-02
228 9.693647e-05 1.167336e-01
229 3.903856e-03 3.564568e-01
230 1.788981e-03 3.538789e-02
231 7.830855e-06 3.212399e-02
232 4.218651e-03 8.690910e-02
233 3.014396e-10 5.585559e-03
234 2.734401e-06 1.517989e-02
235 1.510073e-03 1.400279e-01
236 5.157586e-03 2.257380e-01
237 1.049825e-08 4.653828e-03
238 1.930606e-05 1.973831e-02
239 8.250994e-05 2.849575e-02
240 4.867872e-05 3.228718e-02
241 6.726752e-05 5.460061e-02
242 1.308684e-06 7.910525e-03
243 5.280816e-10 2.945876e-03
244 8.599126e-06 1.802357e-02
245 4.541553e-04 6.287775e-02
246 9.959815e-05 2.766071e-01
247 1.098856e-05 3.654330e-02
248 1.391431e-05 1.810311e-01
249 1.634597e-03 1.817345e-01
250 1.530821e-04 1.005355e-01
251 1.285701e-07 3.128485e-03
252 4.473186e-03 3.510195e-01
253 7.134506e-06 3.558298e-02
254 2.628705e-03 1.632836e-01
255 3.689753e-09 5.809942e-03
256 2.929434e-13 2.411318e-03
257 1.131255e-06 3.499306e-02
258 4.970602e-04 9.881035e-02
259 2.550338e-04 1.208664e-02
260 1.683153e-05 2.549953e-02
261 6.452998e-05 2.096415e-02
262 4.929909e-11 2.746119e-03
263 1.234650e-07 1.251384e-02
264 4.117105e-03 2.865078e-01
265 2.932376e-03 9.303049e-02
266 5.145102e-05 2.394182e-02
267 2.519486e-06 1.358024e-02
268 2.090374e-09 4.230362e-03
269 5.301349e-08 8.207646e-03
270 1.006533e-13 3.210816e-03
271 1.679221e-04 1.321183e-01
272 9.720036e-06 1.012709e-02
273 5.202531e-06 2.101535e-01
274 1.377763e-04 1.530493e-02
275 2.844304e-05 7.555429e-03
276 4.818481e-10 6.606333e-03
277 8.036101e-06 1.532347e-02
278 3.977706e-07 2.877226e-02
279 5.008180e-08 9.721209e-03
280 2.528805e-03 5.295688e-01
281 2.195489e-04 2.117620e-01
282 3.277015e-08 1.144763e-02
283 7.113557e-06 9.172117e-02
284 3.418014e-08 1.573881e-02
285 3.904830e-04 1.844228e-01
286 4.502238e-10 4.100800e-03
287 2.369313e-03 3.244320e-02
288 5.549929e-05 2.122794e-02
289 1.673557e-08 1.650143e-02
290 1.291135e-05 8.323614e-02
291 4.394913e-10 3.418396e-03
292 2.138090e-07 1.445144e-02
293 4.747926e-12 6.291494e-03
294 8.482573e-10 3.035302e-03
295 4.909016e-08 7.235253e-02
296 1.256522e-04 2.557763e-01
297 1.936445e-06 1.540905e-02
298 4.030455e-09 4.840003e-03
299 1.287848e-07 7.427123e-03
300 7.466731e-06 6.911120e-02
301 2.305527e-02 7.574235e-01
302 1.871872e-04 1.241298e-01
303 1.277578e-06 5.543339e-02
304 4.318494e-06 5.379470e-03
305 1.362529e-04 2.696998e-01
306 1.945774e-04 6.047169e-03
307 2.191819e-03 2.649434e-01
308 1.880777e-04 5.970968e-03
309 2.371539e-02 3.418247e-01
310 5.766170e-08 1.111152e-02
311 2.034567e-05 1.127490e-02
312 1.081430e-05 4.532220e-02
313 2.916528e-03 2.133096e-01
314 5.884536e-08 8.522262e-03
315 4.091784e-04 2.067892e-02
316 1.567735e-04 6.522205e-01
317 2.844275e-04 5.629811e-02
318 1.184106e-03 2.804181e-01
319 1.808097e-03 4.304592e-02
320 8.861979e-06 2.382158e-02
321 1.892378e-06 4.022732e-03
322 7.472512e-11 4.721324e-03
323 5.757097e-03 9.008899e-01
324 4.877737e-09 3.442916e-02
325 3.949977e-05 4.268380e-02
326 1.152707e-06 9.618702e-03
327 2.338170e-05 1.535000e-02
328 2.241083e-06 1.753125e-02
329 5.733883e-04 1.254251e-01
330 8.501116e-06 5.871716e-03
331 3.441698e-04 1.825621e-01
332 5.382869e-06 1.627302e-02
333 1.433915e-07 6.106737e-03
334 1.163558e-04 2.949286e-02
335 2.561333e-10 4.417455e-03
336 1.352647e-07 5.612413e-03
337 7.752394e-10 3.127971e-03
338 8.994617e-04 2.180964e-01
339 1.035529e-04 1.317057e-01
340 2.681688e-08 3.009196e-02
341 4.018794e-05 1.338563e-01
342 2.687367e-04 2.371436e-01
343 5.687192e-11 8.551407e-03
344 1.813208e-04 8.385014e-02
345 7.424488e-03 1.198339e+00
346 1.665307e-05 5.554077e-02
347 9.081532e-12 3.186263e-03
348 1.177184e-03 4.953718e-01
349 6.596968e-05 2.143139e-02
350 1.947621e-08 7.126335e-03
351 1.313403e-03 4.263849e-01
352 9.224988e-08 3.180852e-02
353 8.463492e-07 3.560129e-03
354 2.564986e-03 1.108010e-01
355 1.003412e-04 4.594057e-02
356 6.390231e-05 1.982069e-02
357 2.149791e-04 3.416175e-01
358 4.663848e-07 1.646786e-02
359 6.752162e-08 4.245840e-03
360 2.802565e-09 3.776223e-02
361 4.000761e-04 6.371310e-02
362 1.062195e-05 5.757552e-02
363 7.438529e-03 6.251580e-01
364 9.585143e-04 3.627547e-01
365 1.841852e-08 3.494651e-02
366 6.240414e-07 4.970436e-02
367 1.254774e-06 5.233898e-03
368 9.389330e-04 3.359456e-01
369 1.011941e-07 6.408213e-03
370 8.390712e-07 1.284746e-02
371 4.339688e-06 7.752374e-02
372 1.426863e-03 1.731626e-01
373 8.024580e-07 5.139336e-03
374 4.935482e-12 4.621856e-03
375 1.331796e-09 2.766077e-03
376 8.357321e-05 4.772032e-03
377 1.537101e-02 5.744188e-01
378 5.342297e-09 5.544342e-03
379 1.837637e-04 1.235620e-01
380 6.917547e-03 7.539142e-01
381 2.971869e-06 2.465301e-02
382 3.088687e-08 4.644308e-03
383 1.850395e-04 1.231835e-01
384 7.771246e-07 3.019799e-02
385 1.090894e-04 2.940653e-02
386 3.935340e-08 3.011173e-03
387 2.065110e-04 1.760898e-02
388 1.445217e-04 2.248866e-01
389 1.443832e-06 1.969259e-02
390 2.618578e-05 6.806143e-02
391 6.141629e-06 3.337190e-02
392 1.009199e-03 3.195904e-01
393 7.417197e-10 3.752590e-03
394 2.150040e-03 6.628086e-01
395 8.726252e-05 2.816542e-02
396 5.599198e-09 1.448070e-02
397 1.421800e-04 7.239538e-02
398 1.309991e-10 5.555249e-03
399 7.796563e-05 6.633288e-02
400 7.608209e-06 2.562739e-02
401 7.136354e-11 2.967369e-03
402 2.236575e-07 1.020386e-02
403 7.447361e-06 1.504539e-01
404 6.554163e-07 1.642894e-02
405 3.343127e-09 9.416553e-03
406 5.552556e-03 5.493030e-01
407 2.125155e-05 7.965004e-02
408 5.811748e-06 3.042170e-02
409 1.544061e-06 3.861443e-02
410 1.459318e-05 8.004296e-03
411 2.721334e-08 5.111588e-03
412 1.255712e-04 7.709560e-02
413 1.514728e-04 3.098907e-02
414 9.708001e-05 2.911133e-02
415 2.414201e-11 2.579059e-03
416 4.581654e-04 1.205438e-01
417 1.723550e-05 8.302958e-03
418 4.775495e-04 3.832441e-01
419 8.115430e-04 2.107660e-01
420 1.077759e-06 1.058813e-01
421 6.864742e-09 7.546215e-03
422 3.524258e-05 3.136939e-02
423 1.363866e-04 2.220938e-02
424 5.377942e-06 1.999062e-02
425 1.910127e-04 4.669452e-01
426 3.032536e-05 1.222283e-02
427 5.721381e-05 7.964955e-02
428 3.614681e-05 1.061349e-01
429 1.549917e-08 1.573420e-02
430 9.854571e-04 2.797136e-02
431 3.047308e-10 2.443198e-03
432 1.790030e-05 1.042907e-02
433 2.113591e-09 2.831428e-03
434 1.498286e-07 3.975088e-03
435 4.023924e-03 3.493264e-01
436 1.102854e-07 3.405292e-03
437 5.909976e-03 5.907514e-01
438 2.942576e-10 4.796903e-03
439 1.007129e-07 4.448421e-03
440 4.365659e-05 1.370054e-02
441 1.321123e-05 1.633123e-02
442 4.930257e-08 4.753941e-03
443 7.502319e-07 5.262849e-03
444 5.152563e-04 2.417587e-02
445 1.681124e-03 1.592228e-01
446 5.961349e-06 3.521621e-02
447 2.240157e-06 4.106865e-03
448 2.463203e-04 6.291585e-02
449 1.766143e-09 6.232259e-03
450 4.816382e-06 2.203795e-02
451 1.117248e-09 2.606727e-03
452 1.953311e-04 3.747257e-01
453 8.559410e-07 1.060813e-02
454 4.925115e-05 4.305452e-02
455 4.158532e-07 1.265477e-02
456 7.427773e-04 2.680323e-02
457 1.425566e-04 2.032565e-01
458 2.501927e-06 1.102626e-01
459 1.547484e-07 1.980557e-02
460 2.218030e-03 1.352748e-01
461 8.373135e-08 4.430289e-03
462 5.918663e-08 7.749730e-03
463 4.902923e-03 2.604659e-01
464 1.849923e-07 1.297057e-02
465 1.475468e-06 8.986832e-03
466 1.387097e-06 3.819617e-03
467 1.458485e-07 1.493959e-02
468 9.016752e-14 2.943654e-03
469 2.765381e-04 7.916143e-02
470 7.969330e-03 1.944334e-01
471 2.412989e-06 6.381145e-03
472 1.072129e-05 5.741394e-03
473 9.365435e-03 2.495587e-01
474 1.048643e-03 1.278009e-01
475 9.312791e-09 6.283919e-03
476 5.892730e-07 1.009662e-02
477 1.213979e-03 4.090842e-01
478 4.541841e-07 3.492648e-03
479 9.444707e-07 4.739656e-03
480 6.995777e-07 9.066699e-03
481 9.243178e-05 5.064688e-02
482 3.960442e-07 2.371998e-02
483 4.539860e-09 2.810298e-03
484 7.911790e-08 3.796501e-03
485 4.597373e-05 5.173345e-03
486 1.122670e-05 2.551848e-02
487 2.573998e-04 1.786992e-02
488 1.032783e-08 2.705509e-03
489 2.039137e-02 9.870826e-01
490 1.639961e-05 7.135225e-02
491 1.202433e-03 1.710136e-01
492 1.651778e-03 2.529878e-01
493 8.125550e-07 3.488497e-03
494 4.544520e-03 6.735541e-01
495 2.821182e-03 8.209299e-01
496 3.513995e-08 2.616539e-03
497 2.088088e-04 3.438690e-02
498 2.700345e-09 7.096000e-03
499 4.515750e-08 4.516391e-03
500 8.306814e-09 4.242554e-03
501 4.122085e-03 2.477071e-01
502 6.975709e-09 1.441630e-02
503 2.057750e-06 9.618186e-03
504 2.234401e-04 4.672235e-01
505 2.462703e-03 1.123252e-01
506 6.516244e-08 1.494535e-02
507 4.127097e-08 5.700151e-03
508 8.961974e-10 3.908034e-03
509 5.725024e-04 1.286762e-01
510 2.464605e-06 1.284627e-02
511 5.416551e-04 2.551458e-01
512 5.795896e-07 4.292148e-03
513 4.685967e-07 3.650212e-03
514 1.305605e-08 3.986300e-03
515 1.707004e-03 1.788235e-01
516 9.578299e-09 6.129458e-03
517 2.980471e-09 2.725686e-03
518 9.123907e-08 6.520115e-03
519 9.036203e-07 9.569894e-03
520 2.835117e-06 8.579636e-03
521 4.004192e-07 7.360407e-03
522 2.601325e-05 1.474970e-02
523 1.426186e-05 3.787087e-02
524 1.077250e-07 3.409257e-03
525 7.226544e-07 4.954477e-03
526 9.033800e-08 5.862166e-03
527 4.786493e-10 3.308526e-03
528 1.090200e-03 2.138226e-01
529 5.173196e-03 9.250947e-01
530 1.226924e-05 2.558662e-02
531 4.709263e-10 2.605533e-03
532 1.245994e-08 5.971031e-03
533 5.229666e-05 2.045856e-02
534 5.861827e-10 6.601804e-02
535 9.605534e-05 4.947566e-02
536 1.500917e-04 2.137651e-01
537 3.018577e-03 2.741570e-01
538 1.332105e-03 5.753907e-01
539 3.977437e-08 8.259481e-03
540 8.575285e-07 1.843252e-02
541 7.446912e-03 2.509903e-01
542 1.181450e-04 1.897546e-01
543 6.099420e-08 7.641466e-03
544 1.976370e-05 3.022090e-02
545 2.550902e-09 1.105951e-02
546 8.324574e-08 1.289732e-02
547 3.231025e-03 6.240544e-01
548 1.573815e-02 6.051509e-01
549 2.308202e-05 5.678323e-02
550 5.445816e-05 1.884574e-02
551 1.685957e-05 1.153981e-02
552 1.433438e-06 6.103668e-03
553 5.861921e-07 3.979563e-03
554 5.008403e-08 6.229663e-03
555 7.479097e-06 2.067006e-02
556 5.837392e-05 2.125705e-02
557 5.465751e-03 1.741577e-01
558 3.681909e-04 3.801253e-02
559 2.967750e-04 1.340062e-01
560 1.509722e-04 5.665427e-03
561 9.527634e-06 1.740072e-02
562 1.121284e-12 2.855363e-03
563 1.119598e-03 4.203472e-01
564 1.484555e-03 7.608096e-02
565 2.772927e-05 1.497076e-02
566 1.512854e-06 6.980259e-03
567 8.477584e-03 4.146472e-01
568 3.578923e-08 6.033299e-02
569 1.133788e-05 3.067767e-02
570 6.268050e-05 1.165985e-02
571 9.530298e-04 4.669054e-01
572 5.585022e-07 7.910358e-03
573 4.758688e-05 1.383350e-01
574 4.403712e-06 2.007469e-02
575 1.077864e-05 4.550457e-03
576 9.085249e-04 1.081150e-01
577 2.040112e-08 3.231194e-02
578 9.171504e-05 1.648275e-01
579 8.565372e-05 1.033087e-02
580 1.956723e-03 6.631413e-01
581 4.819294e-03 5.250947e-01
582 8.779776e-06 2.619253e-02
583 1.233320e-05 8.447975e-02
584 5.697756e-06 3.165762e-02
585 1.875466e-08 5.970101e-03
586 3.628459e-04 8.591941e-02
587 8.718987e-08 1.330591e-02
588 4.599333e-04 4.174415e-01
589 1.086542e-02 4.961287e-01
590 2.629498e-05 2.134999e-01
591 6.326947e-07 9.234990e-03
592 6.126150e-04 3.420624e-02
593 1.026178e-06 1.388029e-02
594 2.533916e-05 2.210603e-02
595 6.899624e-05 1.472960e-01
596 4.450038e-06 1.662519e-02
597 6.701667e-06 1.644683e-02
598 5.083339e-07 1.209075e-02
599 2.479670e-07 1.333510e-02
600 3.127141e-05 1.959780e-02
601 8.739640e-07 5.488955e-03
