2 1.204089e-03 1.249696e-01
3 1.164720e-03 1.476761e-01
4 1.296519e-03 2.735394e-01
5 4.023141e-03 8.692170e-02
6 4.379175e-03 2.763846e-01
7 1.924832e-03 1.282202e-01
8 7.261313e-04 1.300653e-01
9 9.275801e-04 3.947421e-02
10 2.529669e-03 5.696006e-02
11 4.071299e-03 3.783048e-01
12 1.796699e-03 1.602779e-01
13 2.085269e-03 2.806756e-01
14 2.770687e-03 1.712767e-01
15 1.498632e-03 2.752450e-01
16 1.760582e-03 1.771166e-01
17 2.816057e-04 2.963993e-02
18 2.300217e-03 2.285065e-01
19 5.363288e-05 2.990473e-02
20 6.114722e-04 7.869944e-02
21 8.229143e-04 3.934805e-02
22 2.523979e-02 4.211469e-01
23 6.903449e-03 2.306876e-01
24 1.549054e-03 1.368972e-01
25 8.909080e-04 6.586099e-02
26 4.463287e-03 1.454777e-01
27 3.318729e-03 2.157503e-01
28 6.886691e-04 1.484262e-01
29 8.350775e-03 1.818479e-01
30 7.192817e-05 1.458619e-02
31 1.523883e-03 1.161262e-01
32 7.018762e-03 1.831412e-01
33 2.789271e-03 1.727742e-01
34 1.263044e-04 1.372583e-02
35 1.183226e-02 4.468261e-01
36 3.369658e-03 5.291575e-02
37 4.946709e-04 3.673872e-02
38 1.563403e-03 1.747357e-01
39 1.844128e-03 3.557018e-01
40 6.223228e-03 3.541416e-01
41 2.111246e-04 2.735275e-02
42 5.618619e-03 1.553310e-01
43 6.816153e-05 3.743545e-02
44 3.927295e-06 4.422526e-03
45 1.495486e-06 3.976221e-03
46 1.194790e-06 4.776639e-03
47 8.890994e-06 7.757809e-03
48 1.723265e-07 4.269958e-03
49 3.214983e-04 7.460960e-02
50 1.549671e-04 1.424808e-02
51 4.510702e-07 3.024093e-03
52 4.619561e-05 6.198701e-03
53 9.944075e-05 2.433991e-02
54 3.159189e-08 2.678371e-03
55 1.349627e-06 3.197149e-03
56 5.496853e-07 3.806445e-03
57 1.799880e-07 2.967672e-03
58 8.274131e-06 4.853738e-03
59 3.226027e-04 2.516340e-02
60 8.171676e-06 7.558095e-03
61 9.198045e-06 1.364791e-02
62 1.659632e-07 2.708622e-03
63 9.929913e-06 1.053948e-02
64 1.385387e-07 2.702578e-03
65 3.659878e-07 2.921909e-03
66 1.610724e-07 8.511009e-03
67 1.507055e-07 2.887248e-03
68 3.630569e-06 3.875978e-03
69 4.861520e-04 2.299146e-02
70 1.670956e-04 1.872142e-02
71 9.052075e-06 6.007430e-03
72 1.430350e-04 1.202418e-02
73 4.137736e-06 9.569789e-03
74 3.315442e-06 5.124624e-03
75 1.138012e-06 3.474074e-03
76 3.607217e-05 4.810750e-02
77 4.827949e-06 1.006457e-02
78 3.645888e-04 6.003671e-02
79 3.733893e-04 2.520856e-02
80 5.786817e-05 1.022068e-02
81 6.843180e-08 2.958657e-03
82 2.241841e-05 1.832303e-02
83 9.314366e-08 5.066138e-03
84 5.248308e-04 4.311740e-02
85 9.859399e-06 1.258302e-02
86 1.601577e-05 5.433775e-03
87 4.570156e-04 5.050693e-02
88 5.003694e-07 3.993563e-03
89 9.004940e-06 8.891623e-03
90 8.032974e-05 1.018545e-02
91 2.132215e-07 2.847507e-03
92 1.395536e-06 4.713580e-03
93 8.850374e-08 4.346907e-03
94 5.845176e-07 5.310682e-03
95 4.329246e-07 2.705277e-03
96 6.462328e-04 1.206766e-01
97 1.464828e-04 1.245773e-02
98 6.093533e-03 3.258911e-01
99 4.509187e-03 1.402326e-01
100 6.262909e-03 6.759910e-02
101 2.340626e-03 4.208054e-02
102 1.619950e-06 4.699191e-03
103 9.398238e-04 6.844657e-02
104 6.687053e-05 1.237971e-02
105 2.369830e-05 2.270395e-02
106 9.138138e-06 4.174075e-03
107 2.168803e-07 3.128882e-03
108 3.682824e-04 2.301153e-02
109 3.505263e-03 4.828231e-02
110 1.432238e-05 1.295965e-02
111 8.121215e-05 6.526525e-02
112 1.045949e-04 6.516396e-02
113 1.632422e-03 1.380489e-01
114 5.940745e-04 2.163296e-02
115 8.451378e-04 9.795325e-02
116 5.891143e-04 1.455756e-01
117 7.084000e-06 1.083008e-02
118 5.084043e-07 5.270930e-03
119 4.875289e-04 7.538944e-02
120 4.270083e-03 2.472108e-01
121 1.566422e-06 3.561671e-03
122 1.376014e-06 4.876419e-03
123 3.236511e-04 3.776736e-02
124 1.229552e-04 1.461421e-02
125 3.560481e-06 7.914823e-03
126 4.634295e-05 9.175641e-03
127 1.839667e-06 8.002588e-03
128 1.086520e-04 7.172554e-03
129 5.388379e-05 1.020887e-02
130 4.007965e-06 6.931458e-03
131 2.108772e-04 1.092769e-01
132 1.792020e-07 2.932630e-03
133 5.774958e-04 1.345907e-01
134 7.223483e-06 1.195663e-02
135 2.487235e-05 6.015630e-03
136 1.101732e-05 7.817887e-03
137 4.695752e-06 4.598651e-03
138 8.846491e-07 1.183749e-02
139 5.905171e-07 5.495393e-03
140 2.057432e-05 4.105904e-03
141 1.882734e-02 3.060336e-01
142 1.331672e-03 5.218616e-02
143 2.502488e-05 5.541351e-03
144 3.087484e-05 9.084029e-03
145 4.824807e-05 1.233380e-02
146 3.658729e-06 4.061731e-03
147 1.289446e-03 2.229871e-01
148 7.137152e-06 2.940997e-03
149 2.951249e-05 6.947796e-03
150 1.756410e-05 3.592886e-03
151 6.428213e-05 1.211992e-02
152 1.923166e-06 2.005399e-02
153 5.060151e-05 1.391899e-02
154 3.665217e-04 3.997107e-02
155 1.111514e-06 2.462705e-03
156 4.710896e-06 6.399589e-03
157 9.816780e-06 8.634150e-03
158 2.521819e-06 4.462576e-03
159 2.060566e-05 7.329058e-03
160 3.403997e-05 4.611682e-02
161 1.507220e-04 8.519555e-03
162 2.101700e-06 1.017844e-02
163 2.103087e-05 5.033856e-03
164 7.756495e-04 3.773824e-02
165 9.404960e-06 3.024658e-03
166 3.770467e-06 3.721058e-03
167 2.254651e-05 5.433456e-03
168 5.105306e-05 5.404075e-03
169 5.589258e-04 4.723620e-02
170 5.514532e-03 2.205222e-01
171 5.363725e-07 5.133873e-03
172 2.163872e-04 2.166681e-02
173 2.116887e-05 5.287226e-03
174 5.781483e-05 5.363786e-03
175 1.051921e-06 3.117858e-03
176 5.859642e-05 1.248073e-02
177 1.501603e-05 4.517685e-03
178 1.294453e-04 1.151441e-02
179 4.252276e-04 3.734257e-02
180 3.414042e-06 5.320166e-03
181 5.001841e-05 5.787758e-02
182 1.287719e-07 2.757514e-03
183 1.503538e-04 1.936118e-02
184 7.781344e-06 2.994933e-02
185 1.322321e-06 4.856748e-03
186 7.619587e-06 5.783162e-03
187 8.804340e-04 8.444452e-02
188 1.883735e-03 4.599556e-02
189 9.050463e-07 4.361273e-03
190 2.322753e-04 7.576111e-02
191 5.202115e-05 1.599649e-02
192 2.778319e-04 2.578271e-02
193 9.499763e-05 3.622484e-02
194 9.909151e-06 4.958989e-03
195 4.046775e-03 3.898459e-01
196 3.749665e-06 3.337350e-03
197 2.467002e-03 1.372626e-01
198 3.974046e-04 4.036912e-02
199 6.221781e-03 3.036978e-01
200 3.099148e-03 5.539659e-02
201 8.030104e-06 2.710520e-03
202 2.577552e-04 1.872430e-01
203 1.767282e-03 1.328205e-01
204 1.844859e-05 5.945277e-03
205 5.852350e-04 7.965980e-02
206 4.651471e-06 1.201839e-02
207 1.129497e-06 2.942051e-03
208 1.017557e-04 4.289447e-02
209 4.458173e-03 2.215232e-01
210 8.316423e-04 1.114863e-01
211 3.802098e-05 3.038548e-02
212 1.579507e-04 3.097346e-02
213 2.146098e-03 7.459101e-02
214 1.722363e-03 8.136522e-02
215 9.404868e-06 1.245028e-02
216 2.045688e-05 8.866995e-03
217 1.072301e-05 4.849894e-03
218 6.606236e-06 8.183120e-02
219 5.041024e-07 2.712111e-03
220 2.213206e-03 1.166930e-01
221 2.226982e-03 4.527402e-02
222 1.141170e-04 1.662861e-02
223 9.405836e-06 5.679520e-03
224 1.906363e-05 5.879372e-03
225 5.014155e-04 4.193867e-02
226 2.970972e-06 2.691732e-03
227 4.594313e-04 1.743230e-02
228 2.327642e-04 9.845184e-02
229 2.457832e-04 5.363423e-02
230 6.106593e-05 6.751051e-03
231 9.472706e-05 2.941800e-02
232 1.883472e-05 4.536534e-03
233 2.013139e-07 5.575840e-03
234 2.548309e-05 1.136339e-02
235 2.595499e-03 4.620094e-02
236 2.097623e-03 4.731522e-02
237 8.705603e-06 4.538205e-03
238 1.394217e-04 1.681149e-02
239 2.447143e-05 7.432386e-03
240 4.706625e-04 2.330898e-02
241 1.188223e-04 4.794340e-02
242 3.558624e-06 7.761831e-03
243 5.500483e-07 2.926962e-03
244 3.605668e-05 1.343345e-02
245 4.939923e-05 2.809423e-02
246 1.335452e-03 1.365767e-01
247 4.330041e-04 1.587856e-02
248 8.378917e-04 1.421335e-01
249 4.901179e-04 2.636973e-02
250 6.248394e-05 8.474671e-02
251 1.185287e-06 3.071305e-03
252 4.569364e-03 1.487991e-01
253 1.122907e-05 3.143531e-02
254 4.532635e-04 4.798746e-02
255 1.260209e-06 5.798760e-03
256 1.074385e-07 2.410581e-03
257 1.682192e-05 2.784539e-02
258 4.976389e-04 2.654240e-02
259 4.350921e-05 3.591877e-03
260 8.333620e-05 2.220307e-02
261 2.308990e-05 6.372214e-03
262 1.538575e-07 2.741871e-03
263 2.653669e-05 1.209259e-02
264 3.464312e-04 1.469601e-02
265 1.049447e-04 3.250722e-02
266 1.656689e-04 1.058700e-02
267 2.257842e-05 1.229468e-02
268 1.391961e-06 4.179430e-03
269 2.550243e-06 7.987838e-03
270 5.434039e-07 3.209034e-03
271 1.026010e-03 7.229121e-02
272 1.657556e-05 9.507429e-03
273 3.467821e-03 1.984751e-01
274 8.972068e-06 9.117785e-03
275 7.191979e-06 4.061199e-03
276 5.914259e-06 6.578318e-03
277 9.729359e-06 1.453402e-02
278 2.177450e-05 2.858824e-02
279 8.075191e-06 9.605356e-03
280 2.345265e-03 1.078482e-01
281 6.953261e-04 2.678113e-02
282 1.521854e-06 1.119801e-02
283 4.616959e-04 8.839550e-02
284 6.298351e-05 1.518644e-02
285 1.120117e-03 3.904310e-02
286 4.140934e-06 4.020959e-03
287 3.806843e-05 6.506827e-03
288 1.754363e-05 1.355780e-02
289 7.303956e-05 1.120494e-02
290 8.496262e-04 3.388081e-02
291 4.221596e-07 3.413711e-03
292 5.825208e-05 1.289207e-02
293 3.802571e-06 6.273973e-03
294 3.067678e-07 3.017365e-03
295 4.527944e-05 7.105554e-02
296 7.853289e-04 9.756288e-02
297 1.339288e-05 1.471403e-02
298 1.165760e-06 4.780799e-03
299 1.453792e-06 7.318050e-03
300 9.047473e-05 6.491606e-02
301 5.671127e-04 6.595223e-02
302 5.304715e-04 2.242936e-02
303 2.313873e-04 5.219261e-02
304 1.384110e-05 3.844111e-03
305 3.494844e-04 9.865805e-02
306 1.549656e-07 2.397462e-03
307 7.786867e-04 1.083571e-01
308 4.176279e-07 2.840782e-03
309 7.722660e-04 5.558005e-02
310 8.764882e-06 1.075591e-02
311 6.161607e-07 1.016462e-02
312 4.246477e-05 4.070013e-02
313 3.442423e-04 4.802499e-02
314 2.164604e-05 7.836434e-03
315 1.212676e-05 1.222267e-02
316 1.801202e-03 2.670500e-01
317 1.389407e-04 4.417117e-02
318 6.004126e-03 1.559522e-01
319 1.685069e-05 1.274323e-02
320 7.178669e-05 2.120982e-02
321 7.668105e-06 3.008932e-03
322 1.786000e-07 4.719289e-03
323 2.155650e-03 1.593059e-01
324 7.671796e-05 3.236677e-02
325 2.992800e-05 5.341504e-03
326 6.314660e-05 7.583217e-03
327 1.404051e-04 1.017745e-02
328 7.137269e-06 5.129807e-03
329 3.300531e-04 6.683780e-02
330 2.930825e-06 3.270904e-03
331 5.215961e-04 7.232997e-02
332 5.439346e-06 1.576437e-02
333 4.605455e-07 6.072358e-03
334 2.999631e-04 2.252241e-02
335 1.434266e-07 4.416133e-03
336 4.619285e-07 5.564180e-03
337 4.270645e-07 3.117959e-03
338 4.369404e-04 7.767611e-02
339 5.355802e-04 2.975886e-02
340 1.351433e-04 2.954257e-02
341 7.570064e-04 3.220476e-02
342 9.127882e-04 4.458519e-02
343 6.219018e-07 8.544045e-03
344 2.559752e-04 5.704597e-02
345 1.238707e-02 5.505356e-01
346 8.685216e-05 5.059319e-02
347 4.904026e-07 3.177156e-03
348 6.807019e-04 4.695433e-02
349 1.029068e-04 6.234000e-03
350 1.041108e-05 6.942200e-03
351 8.456131e-04 2.109890e-01
352 1.599974e-04 2.460872e-02
353 3.756165e-06 3.238359e-03
354 3.069117e-04 1.509454e-02
355 8.832055e-05 3.120984e-02
356 2.318611e-05 1.547845e-02
357 7.463590e-04 1.077530e-01
358 1.101317e-05 1.574507e-02
359 1.437609e-06 4.011060e-03
360 1.809621e-05 3.756525e-02
361 5.583785e-05 1.523576e-02
362 5.214087e-05 5.552873e-02
363 1.466487e-03 1.149354e-01
364 3.299575e-03 2.137944e-01
365 4.207961e-05 3.383828e-02
366 9.771981e-05 3.999156e-02
367 1.589116e-05 4.281091e-03
368 1.071964e-03 1.140662e-01
369 8.982335e-06 6.074678e-03
370 7.780042e-06 1.260869e-02
371 7.466378e-04 6.595548e-02
372 1.122440e-03 4.868652e-02
373 1.744275e-05 4.483582e-03
374 6.931303e-08 4.621018e-03
375 3.620490e-07 2.754566e-03
376 5.738812e-06 3.344449e-03
377 9.030137e-03 3.168789e-01
378 1.178989e-06 5.498929e-03
379 1.740027e-03 6.494946e-02
380 3.051134e-03 2.018788e-01
381 7.162663e-05 2.325291e-02
382 7.049699e-06 4.464762e-03
383 5.223633e-04 1.079461e-01
384 4.346961e-04 2.045200e-02
385 2.625283e-05 1.600774e-02
386 1.118076e-06 2.920298e-03
387 1.201702e-05 1.508161e-02
388 8.462159e-04 1.893676e-01
389 1.022566e-04 1.828615e-02
390 1.498439e-05 4.575228e-02
391 7.376500e-05 2.680017e-02
392 2.702898e-03 1.741804e-01
393 2.632781e-06 3.615693e-03
394 1.052610e-03 6.425562e-02
395 4.366703e-05 6.972585e-03
396 5.773899e-06 1.397727e-02
397 9.361155e-05 2.478373e-02
398 3.782696e-07 5.553033e-03
399 1.153855e-03 4.735140e-02
400 1.511351e-05 2.401837e-02
401 3.737638e-06 2.936406e-03
402 7.293044e-06 9.770166e-03
403 2.886913e-04 1.360033e-01
404 5.194635e-05 1.213705e-02
405 6.115524e-05 9.179010e-03
406 2.852950e-03 1.050484e-01
407 8.912882e-05 7.684645e-02
408 4.900947e-06 2.763777e-02
409 1.043019e-04 3.735824e-02
410 8.048134e-06 6.091005e-03
411 5.213709e-06 4.929200e-03
412 2.753248e-04 1.761029e-02
413 1.306789e-04 6.461063e-03
414 1.356376e-05 1.566866e-02
415 7.356984e-08 2.578164e-03
416 1.100127e-03 7.184894e-02
417 5.605926e-05 5.859742e-03
418 5.173997e-04 3.125292e-02
419 4.117935e-04 4.657214e-02
420 2.594777e-04 9.904506e-02
421 2.656736e-05 6.716212e-03
422 4.176098e-04 2.726019e-02
423 1.628883e-04 1.440698e-02
424 1.795228e-04 1.641678e-02
425 4.858999e-03 1.334614e-01
426 1.012116e-05 5.491293e-03
427 3.734675e-04 7.130303e-02
428 1.016324e-04 6.650650e-02
429 3.563558e-06 1.563787e-02
430 1.603315e-06 5.856256e-03
431 2.772424e-07 2.440748e-03
432 2.642690e-06 6.307904e-03
433 2.524897e-06 2.803734e-03
434 3.979503e-06 3.691708e-03
435 5.281840e-03 1.156717e-01
436 5.008106e-06 2.904885e-03
437 6.842563e-04 6.314808e-02
438 3.138137e-06 4.756438e-03
439 3.115780e-06 4.325448e-03
440 5.280660e-05 6.835686e-03
441 1.297363e-04 1.181917e-02
442 1.357088e-06 4.738230e-03
443 8.413457e-06 4.860077e-03
444 2.346299e-05 1.355385e-02
445 2.526779e-03 2.540261e-02
446 1.399617e-04 3.293117e-02
447 7.804157e-06 3.411794e-03
448 3.441373e-04 2.305913e-02
449 5.083021e-07 6.217940e-03
450 1.578983e-04 1.935477e-02
451 1.470223e-07 2.605421e-03
452 2.112632e-03 1.854953e-01
453 4.762789e-07 1.051519e-02
454 1.719279e-04 3.110735e-02
455 8.101851e-05 1.041212e-02
456 3.129659e-05 1.681654e-02
457 9.487120e-04 9.814017e-02
458 1.756060e-04 9.865839e-02
459 3.142678e-05 1.869857e-02
460 4.759011e-04 1.582778e-02
461 9.915712e-07 4.410761e-03
462 2.070714e-06 7.686133e-03
463 1.292338e-03 1.013267e-01
464 4.214765e-05 1.217778e-02
465 9.252631e-06 8.668014e-03
466 1.232662e-06 3.700305e-03
467 1.142285e-06 1.492212e-02
468 2.176202e-08 2.943573e-03
469 1.356820e-04 1.238182e-02
470 6.874279e-04 5.535274e-02
471 1.091722e-05 5.264112e-03
472 9.191241e-06 3.725460e-03
473 1.015773e-03 6.494242e-02
474 9.175374e-04 2.015675e-02
475 8.542877e-06 6.056289e-03
476 6.292746e-05 8.697345e-03
477 7.006915e-04 2.935031e-02
478 3.235822e-06 3.381205e-03
479 4.704701e-06 2.717334e-03
480 6.366290e-06 8.414801e-03
481 5.461501e-05 1.242875e-02
482 4.318020e-04 1.440981e-02
483 9.713037e-07 2.786612e-03
484 3.614516e-06 3.454958e-03
485 2.329252e-05 3.262528e-03
486 3.653226e-04 2.340276e-02
487 4.557158e-05 1.309548e-02
488 2.617870e-06 2.594419e-03
489 1.881517e-03 1.105395e-01
490 2.395718e-04 5.595672e-02
491 2.774990e-04 3.905750e-02
492 8.830736e-04 1.794732e-02
493 3.649444e-06 3.104033e-03
494 1.394845e-03 1.784084e-01
495 2.874187e-03 7.131235e-02
496 2.600791e-06 2.573287e-03
497 7.769149e-05 2.547094e-02
498 2.622657e-05 6.811185e-03
499 1.036213e-06 4.358318e-03
500 1.322921e-06 4.208357e-03
501 1.417228e-03 3.034428e-02
502 1.234083e-05 1.410524e-02
503 5.660030e-05 7.890880e-03
504 1.038866e-02 3.156858e-01
505 1.722332e-05 8.124770e-03
506 8.611866e-07 1.490511e-02
507 1.413471e-05 5.545081e-03
508 1.506776e-07 3.903214e-03
509 1.347426e-04 2.261799e-02
510 7.619514e-06 1.251207e-02
511 4.070000e-04 1.322968e-01
512 7.880510e-06 3.941767e-03
513 2.475959e-06 3.478629e-03
514 1.751021e-07 3.966458e-03
515 2.436497e-05 2.393773e-02
516 8.628996e-06 5.916151e-03
517 1.761337e-07 2.710570e-03
518 2.669399e-06 6.483793e-03
519 6.870023e-05 7.193351e-03
520 4.217364e-05 7.803593e-03
521 3.548144e-06 7.159096e-03
522 6.382969e-05 8.107763e-03
523 1.914657e-04 3.312792e-02
524 3.350438e-07 3.380896e-03
525 7.966519e-06 4.783759e-03
526 3.831503e-06 5.665610e-03
527 8.533542e-08 3.304866e-03
528 2.962868e-04 8.921538e-03
529 3.025750e-03 5.426294e-02
530 1.520558e-04 9.378579e-03
531 2.302001e-06 2.570189e-03
532 1.303315e-05 5.880481e-03
533 2.178153e-05 1.015140e-02
534 4.362445e-05 6.547670e-02
535 2.924802e-04 1.157410e-02
536 1.801864e-03 3.502005e-02
537 1.820257e-03 6.828851e-02
538 4.813029e-03 1.737026e-01
539 2.398357e-05 4.960837e-03
540 2.610777e-04 1.624831e-02
541 7.241839e-04 3.845086e-02
542 4.368931e-04 5.817483e-02
543 1.457317e-05 6.917223e-03
544 4.335905e-04 1.648947e-02
545 2.572125e-05 1.088811e-02
546 3.162879e-06 1.281991e-02
547 1.527202e-03 1.283507e-01
548 9.159280e-04 1.914664e-01
549 9.248397e-04 4.126672e-02
550 1.227494e-04 1.629946e-02
551 2.391216e-05 9.474540e-03
552 2.256944e-05 5.165772e-03
553 5.370255e-06 3.853952e-03
554 2.512886e-06 6.205244e-03
555 1.370983e-05 1.718679e-02
556 1.440920e-04 1.398506e-02
557 4.583923e-04 7.397150e-02
558 5.252400e-06 1.531020e-02
559 4.897939e-04 5.066152e-02
560 9.185376e-06 2.976733e-03
561 3.377899e-05 1.438446e-02
562 1.873678e-07 2.852669e-03
563 2.255144e-04 8.595006e-02
564 2.229055e-04 3.086322e-02
565 9.612514e-06 9.623536e-03
566 2.804715e-04 4.392899e-03
567 3.910786e-04 4.849572e-02
568 1.401286e-04 5.569949e-02
569 1.167978e-04 2.599177e-02
570 1.698415e-05 7.516214e-03
571 8.856209e-04 2.225075e-01
572 2.934791e-06 7.454147e-03
573 9.929137e-04 7.904376e-02
574 2.568102e-04 1.318080e-02
575 3.308120e-06 3.992547e-03
576 1.557359e-04 8.173445e-03
577 2.317962e-04 3.022354e-02
578 2.884096e-04 9.069633e-02
579 4.505698e-06 5.265506e-03
580 2.677974e-03 2.812416e-01
581 5.195985e-03 8.197514e-02
582 2.556326e-05 2.517410e-02
583 7.889449e-04 5.630689e-02
584 1.707604e-04 2.549817e-02
585 6.901153e-06 5.946967e-03
586 6.754152e-05 2.872784e-02
587 5.107984e-06 1.289799e-02
588 6.375521e-03 1.002159e-01
589 6.754415e-04 1.191704e-01
590 2.538853e-03 7.714772e-02
591 2.991264e-05 7.203558e-03
592 3.100105e-05 1.493992e-02
593 1.521477e-04 9.825834e-03
594 5.449975e-05 1.391580e-02
595 1.865210e-03 1.180274e-01
596 1.437399e-05 1.421869e-02
597 5.125366e-05 8.667418e-03
598 4.867695e-06 1.179635e-02
599 1.736268e-05 1.251380e-02
600 1.588002e-05 1.659997e-02
601 3.363510e-06 5.254566e-03
