1 3.061706e-03 2.474621e-01
2 1.115045e-06 5.661950e-02
3 2.213738e-03 1.662462e-01
4 4.795758e-07 8.839980e-03
5 5.591568e-11 2.620898e-03
6 1.760869e-02 2.068479e+00
7 3.743294e-03 3.037040e+00
8 5.629436e-04 2.996740e-01
9 8.127231e-10 3.477773e-02
10 7.658723e-03 3.551417e-01
11 7.043161e-13 4.792369e-03
12 6.557206e-05 1.998681e-02
13 1.127978e-03 7.779947e-01
14 4.404601e-09 1.226399e-02
15 1.341011e-03 4.651502e-01
16 2.932779e-03 6.335144e-01
17 4.688089e-11 6.384380e-03
18 4.395125e-03 3.919295e-01
19 5.781324e-04 2.894342e-01
20 1.882760e-13 3.055920e-03
21 2.821571e-02 2.216854e+00
22 1.541951e-03 1.682311e-01
23 6.948856e-08 4.882663e-03
24 2.202496e-03 2.584476e-01
25 4.350693e-06 1.955009e-02
26 6.895688e-04 2.615248e-01
27 4.156553e-05 2.190445e-02
28 3.255596e-11 4.315924e-03
29 4.328636e-03 1.348741e+00
30 2.074933e-02 2.486094e+00
31 3.362094e-05 8.328161e-02
32 1.947607e-03 5.071144e-01
33 3.754521e-10 2.850732e-03
34 2.024258e-13 4.800500e-03
35 4.501342e-03 1.233638e-01
36 6.144696e-03 1.457837e+00
37 4.595401e-11 3.822127e-03
38 1.045077e-04 5.339852e-02
39 6.290011e-13 2.540394e-03
40 1.841183e-11 4.967561e-03
41 2.400507e-05 1.772424e-01
42 1.937447e-06 9.866725e-02
43 9.443322e-08 4.893817e-02
44 3.261957e-07 8.046651e-03
45 9.769974e-04 4.348629e-01
46 8.351840e-06 9.917019e-03
47 1.839674e-02 7.743623e-01
48 6.434731e-12 2.121761e-02
49 6.256590e-07 6.697250e-03
50 3.609005e-03 1.846997e+00
51 1.494924e-03 4.964833e-01
52 3.181973e-04 7.103176e-02
53 3.551216e-07 2.832133e-03
54 3.635290e-10 3.167005e-03
55 1.471166e-06 2.460520e-02
56 7.661344e-03 8.738357e-01
57 8.932066e-08 6.558345e-02
58 4.712191e-03 3.636404e-01
59 2.941904e-04 3.878398e-01
60 5.118750e-07 5.240557e-02
61 2.927947e-03 1.212120e+00
62 1.324619e-02 9.480993e-01
63 3.734625e-12 3.773095e-03
64 1.265343e-07 4.551699e-02
65 4.680688e-04 2.218537e-01
66 2.656785e-13 2.676713e-03
67 1.810450e-08 3.924571e-02
68 4.567145e-09 6.700718e-03
69 2.350833e-10 8.552232e-03
70 1.461573e-10 1.156334e-02
71 9.600101e-04 5.455725e-01
72 1.779479e-07 4.785629e-03
73 5.217725e-11 4.359218e-03
74 7.185216e-05 1.340674e-01
75 7.146730e-11 3.042083e-03
76 4.497346e-07 1.216317e-02
77 8.113300e-13 5.688701e-03
78 4.490819e-03 1.344982e+00
79 1.934656e-03 1.374561e+00
80 2.164754e-09 6.044690e-02
81 1.519691e-11 4.248599e-03
82 1.913204e-09 4.126561e-03
83 1.269712e-07 4.355281e-03
84 1.494086e-07 7.290924e-03
85 2.954192e-03 3.232802e-01
86 7.468749e-05 4.929163e-02
87 4.519691e-12 3.814870e-03
88 4.708477e-11 7.631891e-03
89 2.953184e-05 3.293696e-01
90 5.374922e-04 1.244867e-01
91 3.480297e-05 8.755805e-03
92 7.971061e-03 1.646193e+00
93 4.275765e-06 6.211211e-03
94 4.228203e-09 6.106717e-03
95 3.887742e-04 1.247934e-01
96 1.046590e-10 4.638551e-03
97 3.936614e-09 1.444827e-02
98 1.430246e-08 5.223979e-03
99 6.982502e-07 3.912582e-03
100 1.148097e-02 3.041643e+00
101 1.288205e-10 9.948104e-03
102 7.367328e-11 7.142486e-03
103 1.148318e-03 5.276844e-01
104 1.038925e-04 2.048051e-01
105 7.953721e-06 7.959646e-02
106 5.848260e-06 1.777202e-02
107 4.816461e-10 4.152724e-03
108 4.889924e-08 4.797396e-03
109 1.825686e-10 1.117889e-02
110 9.309653e-06 7.698956e-02
111 2.134806e-11 9.035339e-03
112 1.629087e-05 8.505329e-03
113 2.997978e-03 1.885349e-01
114 2.378982e-03 5.830769e-01
115 1.816720e-02 1.868776e+00
116 7.791975e-03 7.501950e-01
117 4.110873e-04 1.986862e-01
118 8.575707e-03 2.287498e+00
119 9.570342e-06 3.177596e-02
120 2.925696e-05 6.622961e-02
121 1.255580e-03 2.568635e-01
122 2.322035e-04 1.423166e-01
123 9.176006e-09 6.351682e-03
124 2.687402e-03 1.227559e-01
125 2.041351e-07 1.005190e-02
126 5.350217e-07 1.036135e-01
127 9.402598e-08 9.103736e-03
128 4.857545e-05 5.226675e-02
129 7.336585e-06 3.303238e-02
130 1.124455e-07 7.326765e-03
131 1.698211e-06 8.163977e-03
132 1.630058e-04 2.687185e-02
133 1.982463e-05 2.514458e-02
134 2.259446e-05 1.002067e-01
135 2.183456e-07 8.451888e-03
136 3.339671e-04 2.751637e-02
137 2.134661e-08 1.480852e-02
138 2.140812e-08 1.127395e-02
139 3.485370e-09 1.193024e-02
140 3.352162e-10 5.667117e-03
141 3.221850e-09 1.120194e-02
142 1.012965e-07 1.051100e-02
143 1.435594e-06 7.522915e-03
144 5.213549e-08 1.444949e-02
145 1.819295e-08 8.295938e-03
146 4.032369e-09 6.847300e-03
147 5.562231e-08 1.734300e-02
148 4.838515e-08 1.100925e-02
149 1.047393e-07 1.202468e-02
150 1.228546e-09 6.165466e-03
151 9.859441e-09 1.434645e-02
152 2.666377e-07 6.330503e-03
153 1.024325e-05 1.505783e-02
154 1.637437e-09 1.323557e-02
155 3.754709e-09 1.252753e-02
156 3.341129e-05 5.834082e-02
157 4.746694e-08 8.673491e-03
158 2.046438e-04 2.941257e-02
159 1.716275e-04 4.390204e-02
160 1.629184e-05 4.151532e-02
161 1.140137e-04 2.236808e-02
162 8.252726e-04 3.211808e-02
163 2.217280e-05 2.431342e-02
164 3.092893e-06 1.054624e-02
165 3.009536e-06 5.712782e-03
166 2.904590e-06 9.473989e-03
167 3.142096e-04 4.353401e-02
168 3.559676e-06 1.329555e-02
169 2.544555e-04 2.895573e-02
170 1.255793e-07 3.292029e-02
171 7.813678e-06 2.294553e-02
172 1.554079e-07 7.882415e-03
173 6.792736e-06 2.667447e-02
174 7.397376e-04 3.434761e-01
175 1.374845e-07 1.843068e-02
176 1.345445e-06 3.345500e-02
177 1.911392e-05 2.492071e-02
178 2.134413e-07 2.627826e-02
179 7.917552e-07 3.319333e-02
180 3.572671e-07 3.342868e-02
181 3.005446e-08 1.016233e-02
182 9.143345e-08 3.087206e-02
183 1.239331e-06 2.782817e-02
184 4.283911e-06 5.047673e-02
185 5.392609e-05 6.711664e-02
186 2.650367e-04 5.408559e-02
187 1.670068e-06 1.836606e-02
188 1.928457e-07 1.181485e-02
189 4.479310e-06 4.507189e-02
190 2.634533e-07 1.752268e-02
191 2.861157e-04 6.407463e-02
192 1.032688e-06 1.392005e-02
193 2.740633e-04 4.577038e-02
194 7.326004e-06 1.394907e-02
195 2.856298e-05 2.525850e-02
196 2.437569e-05 4.556639e-02
197 6.002920e-05 4.382420e-02
198 2.230524e-05 3.496076e-02
199 4.287316e-07 1.981347e-02
200 4.464976e-09 5.390271e-03
201 2.750135e-07 1.263524e-02
202 4.500673e-05 2.370237e-02
203 1.554070e-06 6.014835e-03
204 3.045281e-06 1.904109e-02
205 9.261420e-06 2.700498e-02
206 4.608486e-08 1.185346e-02
207 3.872687e-06 9.906495e-03
208 8.680169e-09 2.564732e-02
209 1.807067e-06 1.322762e-02
210 6.833151e-07 1.982827e-02
211 5.051287e-07 1.555951e-02
212 1.673767e-03 1.822164e-01
213 2.138226e-04 6.174235e-02
214 6.515327e-08 3.772964e-03
215 3.705755e-04 5.233515e-02
216 8.668586e-07 6.541298e-02
217 1.182793e-06 1.628486e-02
218 5.657834e-05 5.058293e-02
219 2.150062e-04 2.308656e-02
220 3.930973e-09 1.511475e-02
221 2.771207e-05 4.664141e-02
222 2.408323e-07 3.028101e-02
223 3.281350e-04 5.197162e-01
224 1.269012e-04 7.098126e-02
225 1.826440e-05 1.430331e-02
226 6.298988e-08 3.557695e-03
227 9.796420e-07 7.622007e-03
228 3.213402e-05 2.113035e-02
229 1.471363e-05 2.057878e-02
230 7.414583e-05 3.073009e-02
231 4.756712e-05 2.894448e-02
232 2.832851e-04 3.997241e-02
233 5.695736e-06 8.474071e-03
234 4.552708e-06 5.847015e-03
235 1.141389e-05 1.221902e-02
236 8.151039e-09 5.318079e-03
237 7.386942e-05 3.248167e-02
238 9.163211e-06 1.217427e-02
239 7.074368e-07 8.379453e-03
240 4.436386e-08 7.087855e-03
241 4.559392e-06 6.927378e-03
242 2.864873e-05 3.785237e-02
243 1.532616e-06 5.471144e-03
244 4.588094e-09 7.788553e-03
245 4.020292e-04 2.169296e-02
246 1.800386e-04 3.571981e-02
247 1.068095e-05 8.372157e-03
248 3.030903e-05 1.270033e-02
249 6.175847e-05 4.339209e-02
250 8.708098e-05 2.138558e-02
251 1.779987e-06 8.599422e-03
252 9.825680e-04 3.976223e-02
253 4.684163e-06 7.128584e-03
254 6.039010e-05 4.632845e-02
255 2.514475e-05 1.509435e-02
256 6.412107e-09 4.762336e-03
257 1.115679e-05 1.168875e-02
258 1.827181e-03 2.849011e-01
259 6.672244e-04 5.882907e-02
260 2.105786e-05 5.627196e-02
261 7.154820e-05 9.709355e-02
262 3.937385e-08 1.498851e-02
263 3.496271e-05 3.704679e-02
264 2.446059e-06 1.364602e-01
265 8.351006e-06 7.790347e-02
266 1.419229e-04 3.045088e-01
267 1.326956e-06 1.557751e-02
268 2.534050e-08 7.319699e-03
269 5.455475e-07 1.819270e-02
270 2.540468e-09 1.393977e-02
271 5.538224e-08 5.964371e-03
272 4.558907e-09 1.142535e-02
273 1.773742e-07 1.687513e-02
274 7.599017e-07 1.312036e-02
275 1.928345e-07 3.257143e-02
276 4.914866e-05 7.698325e-02
277 4.223746e-07 3.158974e-02
278 7.345759e-07 4.608628e-02
279 9.711993e-08 2.471926e-02
280 9.428894e-07 1.477532e-02
281 2.688397e-08 1.222460e-02
282 3.291550e-08 8.027725e-03
283 1.843281e-08 6.114373e-03
284 4.795814e-05 5.887289e-02
285 4.092837e-03 5.526364e-01
286 1.595441e-03 5.611016e-01
287 6.570231e-06 8.285104e-02
288 1.934482e-07 1.205093e-02
289 4.930613e-05 7.058728e-02
290 5.048486e-05 1.970511e-01
291 4.197354e-05 9.158576e-02
292 1.713890e-05 4.430559e-02
293 4.234339e-03 1.184608e+00
294 1.675776e-07 1.410694e-02
295 1.041141e-02 9.445168e-01
296 5.697089e-04 2.663330e-01
297 6.853830e-03 1.810906e+00
298 1.038140e-02 9.934455e-01
299 9.277348e-05 3.521157e-01
300 5.214116e-09 1.637754e-02
301 1.823590e-03 3.624737e-01
302 1.342118e-07 4.502816e-02
303 7.387858e-06 2.716178e-02
304 1.405991e-06 4.324622e-02
305 6.533450e-06 6.161915e-02
306 5.454629e-09 4.086237e-03
307 7.625866e-07 8.997321e-03
308 1.155215e-07 3.714116e-02
309 8.726305e-04 4.249998e-01
310 2.783462e-11 7.458885e-03
311 1.663822e-08 1.346881e-02
312 2.089679e-07 3.688628e-02
313 1.496247e-09 6.074345e-03
314 4.250663e-08 8.879816e-03
315 1.066104e-11 7.108206e-03
316 2.750462e-04 1.954242e-01
317 2.522347e-12 4.955160e-03
318 1.437572e-11 5.489180e-03
319 1.124339e-06 8.691514e-02
320 4.294348e-11 4.106606e-03
321 4.368085e-12 1.290921e-02
322 9.919846e-03 1.763963e-01
323 1.588643e-03 5.298062e-01
324 3.703761e-05 1.107863e-02
325 1.349249e-06 1.005914e-02
326 7.871860e-07 2.040119e-02
327 2.276437e-07 4.790122e-02
328 3.707838e-04 1.698299e-01
329 1.081488e-03 3.856999e-01
330 3.241594e-03 5.050331e-01
331 2.062437e-03 3.753617e-01
332 1.035787e-02 1.323607e+00
333 1.554808e-04 3.298754e-01
334 2.397691e-05 9.069206e-02
335 1.663718e-05 2.558312e-02
336 2.563019e-03 1.146180e+00
337 8.191438e-03 8.016846e-01
338 2.162359e-05 1.745357e-02
339 1.775367e-03 1.128136e-01
340 7.645468e-10 5.485564e-03
341 5.352795e-10 4.299616e-03
342 7.508368e-08 8.898485e-03
343 5.771678e-07 1.526925e-02
344 7.248705e-07 1.092771e-02
345 4.860200e-11 3.222214e-03
346 5.466270e-07 7.022734e-03
347 1.919740e-07 1.015240e-02
348 2.737862e-08 8.827304e-03
349 5.022624e-06 1.516699e-02
350 1.601102e-09 4.568312e-03
351 2.755870e-07 6.920037e-03
352 9.156097e-11 3.027024e-03
353 3.983669e-09 4.971355e-03
354 1.928572e-08 3.896286e-03
355 2.144891e-05 4.986306e-02
356 3.874873e-11 2.709837e-03
357 7.968600e-06 1.222073e-02
358 9.900949e-05 2.288026e-01
359 1.911677e-08 5.745422e-03
360 1.038495e-07 5.765105e-03
361 2.479561e-07 6.778808e-03
362 8.496534e-08 1.602653e-02
363 2.113828e-07 4.210179e-03
364 9.156097e-11 3.027024e-03
365 4.006130e-06 1.859335e-02
366 3.800901e-06 3.522025e-02
367 1.621239e-06 1.299136e-02
368 5.022624e-06 1.516699e-02
369 4.853216e-06 3.154707e-02
370 3.671834e-04 2.225138e-02
371 1.538370e-04 1.344651e-02
372 2.862051e-03 1.246099e+00
373 7.990786e-03 2.312226e-01
374 4.905316e-03 1.480918e+00
375 4.602029e-04 5.621632e-02
376 9.457732e-03 7.260080e-01
377 8.249251e-06 5.724677e-02
378 3.456759e-04 1.874507e-01
379 1.865584e-09 3.501232e-03
380 3.127479e-06 1.129776e-02
381 6.868214e-06 9.624577e-03
382 9.513823e-04 5.046951e-01
383 6.728275e-06 2.004193e-02
384 1.354994e-05 1.261241e-02
385 1.797931e-06 1.736628e-02
386 1.606333e-04 1.384951e-01
387 2.923160e-04 1.929042e-02
388 3.840147e-03 5.684379e-01
389 4.302399e-03 1.145955e+00
390 2.904420e-03 2.756752e-01
391 2.022667e-03 2.394939e-01
392 7.172460e-03 1.180995e+00
393 7.839019e-03 1.256531e+00
394 3.961840e-08 4.077196e-02
395 2.876169e-06 5.094267e-02
396 1.670351e-08 1.310829e-02
397 1.874232e-07 8.365144e-03
398 3.656288e-05 1.414385e-01
399 1.697191e-08 1.287821e-02
400 8.052451e-07 3.091419e-02
401 3.426979e-08 9.273731e-03
402 1.537452e-06 1.281967e-02
403 7.299860e-09 1.105186e-02
404 1.338140e-08 8.925495e-03
405 6.675368e-07 3.513574e-02
406 1.614376e-06 4.303510e-02
407 8.585833e-08 9.295117e-03
408 2.690282e-05 8.182081e-02
409 1.029679e-02 1.738881e+00
410 1.322890e-08 6.939595e-03
411 1.191298e-06 1.282470e-02
412 1.138806e-06 1.815132e-02
413 9.707227e-06 1.462228e-02
414 1.868325e-07 1.637505e-02
415 4.243672e-05 3.829367e-02
416 7.459165e-09 7.052063e-03
417 5.093701e-09 6.535277e-03
418 1.821468e-03 3.490932e-01
419 5.818340e-04 2.026736e-01
420 1.408306e-05 1.934074e-02
421 9.387194e-06 1.772963e-02
422 9.309858e-06 2.806986e-02
423 2.923517e-08 6.092444e-03
424 2.211696e-05 5.340457e-02
425 9.930116e-05 8.316630e-02
426 5.545860e-05 4.173533e-02
427 1.102734e-04 6.153462e-02
428 1.320097e-06 1.063630e-02
429 1.588170e-08 7.729140e-03
430 2.565778e-06 2.669589e-02
431 4.364664e-07 1.066265e-02
432 2.494462e-08 6.085966e-03
433 6.639582e-04 8.156031e-02
434 6.421815e-06 1.689115e-02
435 2.757997e-08 5.852518e-03
436 7.648997e-04 1.946522e-01
437 1.040141e-04 1.515946e-02
438 4.805549e-07 8.990225e-03
439 1.721049e-03 4.102902e-01
440 2.731437e-06 2.168909e-02
441 6.095299e-06 9.727098e-02
442 4.065629e-03 1.685389e+00
443 8.708891e-03 8.257542e-01
444 6.860461e-03 1.665282e+00
445 4.282557e-03 5.316636e-01
446 1.604718e-11 2.677572e-03
447 3.339932e-09 4.191608e-03
448 1.712142e-10 4.037344e-03
449 1.761548e-09 4.522046e-03
450 1.643181e-11 3.048982e-03
451 2.698397e-07 1.201638e-02
452 1.327766e-03 2.521074e-01
453 2.160690e-11 4.228812e-03
454 1.489738e-07 1.204077e-02
455 3.681890e-11 6.460883e-03
456 1.669577e-11 3.616552e-03
457 2.024459e-10 2.951658e-03
458 1.333383e-09 4.187322e-03
459 5.581987e-03 8.497856e-01
460 9.242818e-06 7.300624e-02
461 2.985050e-07 3.618512e-02
462 6.731381e-07 1.488697e-02
463 3.387007e-09 4.493891e-03
464 1.911588e-10 4.280249e-03
465 5.851364e-10 7.675465e-03
466 1.356611e-09 4.323120e-03
467 3.269835e-07 8.957758e-03
468 1.082844e-07 6.321590e-03
469 1.331136e-07 5.519055e-03
470 4.395485e-09 3.356300e-03
471 2.098063e-10 4.490468e-03
472 9.673365e-10 3.597928e-03
473 7.293301e-11 4.014844e-03
474 6.591897e-11 3.582486e-03
475 2.461365e-05 3.411721e-02
476 9.521012e-05 1.952339e-02
477 6.645143e-06 1.089373e-02
478 1.332828e-03 3.179831e-01
479 2.335390e-08 9.077717e-03
480 1.046364e-04 4.145647e-02
481 4.066889e-06 3.513215e-02
482 4.589957e-06 2.373847e-02
483 4.480298e-06 1.719708e-02
484 2.444256e-09 4.134878e-03
485 3.491635e-07 6.572704e-03
486 8.741956e-07 1.808626e-02
487 1.919149e-07 1.184675e-02
488 3.801828e-08 7.375199e-03
489 9.846462e-03 1.064461e+00
490 7.119571e-09 9.438584e-03
491 1.996884e-07 9.512097e-03
492 1.357995e-07 6.119955e-03
493 8.878791e-07 9.902681e-03
494 1.242909e-07 5.099145e-03
495 7.347527e-06 1.263977e-02
496 4.968862e-10 4.195816e-03
497 1.552411e-05 1.526822e-02
498 1.125591e-07 4.641037e-03
499 1.208573e-08 6.056361e-03
500 4.661815e-09 4.502439e-03
501 1.177059e-03 5.948049e-01
502 2.233586e-07 8.929935e-03
503 5.031996e-07 1.734854e-02
504 1.200755e-06 2.068274e-02
505 2.314396e-07 9.434991e-03
506 5.965416e-03 4.731846e-01
507 6.757407e-07 9.309130e-03
508 1.006611e-07 4.507942e-03
509 7.590515e-06 4.713084e-02
510 3.838533e-08 4.456109e-03
511 4.260105e-04 8.935902e-02
512 2.679209e-06 2.531358e-02
513 1.511288e-04 9.993927e-02
514 1.222575e-02 1.063160e+00
515 5.996491e-05 4.799677e-02
516 7.738210e-06 3.176735e-02
517 1.050374e-04 7.694281e-02
518 1.825459e-05 3.530600e-02
519 1.607622e-05 1.909198e-02
520 5.659987e-07 2.464972e-02
521 1.088820e-05 2.837872e-02
522 1.082553e-05 2.624975e-02
523 3.949944e-06 1.959909e-02
524 2.269026e-05 3.482049e-02
525 3.464434e-04 6.412089e-02
526 6.567548e-04 5.837307e-02
527 8.336611e-05 6.246166e-02
528 2.154472e-05 3.677361e-02
529 7.331474e-04 8.146046e-02
530 1.218815e-04 6.143092e-02
531 4.163919e-04 1.044765e-01
532 5.907387e-05 4.117182e-02
533 1.899056e-04 6.618826e-02
534 4.636014e-04 6.905827e-02
535 3.336085e-06 2.716902e-02
536 1.195869e-03 1.260886e-01
537 1.181526e-03 1.752528e-01
538 4.422578e-04 1.029242e-01
539 5.271664e-05 3.104665e-02
540 4.074508e-04 9.180596e-02
541 4.352539e-04 8.824899e-02
542 6.406479e-05 3.289883e-02
543 7.909150e-04 1.190968e-01
544 3.902422e-05 3.297637e-02
545 2.939904e-06 1.364435e-02
546 7.108791e-07 2.811736e-02
547 1.580499e-09 8.065034e-03
548 1.461068e-05 2.310425e-02
549 8.985585e-11 3.520883e-03
550 1.299410e-03 8.780072e-02
551 4.446682e-07 1.431832e-02
552 2.587600e-06 2.786983e-02
553 2.269028e-05 3.589069e-02
554 2.938428e-06 1.792506e-02
555 5.315497e-04 9.530340e-02
556 3.384195e-07 5.232202e-03
557 1.179615e-08 6.761278e-03
558 1.746957e-06 1.295772e-02
559 1.253985e-05 9.555251e-03
560 1.543411e-07 1.053475e-02
561 1.114034e-05 2.618327e-02
562 2.053872e-06 9.696585e-03
563 3.710613e-05 7.675931e-02
564 1.176748e-07 5.417543e-03
565 1.167126e-07 2.378306e-02
566 9.703268e-05 4.801360e-02
567 6.047064e-06 7.618169e-03
568 1.260374e-05 1.338199e-02
569 1.318303e-03 2.982964e-02
570 4.901521e-06 1.100072e-02
571 3.952218e-06 9.754160e-03
572 6.912315e-04 3.980825e-02
573 7.545885e-07 1.188088e-02
574 5.868525e-06 6.639829e-03
575 5.910768e-05 1.649306e-02
576 1.131626e-05 9.899919e-03
577 5.597409e-05 4.250782e-02
578 8.394558e-04 1.315927e-01
579 5.152332e-03 2.708962e-01
580 8.644105e-07 1.272056e-02
581 7.498393e-04 1.164026e-01
582 6.932938e-03 3.347740e-01
583 1.211784e-03 1.336264e-01
584 6.794004e-05 5.176425e-02
585 1.149558e-03 2.159074e-01
586 1.892159e-04 4.981132e-02
587 1.339269e-03 8.349334e-02
588 3.949048e-05 1.515780e-02
589 6.838492e-08 5.144949e-03
590 5.395893e-03 2.090292e-01
591 2.334448e-04 4.845724e-02
592 2.026332e-03 1.767553e-01
593 7.184924e-03 5.360673e-01
594 5.713698e-06 8.525537e-03
595 1.605647e-05 3.946901e-02
596 4.483319e-03 3.107766e-01
597 2.769914e-11 4.283710e-03
598 2.815179e-11 3.094184e-03
599 2.820954e-11 3.052939e-03
600 2.193367e-09 6.817941e-03
