1 2.680943e-04 1.339671e-01
2 6.460621e-06 5.635176e-02
3 3.170043e-03 1.022071e-01
4 5.964367e-05 7.967186e-03
5 7.501176e-09 2.620461e-03
6 7.219856e-03 1.369605e+00
7 2.483466e-02 2.122534e+00
8 2.466071e-04 2.660157e-01
9 1.839087e-07 3.477614e-02
10 1.558998e-04 2.045212e-01
11 7.671405e-10 4.792363e-03
12 1.895062e-04 1.286792e-02
13 2.298303e-03 5.529169e-01
14 2.093785e-07 1.226223e-02
15 3.022960e-03 3.063547e-01
16 3.285576e-04 4.049748e-01
17 1.094539e-08 6.384320e-03
18 9.124187e-04 1.463950e-01
19 3.151128e-03 2.386385e-01
20 6.219093e-10 3.055917e-03
21 6.130598e-03 1.425300e+00
22 1.366336e-03 4.991545e-02
23 4.863159e-06 4.719209e-03
24 1.157830e-03 9.088410e-02
25 6.827788e-05 1.538352e-02
26 2.722505e-03 5.833932e-02
27 6.949894e-05 1.126518e-02
28 1.646932e-10 4.315918e-03
29 2.372191e-02 6.434985e-01
30 1.256041e-02 1.672929e+00
31 4.821057e-05 7.766662e-02
32 2.031527e-03 4.532453e-01
33 4.842908e-07 2.847895e-03
34 8.534490e-10 4.800492e-03
35 8.753909e-04 6.500750e-02
36 6.351071e-03 9.071875e-01
37 8.320985e-09 3.821872e-03
38 1.788166e-06 5.244916e-02
39 4.649917e-09 2.540373e-03
40 5.775406e-09 4.967494e-03
41 2.533298e-04 1.694724e-01
42 2.799339e-06 9.859321e-02
43 1.695149e-06 4.888285e-02
44 8.122846e-08 8.001543e-03
45 1.267867e-02 1.253633e-01
46 1.093732e-05 9.136993e-03
47 1.027718e-03 4.566649e-01
48 1.689212e-09 2.121760e-02
49 6.341114e-06 6.323835e-03
50 1.424317e-02 1.237446e+00
51 5.822957e-04 4.262017e-01
52 1.006284e-04 5.214806e-02
53 2.895688e-06 2.808624e-03
54 4.268096e-08 3.165925e-03
55 1.298835e-04 2.315597e-02
56 1.656091e-03 2.959012e-01
57 2.882937e-06 6.552696e-02
58 1.506359e-03 7.089226e-02
59 3.997731e-03 3.219126e-01
60 1.498112e-05 5.219375e-02
61 2.963092e-03 7.087384e-01
62 5.524872e-03 5.831353e-01
63 3.792447e-09 3.773045e-03
64 1.416707e-04 4.360178e-02
65 4.797165e-04 1.927500e-01
66 5.162417e-11 2.676713e-03
67 7.469906e-08 3.924013e-02
68 3.084182e-07 6.696100e-03
69 1.892088e-07 8.549711e-03
70 2.200563e-09 1.156325e-02
71 4.652600e-03 2.426561e-01
72 2.497670e-06 4.724456e-03
73 8.590550e-08 4.358951e-03
74 3.839738e-04 1.227069e-01
75 8.675111e-09 3.041801e-03
76 8.797606e-07 1.154983e-02
77 5.932951e-11 5.688700e-03
78 1.341367e-02 7.498269e-01
79 4.751893e-03 7.487071e-01
80 1.784505e-06 6.043843e-02
81 7.714587e-11 4.248597e-03
82 7.190170e-07 4.105745e-03
83 6.632278e-07 4.344775e-03
84 6.086452e-06 7.199039e-03
85 6.923120e-04 1.819374e-01
86 8.003696e-05 3.499966e-02
87 3.296601e-10 3.814863e-03
88 1.010185e-09 7.631841e-03
89 1.585475e-03 3.212220e-01
90 1.626264e-03 8.916527e-02
91 5.661384e-06 4.056384e-03
92 3.411681e-03 9.526042e-01
93 1.456799e-06 5.768417e-03
94 8.204473e-08 6.105204e-03
95 4.072057e-04 7.678155e-02
96 6.549929e-09 4.638266e-03
97 4.617935e-06 1.437754e-02
98 3.457921e-07 5.205318e-03
99 4.769717e-07 3.882484e-03
100 1.904618e-02 2.300593e+00
101 5.276938e-07 9.944158e-03
102 3.804026e-09 7.142354e-03
103 1.455281e-03 3.086094e-01
104 3.103076e-03 1.619294e-01
105 2.409157e-04 7.594132e-02
106 1.431601e-04 1.383232e-02
107 4.021963e-07 4.149698e-03
108 7.317426e-08 4.794210e-03
109 2.723822e-08 1.117868e-02
110 4.746556e-05 7.552555e-02
111 5.155700e-09 9.035254e-03
112 8.130108e-05 5.683381e-03
113 1.069167e-03 1.326709e-01
114 4.057250e-03 2.766733e-01
115 5.928279e-03 9.971541e-01
116 2.388135e-03 4.789544e-01
117 2.509946e-04 1.780586e-01
118 1.421925e-02 1.398035e+00
119 2.452050e-06 3.163390e-02
120 3.925226e-05 6.499611e-02
121 3.208662e-04 2.177351e-01
122 2.038695e-03 1.118639e-01
123 3.907186e-08 6.350442e-03
124 7.468133e-04 2.475330e-02
125 1.662943e-06 1.003633e-02
126 1.210909e-05 1.033596e-01
127 6.241340e-08 9.093671e-03
128 4.177374e-04 4.421766e-02
129 2.546677e-05 3.239999e-02
130 7.826687e-08 7.324963e-03
131 1.195364e-06 8.137260e-03
132 2.328506e-05 2.404650e-02
133 4.826246e-05 2.431790e-02
134 2.042835e-04 9.588680e-02
135 1.864585e-07 8.445136e-03
136 4.626892e-05 1.929748e-02
137 9.764244e-08 1.480453e-02
138 3.404223e-08 1.127257e-02
139 3.647032e-08 1.192925e-02
140 4.119249e-09 5.667005e-03
141 9.263465e-08 1.119953e-02
142 1.937567e-07 1.050009e-02
143 2.634718e-06 7.459199e-03
144 2.240824e-07 1.444321e-02
145 1.957054e-07 8.292939e-03
146 1.144919e-09 6.847138e-03
147 2.440656e-07 1.733590e-02
148 2.137410e-07 1.100216e-02
149 5.063897e-07 1.201498e-02
150 3.349701e-08 6.164978e-03
151 4.326232e-08 1.434519e-02
152 3.275621e-08 6.322607e-03
153 8.998117e-06 1.450740e-02
154 6.139948e-09 1.323535e-02
155 6.078598e-09 1.252728e-02
156 6.144307e-05 5.700519e-02
157 2.085030e-07 8.670636e-03
158 4.592283e-05 2.232969e-02
159 6.355419e-05 4.063624e-02
160 6.410273e-05 3.930113e-02
161 2.286716e-06 2.147640e-02
162 2.893237e-05 2.206992e-02
163 1.997440e-06 2.385452e-02
164 1.489624e-06 1.046702e-02
165 5.967059e-07 5.547002e-03
166 7.608869e-06 9.331969e-03
167 3.050950e-04 2.552408e-02
168 2.668270e-05 1.302530e-02
169 8.912623e-05 2.095215e-02
170 1.388667e-05 3.278544e-02
171 2.427583e-05 2.230947e-02
172 9.467533e-07 7.857284e-03
173 1.698904e-05 2.587787e-02
174 7.521458e-04 2.814574e-01
175 5.487099e-07 1.829678e-02
176 1.536868e-05 3.297257e-02
177 1.575418e-05 2.344628e-02
178 3.082006e-06 2.618957e-02
179 7.856986e-06 3.262213e-02
180 3.504953e-06 3.330800e-02
181 1.008917e-06 1.014645e-02
182 5.374492e-06 3.074419e-02
183 1.434463e-05 2.734213e-02
184 4.927781e-05 4.898381e-02
185 5.791111e-04 4.729742e-02
186 1.218213e-04 4.321368e-02
187 1.950330e-05 1.716373e-02
188 2.169876e-06 1.176317e-02
189 1.940735e-05 4.329534e-02
190 7.954886e-06 1.741288e-02
191 3.698715e-05 5.695846e-02
192 9.174349e-06 1.377392e-02
193 3.200366e-05 4.019257e-02
194 1.084399e-05 1.313942e-02
195 7.416609e-06 2.433089e-02
196 3.737493e-05 4.304694e-02
197 9.362149e-05 3.689261e-02
198 3.643033e-05 3.239990e-02
199 1.105037e-05 1.960934e-02
200 1.688614e-08 5.389962e-03
201 1.094814e-06 1.260295e-02
202 3.256220e-05 2.270176e-02
203 1.655293e-06 5.918475e-03
204 3.215321e-06 1.883787e-02
205 5.525223e-06 2.665186e-02
206 5.723882e-08 1.185121e-02
207 4.386865e-06 9.379695e-03
208 2.746190e-08 2.564658e-02
209 1.927114e-06 1.310009e-02
210 5.039598e-06 1.963968e-02
211 1.619798e-06 1.552547e-02
212 1.089868e-04 5.938305e-02
213 5.711877e-06 5.400993e-02
214 3.030695e-08 3.769669e-03
215 2.464056e-05 2.495381e-02
216 2.258229e-06 6.534326e-02
217 7.189617e-07 1.615823e-02
218 6.517335e-05 3.550603e-02
219 6.396851e-06 1.569302e-02
220 1.530738e-09 1.511446e-02
221 1.356422e-05 4.474601e-02
222 4.799419e-06 3.021177e-02
223 2.690878e-03 4.178551e-01
224 7.153109e-04 4.474283e-02
225 4.736879e-05 1.146471e-02
226 1.236505e-06 3.545342e-03
227 1.923058e-05 7.429898e-03
228 2.503493e-04 1.661029e-02
229 1.290737e-04 1.822596e-02
230 2.966508e-04 2.374455e-02
231 1.407444e-04 2.228080e-02
232 1.529662e-04 2.666341e-02
233 2.572714e-06 8.015769e-03
234 4.474687e-06 5.156311e-03
235 3.179539e-05 9.660174e-03
236 7.146691e-08 5.316580e-03
237 2.057762e-04 1.592110e-02
238 8.034146e-05 1.048970e-02
239 1.414261e-05 8.172637e-03
240 1.008134e-06 7.075930e-03
241 1.092197e-05 5.441349e-03
242 5.102754e-04 2.493361e-02
243 1.082311e-05 5.203955e-03
244 1.230876e-06 7.781951e-03
245 3.681949e-05 1.021338e-02
246 2.057762e-04 1.592110e-02
247 2.733322e-05 6.156366e-03
248 3.681949e-05 1.021338e-02
249 4.590651e-04 2.695242e-02
250 3.681949e-05 1.021338e-02
251 1.309523e-05 8.013009e-03
252 8.533427e-05 1.001153e-02
253 2.667872e-05 5.316802e-03
254 3.714712e-04 2.146570e-02
255 6.790672e-05 1.098897e-02
256 7.775428e-07 4.756673e-03
257 2.855095e-05 9.374243e-03
258 2.913631e-04 8.939748e-02
259 6.027270e-05 3.638703e-02
260 3.109755e-04 4.686065e-02
261 1.606990e-04 8.594388e-02
262 1.526607e-06 1.495167e-02
263 4.704142e-05 3.519033e-02
264 6.851799e-04 1.313662e-01
265 5.500602e-05 7.539445e-02
266 2.435659e-03 2.318844e-01
267 6.823725e-06 1.378201e-02
268 4.639072e-07 7.305339e-03
269 9.559177e-06 1.789031e-02
270 6.811549e-06 1.383865e-02
271 1.783525e-07 5.958589e-03
272 2.924457e-06 1.139953e-02
273 3.477710e-06 1.675562e-02
274 5.441594e-06 1.251326e-02
275 2.100801e-05 3.223200e-02
276 9.677614e-06 7.034013e-02
277 2.110673e-05 3.132189e-02
278 1.492818e-04 4.259941e-02
279 1.452904e-06 2.462528e-02
280 7.848140e-06 1.449174e-02
281 3.153091e-06 1.218338e-02
282 1.152988e-06 7.988934e-03
283 1.859769e-06 6.094227e-03
284 3.799463e-04 5.099256e-02
285 8.416200e-04 4.240531e-01
286 5.230135e-03 4.060808e-01
287 5.190430e-05 8.214131e-02
288 2.821586e-06 1.199993e-02
289 1.329674e-04 6.573754e-02
290 3.889924e-04 1.843124e-01
291 6.292132e-05 8.852862e-02
292 1.219684e-04 4.054565e-02
293 5.524984e-03 8.782044e-01
294 3.100280e-06 1.403111e-02
295 2.680086e-03 5.727576e-01
296 7.094247e-04 2.483354e-01
297 8.057740e-04 1.024949e+00
298 1.538859e-03 5.424859e-01
299 4.372870e-04 3.372320e-01
300 3.349053e-08 1.637238e-02
301 4.587789e-03 1.472252e-01
302 3.168248e-06 4.495322e-02
303 4.208554e-05 2.254276e-02
304 1.264967e-04 4.050105e-02
305 9.955857e-05 5.119582e-02
306 1.158675e-07 4.079493e-03
307 5.255806e-06 8.232316e-03
308 2.687732e-06 3.707722e-02
309 2.913422e-04 1.886580e-01
310 1.760771e-09 7.458830e-03
311 2.036520e-06 1.341435e-02
312 1.764134e-05 3.627873e-02
313 1.521940e-07 6.069129e-03
314 4.686646e-06 8.772769e-03
315 1.810490e-09 7.108167e-03
316 1.285880e-04 1.446043e-01
317 6.342101e-10 4.955153e-03
318 5.114904e-08 5.488915e-03
319 1.124188e-04 8.385222e-02
320 1.867208e-09 4.106532e-03
321 3.376713e-09 1.290914e-02
322 1.439980e-03 8.403309e-02
323 1.267154e-03 4.933755e-01
324 3.609742e-04 8.339061e-03
325 1.639051e-06 9.943349e-03
326 4.769928e-06 2.020368e-02
327 1.667362e-06 4.784756e-02
328 4.024934e-04 1.051383e-01
329 3.100587e-03 2.730115e-01
330 7.354619e-04 2.901314e-01
331 1.232664e-03 2.267289e-01
332 2.556587e-03 8.026412e-01
333 2.140555e-04 3.095354e-01
334 4.605349e-06 8.837071e-02
335 1.489597e-04 2.195915e-02
336 1.463613e-03 9.057841e-01
337 1.958790e-03 3.391450e-01
338 5.012699e-06 1.680535e-02
339 1.588928e-04 4.563538e-02
340 6.625452e-09 5.485294e-03
341 3.094742e-09 4.299470e-03
342 4.544435e-08 8.894096e-03
343 3.329154e-07 1.523382e-02
344 9.355406e-06 1.072346e-02
345 1.839082e-08 3.221387e-03
346 4.127009e-06 6.921090e-03
347 2.072703e-06 9.979219e-03
348 7.831702e-07 8.777746e-03
349 3.259764e-05 1.348850e-02
350 2.584141e-07 4.560717e-03
351 7.484510e-06 6.431294e-03
352 1.458425e-08 3.026623e-03
353 2.871633e-07 4.962766e-03
354 2.683552e-07 3.886325e-03
355 4.264899e-05 4.604336e-02
356 6.361277e-09 2.709615e-03
357 1.195088e-04 8.468385e-03
358 2.917385e-03 9.076583e-02
359 6.450542e-07 5.712399e-03
360 3.519221e-06 5.618110e-03
361 4.400240e-06 6.645082e-03
362 2.351764e-06 1.589247e-02
363 5.740826e-06 3.835300e-03
364 1.458425e-08 3.026623e-03
365 7.363643e-05 1.623845e-02
366 1.483359e-04 2.758743e-02
367 1.279578e-05 1.259332e-02
368 3.259764e-05 1.348850e-02
369 8.296850e-05 2.761769e-02
370 1.840507e-05 1.059084e-02
371 1.616038e-05 8.208321e-03
372 2.651655e-04 8.054118e-01
373 4.712797e-04 6.304823e-02
374 5.924974e-03 8.237427e-01
375 1.331962e-04 4.315792e-02
376 7.512396e-04 3.663449e-01
377 3.669644e-06 5.641234e-02
378 1.426423e-04 1.531977e-01
379 3.598973e-08 3.500705e-03
380 1.163968e-05 1.103779e-02
381 1.834836e-05 8.838494e-03
382 3.985812e-03 2.642631e-01
383 1.184561e-04 1.518931e-02
384 4.559714e-05 9.492042e-03
385 1.702780e-06 1.728414e-02
386 1.536377e-04 1.311835e-01
387 5.776260e-05 1.470554e-02
388 2.363067e-03 2.787247e-01
389 6.942280e-03 6.752070e-01
390 4.702063e-03 1.055566e-01
391 3.282899e-03 1.386243e-01
392 4.643312e-03 6.663751e-01
393 2.386501e-03 7.995449e-01
394 2.374925e-06 4.070845e-02
395 1.396153e-05 5.032464e-02
396 2.513711e-06 1.307229e-02
397 5.309156e-06 8.265160e-03
398 3.408242e-04 1.320738e-01
399 3.869749e-07 1.286345e-02
400 1.645433e-05 2.976230e-02
401 1.999794e-06 9.246401e-03
402 3.358346e-05 1.212726e-02
403 8.895914e-07 1.103636e-02
404 8.019364e-07 8.902654e-03
405 7.653763e-05 3.285732e-02
406 3.299791e-05 4.130652e-02
407 2.073922e-06 9.236760e-03
408 5.583595e-04 6.987586e-02
409 2.899297e-03 9.888125e-01
410 7.813544e-07 6.925097e-03
411 3.085437e-05 1.196149e-02
412 7.251868e-05 1.715102e-02
413 8.514962e-05 1.145539e-02
414 3.038529e-05 1.600658e-02
415 2.069238e-04 3.435474e-02
416 8.559526e-07 7.036308e-03
417 3.520279e-07 6.530255e-03
418 3.382302e-03 1.334718e-01
419 5.793385e-04 1.457807e-01
420 1.431037e-04 1.071673e-02
421 1.486513e-05 1.527918e-02
422 8.727032e-05 2.563377e-02
423 3.099534e-07 6.079921e-03
424 1.969944e-04 4.418606e-02
425 2.345642e-04 7.353298e-02
426 7.244045e-05 2.885545e-02
427 1.910650e-04 4.593987e-02
428 1.387373e-05 1.011319e-02
429 3.480216e-07 7.716603e-03
430 7.525182e-05 2.528907e-02
431 1.341414e-05 1.032766e-02
432 3.099534e-07 6.079921e-03
433 2.066198e-04 5.877413e-02
434 3.016708e-05 1.554547e-02
435 1.895451e-06 5.826214e-03
436 6.722893e-04 1.131132e-01
437 3.236857e-05 1.158983e-02
438 5.445557e-06 8.876207e-03
439 3.184834e-03 2.995984e-01
440 2.965955e-05 2.017726e-02
441 1.787693e-04 9.392893e-02
442 1.025759e-02 1.143444e+00
443 4.630810e-03 6.496458e-01
444 8.817897e-03 9.816484e-01
445 5.360987e-04 2.802621e-01
446 3.246199e-09 2.677535e-03
447 1.313047e-07 4.182905e-03
448 1.759523e-08 4.037145e-03
449 1.126586e-08 4.521582e-03
450 8.557464e-09 3.048865e-03
451 1.086623e-05 1.144483e-02
452 1.785417e-03 1.514106e-01
453 2.442256e-09 4.228779e-03
454 8.911092e-07 1.198426e-02
455 8.592289e-09 6.460782e-03
456 1.740547e-08 3.616316e-03
457 2.423261e-08 2.951509e-03
458 4.655334e-08 4.183461e-03
459 6.888065e-03 5.243791e-01
460 2.017584e-05 7.157678e-02
461 2.128046e-06 3.609765e-02
462 4.848698e-06 1.462105e-02
463 4.713488e-08 4.490178e-03
464 4.374988e-08 4.279499e-03
465 1.684544e-07 7.674563e-03
466 1.210187e-07 4.318070e-03
467 5.882092e-06 8.760561e-03
468 1.855161e-06 6.202244e-03
469 7.735787e-07 5.409509e-03
470 7.624849e-07 3.344358e-03
471 1.298423e-07 4.489666e-03
472 1.105680e-07 3.597086e-03
473 1.751322e-08 4.014698e-03
474 6.962443e-09 3.582371e-03
475 1.820818e-04 3.068185e-02
476 1.949262e-05 1.691488e-02
477 4.096420e-06 1.071241e-02
478 7.867324e-04 1.557305e-01
479 1.300401e-06 9.070353e-03
480 3.472716e-04 2.911164e-02
481 5.093595e-06 3.468594e-02
482 2.338804e-06 2.354370e-02
483 2.180632e-06 1.670713e-02
484 4.262027e-09 4.134759e-03
485 5.893791e-07 6.562596e-03
486 5.602071e-06 1.761286e-02
487 4.022645e-06 1.181266e-02
488 7.305123e-07 7.363868e-03
489 3.173346e-03 5.787451e-01
490 1.269686e-07 9.436783e-03
491 1.707942e-06 9.485545e-03
492 2.852474e-06 6.097874e-03
493 8.731341e-06 9.801251e-03
494 2.975687e-06 5.064302e-03
495 8.248250e-05 1.170844e-02
496 1.946204e-08 4.195447e-03
497 2.165979e-04 1.410542e-02
498 2.754506e-07 4.613826e-03
499 2.493450e-07 6.053188e-03
500 2.509138e-07 4.500698e-03
501 2.658399e-03 4.870457e-01
502 1.644081e-06 8.870994e-03
503 4.246641e-06 1.728555e-02
504 1.869446e-06 2.064147e-02
505 5.014639e-08 9.418126e-03
506 4.354764e-03 3.164513e-01
507 8.487556e-06 9.208798e-03
508 1.111646e-07 4.496199e-03
509 1.253295e-05 4.659863e-02
510 1.292477e-07 4.450385e-03
511 1.506707e-04 7.393248e-02
512 2.261059e-05 2.497819e-02
513 1.391694e-04 9.387140e-02
514 3.013098e-03 6.683295e-01
515 7.448899e-05 4.348125e-02
516 2.392106e-05 3.102097e-02
517 1.597517e-04 6.951409e-02
518 5.643025e-05 3.354526e-02
519 2.179559e-05 1.795631e-02
520 4.409649e-06 2.455351e-02
521 2.834449e-05 2.655816e-02
522 1.344758e-05 2.543456e-02
523 4.194206e-06 1.925237e-02
524 1.498697e-04 2.951757e-02
525 3.678672e-04 3.371113e-02
526 3.799949e-04 3.448579e-02
527 8.997403e-05 5.532877e-02
528 1.678531e-04 3.311143e-02
529 8.725122e-04 4.704109e-02
530 2.439815e-05 5.773934e-02
531 2.066595e-04 7.903828e-02
532 7.389198e-05 3.533455e-02
533 8.013766e-05 5.077214e-02
534 8.421258e-05 5.149312e-02
535 2.760325e-05 2.677248e-02
536 2.022502e-04 5.405610e-02
537 8.806017e-05 1.070497e-01
538 3.085766e-05 7.555769e-02
539 2.560436e-05 2.734290e-02
540 7.906781e-05 6.773526e-02
541 3.395651e-05 6.282380e-02
542 2.390376e-05 2.469021e-02
543 3.773432e-04 6.467224e-02
544 5.618930e-05 3.117252e-02
545 7.735298e-06 1.328596e-02
546 1.043125e-05 2.784430e-02
547 3.382933e-07 8.057691e-03
548 4.943037e-05 1.975267e-02
549 7.150133e-09 3.520590e-03
550 1.392477e-04 5.263907e-02
551 9.262650e-06 1.413416e-02
552 1.169006e-05 2.728608e-02
553 1.778865e-04 3.121230e-02
554 4.273542e-06 1.773417e-02
555 9.322194e-04 6.475577e-02
556 2.573666e-06 5.118664e-03
557 2.719235e-07 6.757365e-03
558 1.485227e-06 1.290711e-02
559 9.727296e-06 9.144122e-03
560 1.622000e-06 1.052014e-02
561 1.129496e-04 2.413052e-02
562 1.915371e-05 8.976136e-03
563 5.985322e-05 7.385256e-02
564 1.355811e-06 5.398809e-03
565 1.262394e-05 2.355239e-02
566 1.334757e-05 4.659601e-02
567 5.841776e-07 7.436654e-03
568 5.752194e-05 1.181020e-02
569 5.843178e-05 8.656630e-03
570 2.236995e-05 1.038946e-02
571 9.137649e-06 9.550622e-03
572 7.352862e-04 2.032026e-02
573 4.414894e-06 1.177067e-02
574 3.462067e-06 6.362203e-03
575 1.257266e-04 1.264090e-02
576 1.983576e-05 8.717301e-03
577 7.787235e-04 3.178092e-02
578 6.557669e-04 5.816711e-02
579 1.395218e-03 1.284144e-01
580 5.254313e-05 1.192362e-02
581 8.428713e-04 8.607791e-02
582 2.220038e-03 8.463715e-02
583 8.564196e-04 5.473780e-02
584 3.402969e-04 4.447107e-02
585 2.444366e-03 1.562771e-01
586 3.048866e-04 2.875422e-02
587 9.012630e-04 4.300459e-02
588 2.536565e-05 1.399017e-02
589 3.992847e-06 5.111498e-03
590 4.478895e-04 8.225669e-02
591 3.135318e-04 3.422604e-02
592 2.180386e-04 9.961720e-02
593 5.409587e-03 1.393603e-01
594 8.875846e-06 7.966747e-03
595 7.797605e-05 3.560914e-02
596 8.207788e-04 2.167890e-01
597 1.790627e-08 4.283388e-03
598 3.798188e-08 3.093735e-03
599 1.504107e-08 3.052715e-03
600 4.498230e-08 6.814858e-03
