1 5.310024e-04 1.397632e-01
2 2.635565e-06 5.643726e-02
3 4.110114e-04 1.443664e-01
4 1.102831e-05 8.566203e-03
5 1.049140e-08 2.620756e-03
6 8.730036e-03 1.575479e+00
7 4.402852e-03 2.335074e+00
8 1.075061e-04 2.700444e-01
9 2.666448e-08 3.477712e-02
10 1.468236e-04 2.076739e-01
11 1.269442e-10 4.792368e-03
12 8.515031e-05 1.446605e-02
13 4.950814e-03 6.145931e-01
14 2.918776e-08 1.226338e-02
15 3.409863e-03 3.598732e-01
16 1.741465e-03 4.342952e-01
17 6.355401e-10 6.384358e-03
18 2.230774e-03 1.846399e-01
19 4.934559e-04 2.684321e-01
20 3.700818e-11 3.055920e-03
21 6.172231e-03 1.553518e+00
22 7.663410e-04 6.534012e-02
23 3.048479e-06 4.835262e-03
24 7.651156e-03 1.570885e-01
25 7.302797e-05 1.652301e-02
26 1.679053e-03 1.161750e-01
27 2.316472e-04 1.493315e-02
28 6.584997e-11 4.315921e-03
29 1.066585e-02 1.078749e+00
30 1.293577e-02 1.860313e+00
31 4.503353e-05 7.851206e-02
32 2.915884e-04 4.795906e-01
33 1.239221e-08 2.850566e-03
34 1.570512e-10 4.800499e-03
35 1.840577e-04 7.197801e-02
36 5.901710e-03 1.100966e+00
37 7.340111e-09 3.822044e-03
38 1.614210e-06 5.249008e-02
39 1.090069e-10 2.540392e-03
40 1.071181e-09 4.967546e-03
41 9.781694e-05 1.734445e-01
42 4.923960e-07 9.861461e-02
43 1.639253e-06 4.890224e-02
44 8.674642e-08 8.002483e-03
45 3.594817e-03 3.499823e-01
46 1.134173e-05 9.297105e-03
47 1.123195e-03 4.899396e-01
48 5.418034e-11 2.121761e-02
49 7.332503e-06 6.465525e-03
50 4.561086e-03 1.461263e+00
51 2.212729e-04 4.363935e-01
52 1.242906e-04 5.580944e-02
53 1.738921e-07 2.821839e-03
54 2.054787e-08 3.166582e-03
55 8.124751e-06 2.406574e-02
56 1.169213e-02 4.095489e-01
57 4.826969e-07 6.556011e-02
58 4.113657e-03 1.285421e-01
59 7.414708e-04 3.576666e-01
60 2.439992e-06 5.232576e-02
61 6.326234e-03 8.321275e-01
62 2.274721e-03 6.896172e-01
63 1.542702e-09 3.773078e-03
64 2.280643e-05 4.530736e-02
65 2.947079e-05 1.956970e-01
66 3.558494e-12 2.676713e-03
67 9.625670e-08 3.924266e-02
68 5.023243e-08 6.698818e-03
69 3.326278e-08 8.551837e-03
70 9.560039e-10 1.156331e-02
71 5.498442e-03 3.527024e-01
72 9.898824e-07 4.768911e-03
73 4.540559e-09 4.359180e-03
74 1.566394e-04 1.277885e-01
75 4.016281e-09 3.042003e-03
76 1.660805e-05 1.165418e-02
77 2.468890e-11 5.688700e-03
78 1.731518e-02 1.003635e+00
79 1.178732e-02 1.052639e+00
80 5.522152e-08 6.044606e-02
81 3.654067e-11 4.248598e-03
82 3.328803e-07 4.122465e-03
83 2.942525e-07 4.349119e-03
84 1.189169e-06 7.265615e-03
85 4.020434e-03 2.256512e-01
86 2.334919e-04 3.791962e-02
87 5.519576e-11 3.814866e-03
88 1.325092e-09 7.631862e-03
89 7.347686e-05 3.272253e-01
90 2.419844e-04 1.006968e-01
91 1.536761e-05 4.291681e-03
92 8.488348e-03 1.143470e+00
93 4.855663e-06 5.845302e-03
94 1.238499e-08 6.106205e-03
95 3.635689e-04 9.746228e-02
96 7.108584e-09 4.638382e-03
97 6.909817e-07 1.444246e-02
98 3.343528e-07 5.212993e-03
99 1.752398e-07 3.892292e-03
100 7.325791e-03 2.636690e+00
101 1.430781e-08 9.947981e-03
102 3.118020e-09 7.142431e-03
103 1.513570e-03 3.423247e-01
104 4.355108e-04 1.880406e-01
105 3.379642e-05 7.860418e-02
106 1.280242e-04 1.610553e-02
107 1.108848e-08 4.152632e-03
108 6.543775e-08 4.795372e-03
109 1.742026e-09 1.117885e-02
110 1.657026e-05 7.609380e-02
111 7.504319e-10 9.035314e-03
112 7.990152e-05 7.660026e-03
113 3.918991e-04 1.453008e-01
114 3.791104e-03 3.688192e-01
115 5.786116e-03 1.147125e+00
116 9.067509e-04 5.250316e-01
117 2.490228e-04 1.844060e-01
118 1.118796e-02 1.723825e+00
119 9.376930e-07 3.166792e-02
120 2.698641e-06 6.517121e-02
121 5.258116e-05 2.230064e-01
122 3.486397e-04 1.268264e-01
123 6.405766e-09 6.350857e-03
124 8.825629e-04 5.927718e-02
125 2.843818e-07 1.004853e-02
126 4.766695e-06 1.035660e-01
127 1.457992e-07 9.096592e-03
128 6.845569e-05 5.108039e-02
129 9.738796e-06 3.275325e-02
130 2.562175e-08 7.325642e-03
131 3.913192e-07 8.147642e-03
132 1.817753e-05 2.452879e-02
133 6.243851e-06 2.468405e-02
134 6.883961e-05 9.795873e-02
135 6.103978e-08 8.446756e-03
136 3.611993e-05 2.025583e-02
137 7.682684e-08 1.480677e-02
138 2.657514e-08 1.127328e-02
139 2.847063e-08 1.193001e-02
140 3.215700e-09 5.667091e-03
141 7.231543e-08 1.120145e-02
142 1.512566e-07 1.050410e-02
143 9.197817e-07 7.490741e-03
144 1.749304e-07 1.444786e-02
145 6.406688e-08 8.294639e-03
146 8.937833e-10 6.847162e-03
147 1.905303e-07 1.734095e-02
148 1.668573e-07 1.100659e-02
149 1.767810e-07 1.202104e-02
150 1.169383e-08 6.165379e-03
151 3.377282e-08 1.434608e-02
152 2.557121e-08 6.323286e-03
153 7.024399e-06 1.469377e-02
154 4.793163e-09 1.323548e-02
155 4.745270e-09 1.252740e-02
156 1.797559e-05 5.763509e-02
157 6.825637e-08 8.672447e-03
158 1.101003e-04 2.508996e-02
159 1.859321e-05 4.128779e-02
160 2.069138e-05 4.089666e-02
161 2.390619e-06 2.154186e-02
162 3.024698e-05 2.289822e-02
163 2.088199e-06 2.391170e-02
164 5.981173e-07 1.049312e-02
165 1.519912e-06 5.569578e-03
166 5.830194e-07 9.419836e-03
167 1.402863e-04 3.002110e-02
168 7.662058e-07 1.318309e-02
169 5.082171e-05 2.236225e-02
170 1.021487e-06 3.287293e-02
171 1.622379e-06 2.244789e-02
172 1.813260e-07 7.864905e-03
173 2.972652e-06 2.598663e-02
174 3.520553e-04 3.040214e-01
175 6.690977e-07 1.830572e-02
176 1.130503e-06 3.306940e-02
177 3.053168e-06 2.361548e-02
178 4.781580e-07 2.621241e-02
179 1.504801e-06 3.268538e-02
180 3.001915e-07 3.332628e-02
181 1.765349e-07 1.015291e-02
182 9.404002e-07 3.077860e-02
183 6.665476e-06 2.748905e-02
184 9.437882e-06 4.938046e-02
185 1.008455e-04 5.012492e-02
186 5.636184e-05 4.385533e-02
187 3.963599e-06 1.730286e-02
188 4.259093e-07 1.179047e-02
189 2.425336e-05 4.379202e-02
190 5.732248e-07 1.745043e-02
191 3.004690e-05 5.870695e-02
192 5.086197e-07 1.386967e-02
193 2.599851e-05 4.170548e-02
194 8.809234e-06 1.365205e-02
195 6.326043e-06 2.467300e-02
196 3.036192e-05 4.481376e-02
197 7.605441e-05 4.131838e-02
198 2.959456e-05 3.412207e-02
199 1.369940e-06 1.980029e-02
200 9.361562e-10 5.390138e-03
201 3.306931e-07 1.262409e-02
202 4.398370e-06 2.307116e-02
203 6.609082e-07 5.950111e-03
204 1.154126e-06 1.889953e-02
205 1.983256e-06 2.675782e-02
206 7.731586e-09 1.185186e-02
207 4.560461e-06 9.526549e-03
208 1.522469e-09 2.564687e-02
209 7.694383e-07 1.313692e-02
210 1.846754e-06 1.979428e-02
211 8.980049e-08 1.554237e-02
212 6.813956e-04 7.904127e-02
213 1.596972e-05 5.449756e-02
214 1.176555e-08 3.770656e-03
215 1.540551e-04 2.939829e-02
216 1.251947e-07 6.536683e-02
217 6.241409e-07 1.620300e-02
218 1.564975e-04 4.163147e-02
219 3.999370e-05 1.684684e-02
220 1.328856e-09 1.511456e-02
221 1.177529e-05 4.559081e-02
222 5.805697e-07 3.026848e-02
223 1.148123e-03 4.891324e-01
224 2.979003e-04 5.368850e-02
225 4.991789e-05 1.216681e-02
226 1.676754e-07 3.550969e-03
227 2.607751e-06 7.517410e-03
228 4.004371e-05 1.909831e-02
229 4.782319e-05 1.959366e-02
230 1.099123e-04 2.688795e-02
231 2.647309e-05 2.520842e-02
232 2.877195e-05 2.984525e-02
233 7.817775e-06 8.168979e-03
234 1.399119e-05 5.477497e-03
235 3.818282e-05 1.122926e-02
236 2.726762e-08 5.317372e-03
237 2.471149e-04 2.607603e-02
238 3.065364e-05 1.137968e-02
239 2.366584e-06 8.318107e-03
240 1.477313e-07 7.084338e-03
241 3.415017e-05 6.225311e-03
242 4.704901e-04 3.125028e-02
243 4.232075e-06 5.383047e-03
244 7.016939e-08 7.787455e-03
245 9.973843e-05 1.130098e-02
246 2.471149e-04 2.607603e-02
247 3.282423e-05 7.505243e-03
248 4.160116e-05 1.107683e-02
249 2.066003e-04 3.803666e-02
250 2.913115e-04 1.383429e-02
251 1.333223e-05 8.325335e-03
252 2.437629e-04 1.436401e-02
253 3.203826e-05 6.633381e-03
254 4.460966e-04 3.979758e-02
255 3.276964e-05 1.412550e-02
256 1.103069e-07 4.760441e-03
257 3.428659e-05 1.078322e-02
258 4.087942e-04 9.589619e-02
259 2.557688e-05 3.707142e-02
260 1.319633e-04 5.039175e-02
261 8.341129e-05 8.873553e-02
262 2.680714e-07 1.496809e-02
263 7.666888e-06 3.562747e-02
264 4.185006e-05 1.354581e-01
265 2.444114e-05 7.606815e-02
266 8.661698e-04 2.555951e-01
267 2.268065e-05 1.409147e-02
268 2.077587e-07 7.312010e-03
269 4.247484e-06 1.800739e-02
270 1.196105e-06 1.391191e-02
271 3.131861e-08 5.960508e-03
272 1.924515e-07 1.141860e-02
273 1.365600e-06 1.681819e-02
274 4.896666e-06 1.257722e-02
275 3.688997e-06 3.245796e-02
276 1.039162e-05 7.047332e-02
277 1.388984e-06 3.145952e-02
278 2.621382e-05 4.420507e-02
279 6.165435e-07 2.464178e-02
280 3.081747e-06 1.463295e-02
281 5.250497e-07 1.220571e-02
282 5.896457e-07 8.009962e-03
283 2.957594e-07 6.106771e-03
284 6.671840e-05 5.507922e-02
285 3.862808e-04 4.419415e-01
286 3.441827e-04 4.401837e-01
287 3.415698e-06 8.247975e-02
288 4.954693e-07 1.203027e-02
289 5.221260e-05 6.813008e-02
290 1.527465e-04 1.913117e-01
291 2.470746e-05 8.966079e-02
292 4.789359e-05 4.274029e-02
293 5.242818e-03 9.850187e-01
294 4.562301e-07 1.405974e-02
295 2.465922e-03 7.090730e-01
296 2.075471e-04 2.556083e-01
297 1.047268e-02 1.099797e+00
298 3.137465e-03 6.169636e-01
299 1.242325e-04 3.415537e-01
300 3.300647e-08 1.637499e-02
301 7.446476e-04 2.016756e-01
302 4.704408e-07 4.501320e-02
303 5.463953e-05 2.451968e-02
304 1.035724e-05 4.279941e-02
305 1.292566e-04 5.587247e-02
306 1.052056e-07 4.082027e-03
307 6.102372e-06 8.533577e-03
308 4.701690e-07 3.711979e-02
309 2.531194e-03 2.522048e-01
310 5.316771e-10 7.458865e-03
311 3.501975e-07 1.346190e-02
312 3.760839e-06 3.666052e-02
313 3.122930e-08 6.073400e-03
314 8.198420e-07 8.847004e-03
315 2.262235e-10 7.108202e-03
316 3.850437e-04 1.538170e-01
317 3.965413e-11 4.955160e-03
318 1.677923e-09 5.489150e-03
319 2.224372e-05 8.592620e-02
320 6.896402e-10 4.106593e-03
321 4.721242e-10 1.290920e-02
322 1.327975e-03 1.082107e-01
323 4.379410e-04 5.045035e-01
324 6.242753e-05 9.885765e-03
325 1.920988e-06 1.001557e-02
326 2.547289e-06 2.024858e-02
327 6.843262e-07 4.787377e-02
328 1.175601e-03 1.287638e-01
329 1.458261e-03 3.343642e-01
330 2.079586e-03 3.300172e-01
331 1.168586e-03 2.806061e-01
332 9.446941e-04 8.535300e-01
333 2.013378e-04 3.181055e-01
334 1.127846e-05 8.868023e-02
335 5.585397e-05 2.365479e-02
336 1.387529e-03 9.697556e-01
337 4.834949e-03 4.784069e-01
338 4.822703e-06 1.695863e-02
339 4.672862e-04 5.421054e-02
340 2.274990e-09 5.485490e-03
341 1.309383e-09 4.299541e-03
342 4.612456e-08 8.896424e-03
343 3.378984e-07 1.525087e-02
344 1.591332e-06 1.085566e-02
345 8.510388e-09 3.222080e-03
346 7.019944e-07 6.979407e-03
347 2.340058e-06 1.008601e-02
348 8.107968e-07 8.810221e-03
349 1.356116e-05 1.475141e-02
350 1.143564e-07 4.566478e-03
351 8.080703e-06 6.642654e-03
352 2.713239e-09 3.026945e-03
353 1.270789e-07 4.969167e-03
354 1.187557e-07 3.892307e-03
355 5.704539e-05 4.781894e-02
356 2.815067e-09 2.709757e-03
357 4.432043e-05 1.068122e-02
358 1.344124e-03 1.771375e-01
359 5.836354e-07 5.727558e-03
360 1.338603e-06 5.698966e-03
361 1.436616e-06 6.732118e-03
362 2.539099e-06 1.595888e-02
363 6.198123e-06 3.997419e-03
364 2.713239e-09 3.026945e-03
365 2.444556e-05 1.773910e-02
366 5.192937e-05 3.357947e-02
367 2.003210e-06 1.288474e-02
368 1.356116e-05 1.475141e-02
369 2.904557e-05 3.096921e-02
370 4.499253e-05 1.138801e-02
371 4.794785e-05 9.893977e-03
372 9.496745e-03 8.971589e-01
373 1.168097e-03 1.020252e-01
374 6.498329e-03 1.075020e+00
375 4.784569e-05 4.512729e-02
376 2.562486e-03 4.459243e-01
377 1.251720e-05 5.680107e-02
378 4.858090e-04 1.623510e-01
379 2.389778e-09 3.501149e-03
380 3.980073e-06 1.118165e-02
381 6.982092e-06 8.993937e-03
382 3.293598e-03 3.166003e-01
383 4.507603e-05 1.619284e-02
384 1.035333e-04 1.084340e-02
385 2.334396e-07 1.731497e-02
386 5.239116e-05 1.350319e-01
387 1.699194e-05 1.526625e-02
388 2.314110e-03 3.387545e-01
389 5.723566e-03 8.096815e-01
390 1.425834e-03 1.396326e-01
391 9.954925e-04 1.624156e-01
392 1.843950e-03 8.295931e-01
393 4.919195e-03 8.922158e-01
394 3.193233e-07 4.076054e-02
395 4.573763e-06 5.066162e-02
396 1.474782e-07 1.310326e-02
397 7.599404e-07 8.339894e-03
398 1.300650e-04 1.373526e-01
399 1.274598e-07 1.287049e-02
400 1.457588e-05 3.049103e-02
401 2.945567e-07 9.268095e-03
402 4.985697e-06 1.256282e-02
403 1.310310e-07 1.104601e-02
404 2.641377e-07 8.917249e-03
405 1.198215e-05 3.460047e-02
406 1.086868e-05 4.190707e-02
407 3.246775e-07 9.283993e-03
408 8.224273e-05 7.593302e-02
409 6.033384e-03 1.176914e+00
410 1.118413e-07 6.936096e-03
411 4.830326e-06 1.266420e-02
412 8.951444e-06 1.782618e-02
413 3.121126e-05 1.246125e-02
414 1.768721e-06 1.631653e-02
415 3.071927e-05 3.703845e-02
416 5.021834e-08 7.046851e-03
417 2.065331e-08 6.534591e-03
418 3.268898e-03 2.407437e-01
419 4.558340e-04 1.590544e-01
420 1.383056e-04 1.525535e-02
421 1.252241e-05 1.575831e-02
422 1.232059e-05 2.641106e-02
423 1.227846e-07 6.087520e-03
424 7.803716e-05 4.901551e-02
425 7.786979e-05 7.831322e-02
426 7.339348e-05 3.185393e-02
427 1.692527e-04 5.440167e-02
428 5.495927e-06 1.045331e-02
429 1.378649e-07 7.725135e-03
430 1.117165e-05 2.626506e-02
431 4.418280e-06 1.057179e-02
432 4.601472e-08 6.083941e-03
433 1.830317e-04 6.792481e-02
434 1.195036e-05 1.628504e-02
435 2.791876e-07 5.846777e-03
436 5.955396e-04 1.428873e-01
437 2.867332e-05 1.302336e-02
438 8.084305e-07 8.946833e-03
439 1.049004e-03 3.575617e-01
440 2.866511e-05 2.111793e-02
441 2.653954e-05 9.624748e-02
442 5.032336e-03 1.282980e+00
443 1.919646e-03 6.844898e-01
444 1.122617e-02 1.172457e+00
445 8.200976e-04 3.043523e-01
446 5.523027e-10 2.677552e-03
447 2.908232e-07 4.185603e-03
448 3.068004e-09 4.037265e-03
449 5.114624e-09 4.521706e-03
450 3.885029e-09 3.048959e-03
451 1.018334e-05 1.180025e-02
452 4.723547e-03 2.043440e-01
453 8.880898e-10 4.228794e-03
454 9.189127e-07 1.199535e-02
455 3.269021e-09 6.460862e-03
456 7.219168e-09 3.616440e-03
457 1.657517e-09 2.951588e-03
458 1.107757e-07 4.184943e-03
459 7.282800e-03 6.366872e-01
460 2.277313e-05 7.200089e-02
461 1.981479e-06 3.613865e-02
462 1.073925e-05 1.472069e-02
463 4.715150e-08 4.491613e-03
464 1.664507e-08 4.279906e-03
465 9.895981e-09 7.675180e-03
466 1.181263e-07 4.320681e-03
467 2.311620e-06 8.841242e-03
468 3.950648e-06 6.239629e-03
469 1.840763e-06 5.434136e-03
470 1.371303e-07 3.350952e-03
471 1.986008e-08 4.490323e-03
472 1.545063e-08 3.597500e-03
473 2.678741e-09 4.014787e-03
474 2.496110e-09 3.582422e-03
475 8.274751e-05 3.305312e-02
476 8.952083e-06 1.719275e-02
477 5.080776e-07 1.076036e-02
478 1.917256e-03 1.779392e-01
479 2.908087e-08 9.075030e-03
480 5.585984e-05 3.287005e-02
481 5.164833e-06 3.489475e-02
482 3.753488e-07 2.357851e-02
483 2.313230e-06 1.680133e-02
484 5.406462e-10 4.134796e-03
485 1.318028e-08 6.564716e-03
486 4.648174e-06 1.785934e-02
487 2.787462e-07 1.183418e-02
488 8.445979e-08 7.370640e-03
489 2.756101e-03 6.944290e-01
490 7.042305e-09 9.437792e-03
491 9.473094e-08 9.499112e-03
492 1.727436e-07 6.109293e-03
493 4.725421e-07 9.854224e-03
494 1.802053e-07 5.076214e-03
495 4.995075e-06 1.203861e-02
496 2.706251e-09 4.195699e-03
497 4.915721e-06 1.465647e-02
498 2.661085e-07 4.623496e-03
499 1.382991e-08 6.055168e-03
500 5.215500e-09 4.502069e-03
501 3.073566e-04 5.116879e-01
502 5.112221e-07 8.904320e-03
503 2.355398e-07 1.731928e-02
504 1.036888e-07 2.065632e-02
505 1.083332e-07 9.421534e-03
506 7.092656e-04 3.548242e-01
507 5.309318e-07 9.268249e-03
508 1.058226e-07 4.502336e-03
509 1.809923e-06 4.671826e-02
510 4.145247e-08 4.454020e-03
511 2.175883e-05 7.537074e-02
512 1.254095e-06 2.515780e-02
513 7.719026e-06 9.497688e-02
514 2.858771e-03 7.778363e-01
515 3.038726e-05 4.446705e-02
516 3.921343e-06 3.131186e-02
517 6.336495e-05 7.212139e-02
518 9.250526e-06 3.423148e-02
519 9.302749e-06 1.834989e-02
520 7.031748e-07 2.459521e-02
521 3.010622e-05 2.714924e-02
522 5.485844e-06 2.561253e-02
523 4.454893e-06 1.933983e-02
524 2.818950e-05 3.263500e-02
525 3.907317e-04 4.138239e-02
526 1.550162e-04 3.951472e-02
527 9.402339e-05 5.699000e-02
528 2.676633e-05 3.469846e-02
529 3.559352e-04 5.858809e-02
530 2.475714e-05 5.833555e-02
531 8.678192e-05 8.228556e-02
532 3.018395e-05 3.628855e-02
533 2.141825e-04 5.372398e-02
534 2.250735e-04 5.459506e-02
535 1.690563e-06 2.697265e-02
536 2.492359e-04 6.235671e-02
537 2.462465e-04 1.122853e-01
538 2.051420e-04 7.812321e-02
539 2.671419e-05 2.794359e-02
540 8.491846e-05 7.009153e-02
541 9.071302e-05 6.505284e-02
542 1.617772e-04 2.653691e-02
543 4.007967e-04 7.254111e-02
544 9.211028e-06 3.185581e-02
545 1.315756e-06 1.339526e-02
546 1.774331e-06 2.799170e-02
547 5.274205e-08 8.063882e-03
548 4.329756e-05 2.057239e-02
549 3.245335e-09 3.520787e-03
550 2.865268e-04 5.808294e-02
551 1.315444e-06 1.424481e-02
552 9.311566e-06 2.757776e-02
553 2.315505e-05 3.419234e-02
554 1.407597e-06 1.781194e-02
555 2.760959e-04 7.501934e-02
556 2.301559e-06 5.159531e-03
557 3.356525e-08 6.759897e-03
558 4.398805e-07 1.292346e-02
559 2.880938e-06 9.251218e-03
560 8.805302e-08 1.053061e-02
561 1.344254e-05 2.528604e-02
562 6.082707e-06 9.371760e-03
563 1.900779e-05 7.508884e-02
564 1.645885e-07 5.411129e-03
565 7.710964e-07 2.375380e-02
566 1.102692e-05 4.689705e-02
567 1.287788e-06 7.465915e-03
568 1.766940e-05 1.239224e-02
569 1.247018e-04 1.057920e-02
570 6.871525e-06 1.061581e-02
571 1.109264e-06 9.633658e-03
572 8.925998e-05 2.700197e-02
573 1.395432e-06 1.182425e-02
574 2.860142e-06 6.440285e-03
575 3.862027e-05 1.391308e-02
576 1.586445e-05 9.011272e-03
577 9.453304e-05 3.885736e-02
578 5.574451e-04 7.651317e-02
579 4.465837e-04 1.603009e-01
580 6.378467e-06 1.240109e-02
581 2.496336e-04 9.535776e-02
582 1.872390e-03 1.417754e-01
583 7.075202e-04 7.405307e-02
584 4.322168e-05 4.831748e-02
585 3.104629e-04 1.839060e-01
586 2.409502e-04 3.568587e-02
587 2.942496e-04 6.083137e-02
588 1.003906e-05 1.450183e-02
589 2.167585e-07 5.137273e-03
590 3.716248e-04 1.019623e-01
591 1.032695e-04 3.993225e-02
592 1.053692e-03 1.075257e-01
593 4.015650e-03 1.997660e-01
594 6.588727e-06 8.065858e-03
595 2.525858e-05 3.698191e-02
596 3.036353e-04 2.264080e-01
597 2.581957e-09 4.283628e-03
598 2.210916e-09 3.094122e-03
599 2.215451e-09 3.052878e-03
600 4.379459e-08 6.816360e-03
