1 1.369049e-04 2.109233e-02
2 4.090612e-04 3.670140e-02
3 6.300740e-05 1.026520e-02
4 1.395221e-05 3.590478e-03
5 8.831273e-07 2.593274e-03
6 6.641766e-03 2.806902e-01
7 1.209671e-02 5.869366e-01
8 4.592463e-03 2.027551e-01
9 5.620589e-05 3.437632e-02
10 1.487990e-03 1.017581e-01
11 2.772763e-06 4.722288e-03
12 4.557893e-05 6.043318e-03
13 1.381757e-03 5.776059e-02
14 2.788396e-04 8.688239e-03
15 1.174850e-03 5.335610e-02
16 5.646830e-04 3.477671e-02
17 2.952407e-05 6.056197e-03
18 1.478373e-03 2.152350e-02
19 1.743060e-03 6.389962e-02
20 1.970779e-06 3.026528e-03
21 9.389423e-03 3.557496e-01
22 4.113298e-05 7.175528e-03
23 1.007194e-06 2.849641e-03
24 1.767718e-04 2.131847e-02
25 9.145069e-05 6.229702e-03
26 2.126503e-05 1.170294e-02
27 1.167742e-04 6.626490e-03
28 5.816147e-06 4.221206e-03
29 4.603779e-03 9.731204e-02
30 1.067956e-02 4.183086e-01
31 2.759777e-03 4.777315e-02
32 3.037911e-03 4.660713e-02
33 3.401459e-06 2.769649e-03
34 4.174768e-07 4.782575e-03
35 6.033484e-05 1.911901e-02
36 5.566795e-03 2.533592e-01
37 2.146267e-06 3.744617e-03
38 4.346009e-05 5.092909e-02
39 8.107116e-07 2.472744e-03
40 7.195503e-06 4.502394e-03
41 2.183723e-03 9.979182e-02
42 2.578080e-04 8.802845e-02
43 9.683540e-04 4.162898e-02
44 1.818637e-05 4.628523e-03
45 1.283263e-03 2.956945e-02
46 3.462505e-05 4.020204e-03
47 2.656360e-03 8.888289e-02
48 7.853879e-07 2.119199e-02
49 7.686707e-07 5.275175e-03
50 7.033989e-03 1.851130e-01
51 7.223958e-04 3.915122e-02
52 5.314048e-04 1.117853e-02
53 5.035017e-06 2.613102e-03
54 2.200483e-06 2.979287e-03
55 7.692397e-05 6.050533e-03
56 2.625056e-04 2.104124e-02
57 8.479795e-04 5.315458e-02
58 1.256233e-04 3.149125e-02
59 3.395174e-04 3.008078e-02
60 2.841302e-04 4.050462e-02
61 3.486314e-03 2.355178e-01
62 1.973615e-04 3.523953e-02
63 9.150811e-07 3.742849e-03
64 1.010201e-04 2.679984e-02
65 1.662939e-03 1.653627e-01
66 9.738298e-07 2.658923e-03
67 3.422321e-04 3.446230e-02
68 6.112585e-06 6.492737e-03
69 1.001652e-04 5.378682e-03
70 1.055714e-05 1.146992e-02
71 2.034919e-03 5.640265e-02
72 2.872945e-06 4.363765e-03
73 1.673329e-06 4.318861e-03
74 2.443332e-04 8.035742e-02
75 9.204727e-07 3.009123e-03
76 2.478560e-04 9.022282e-03
77 9.401157e-07 5.681043e-03
78 5.395996e-03 1.021459e-01
79 2.480785e-03 1.058009e-01
80 1.355143e-04 5.952212e-02
81 9.394879e-07 4.234779e-03
82 2.406652e-06 3.882898e-03
83 1.109573e-05 4.237353e-03
84 6.255114e-06 6.620828e-03
85 3.198144e-03 8.720428e-02
86 5.506608e-05 2.776193e-02
87 3.824112e-07 3.785799e-03
88 1.181172e-06 7.577841e-03
89 7.546616e-04 7.028145e-02
90 7.566214e-04 2.589802e-02
91 3.244253e-07 3.993043e-03
92 4.937863e-03 3.279772e-01
93 3.674744e-05 4.363933e-03
94 1.413315e-05 5.710449e-03
95 2.218879e-04 1.049398e-02
96 4.552829e-06 4.494701e-03
97 5.425032e-05 1.248980e-02
98 6.166379e-06 4.840844e-03
99 2.384378e-06 3.648483e-03
100 2.680433e-02 9.222392e-01
101 4.501079e-05 8.760808e-03
102 1.638651e-05 6.843319e-03
103 5.167750e-04 6.604098e-02
104 4.620535e-04 4.483557e-02
105 6.136984e-05 2.983284e-02
106 4.217962e-05 5.406126e-03
107 5.988674e-06 3.816250e-03
108 3.356040e-05 3.804970e-03
109 3.903401e-05 1.037737e-02
110 2.107802e-04 6.339104e-02
111 2.372342e-06 8.958987e-03
112 1.277670e-05 3.216805e-03
113 3.223920e-04 1.363588e-02
114 5.529891e-04 1.900887e-02
115 1.073551e-02 2.886969e-01
116 5.687126e-04 9.759388e-02
117 5.579470e-04 8.540035e-02
118 1.163313e-02 2.917888e-01
119 1.111163e-04 8.449807e-03
120 3.406446e-04 4.909676e-02
121 9.512370e-04 4.521870e-02
122 4.516979e-05 2.297567e-02
123 3.810473e-07 6.332363e-03
124 3.312520e-05 8.623427e-03
125 1.283835e-05 9.396522e-03
126 1.228968e-03 2.877435e-02
127 8.353764e-05 5.377836e-03
128 8.709479e-05 1.530326e-02
129 8.615365e-05 1.548324e-02
130 4.524435e-06 7.136526e-03
131 2.533596e-05 7.240836e-03
132 3.438957e-05 1.920228e-02
133 7.744419e-05 1.146340e-02
134 1.609540e-03 3.738269e-02
135 6.727458e-05 7.644033e-03
136 8.171863e-05 1.214895e-02
137 1.715384e-04 1.286998e-02
138 2.946359e-05 1.089091e-02
139 7.629569e-05 1.110985e-02
140 1.217386e-05 5.537625e-03
141 3.272448e-05 1.084270e-02
142 4.873004e-06 1.040161e-02
143 1.210878e-05 6.647200e-03
144 7.569921e-05 1.360808e-02
145 2.885518e-05 7.408471e-03
146 5.586817e-06 6.723603e-03
147 9.078449e-05 1.414582e-02
148 1.267992e-05 1.077622e-02
149 1.306995e-05 1.179408e-02
150 1.240329e-05 6.049597e-03
151 1.464568e-05 1.391091e-02
152 1.192983e-05 5.616153e-03
153 1.905234e-04 1.281607e-02
154 7.141929e-05 1.262380e-02
155 7.823469e-05 1.158595e-02
156 1.990552e-04 1.645258e-02
157 1.171877e-05 7.886947e-03
158 1.990552e-04 1.645258e-02
159 5.285514e-04 1.962035e-02
160 1.174773e-03 1.373774e-02
161 9.563344e-05 1.802372e-02
162 5.123905e-04 1.374794e-02
163 3.758191e-05 2.193138e-02
164 3.008491e-05 8.907652e-03
165 4.800395e-06 4.738421e-03
166 1.123593e-05 5.308909e-03
167 8.346684e-05 8.955030e-03
168 3.566822e-05 1.006397e-02
169 4.937177e-05 1.268984e-02
170 1.217273e-04 2.845874e-02
171 1.905829e-05 2.084516e-02
172 1.453468e-05 7.268686e-03
173 1.288680e-04 2.056980e-02
174 2.407759e-03 8.852514e-02
175 4.993260e-05 1.716076e-02
176 3.234561e-04 2.551880e-02
177 1.288680e-04 2.056980e-02
178 8.291406e-04 1.988766e-02
179 3.483512e-04 2.172909e-02
180 3.234561e-04 2.551880e-02
181 4.315073e-05 8.408925e-03
182 3.080857e-04 2.317852e-02
183 1.207040e-04 2.244302e-02
184 3.450522e-04 3.480281e-02
185 1.428107e-04 2.079198e-02
186 1.349760e-04 1.760995e-02
187 5.789605e-05 1.212347e-02
188 1.676074e-05 8.207481e-03
189 1.465640e-04 2.752990e-02
190 1.433861e-04 1.244395e-02
191 3.621094e-03 2.838445e-02
192 2.160292e-04 1.199143e-02
193 1.505124e-03 3.293198e-02
194 2.160292e-04 1.199143e-02
195 1.633095e-03 1.226081e-02
196 3.507859e-03 2.368569e-02
197 1.576590e-03 1.756254e-02
198 1.362224e-03 1.593690e-02
199 4.891506e-04 1.681956e-02
200 3.125000e-05 4.876685e-03
201 9.614909e-05 1.211686e-02
202 2.520965e-04 2.040180e-02
203 2.953974e-05 5.555080e-03
204 6.109283e-04 1.605435e-02
205 1.186586e-03 1.945879e-02
206 8.102989e-05 1.150513e-02
207 4.053627e-04 6.167252e-03
208 2.643812e-04 2.351919e-02
209 2.160292e-04 1.199143e-02
210 1.220071e-03 1.404983e-02
211 2.091229e-04 1.192995e-02
212 3.097766e-03 3.451012e-02
213 3.747810e-03 3.567210e-02
214 4.714683e-06 3.718214e-03
215 5.308200e-04 1.801484e-02
216 1.950776e-03 4.965705e-02
217 2.324991e-04 1.440924e-02
218 1.225293e-03 1.436201e-02
219 1.013709e-04 1.421179e-02
220 3.488811e-05 1.486436e-02
221 1.712671e-03 3.363756e-02
222 5.644197e-04 2.758118e-02
223 1.028653e-02 8.131774e-02
224 2.979474e-05 4.917464e-03
225 2.956708e-05 7.719906e-03
226 4.153566e-06 3.111296e-03
227 1.184023e-05 6.407658e-03
228 2.956708e-05 7.719906e-03
229 3.648120e-05 1.321025e-02
230 3.648120e-05 1.321025e-02
231 3.648120e-05 1.321025e-02
232 3.648120e-05 1.321025e-02
233 1.236750e-05 6.696391e-03
234 4.618937e-06 4.906488e-03
235 1.236750e-05 6.696391e-03
236 1.909197e-06 5.247154e-03
237 1.236750e-05 6.696391e-03
238 1.236750e-05 6.696391e-03
239 1.236750e-05 6.696391e-03
240 1.236750e-05 6.696391e-03
241 4.618937e-06 4.906488e-03
242 3.693505e-05 1.545538e-02
243 1.915448e-06 4.715905e-03
244 1.280157e-05 7.416218e-03
245 1.236750e-05 6.696391e-03
246 1.236750e-05 6.696391e-03
247 4.618937e-06 4.906488e-03
248 1.236750e-05 6.696391e-03
249 1.236750e-05 6.696391e-03
250 1.236750e-05 6.696391e-03
251 1.236750e-05 6.696391e-03
252 5.128734e-06 6.186093e-03
253 1.915448e-06 4.715905e-03
254 1.362478e-05 7.930454e-03
255 1.362478e-05 7.930454e-03
256 1.849668e-06 4.645578e-03
257 1.236750e-05 6.696391e-03
258 8.375200e-04 5.192915e-02
259 3.119265e-04 3.168269e-02
260 3.119265e-04 3.168269e-02
261 8.143189e-04 5.987961e-02
262 1.123166e-04 1.333051e-02
263 3.081055e-04 2.320398e-02
264 6.946180e-04 2.491667e-02
265 2.636090e-04 2.135364e-02
266 2.125209e-03 7.243123e-02
267 8.166564e-05 7.448633e-03
268 1.225617e-05 6.313114e-03
269 1.120687e-04 1.153991e-02
270 9.805060e-05 1.109453e-02
271 1.372518e-05 5.596789e-03
272 4.048603e-05 9.966679e-03
273 9.805060e-05 1.109453e-02
274 3.725706e-05 1.025581e-02
275 2.421263e-04 1.743576e-02
276 3.173586e-04 5.271763e-02
277 1.062658e-04 1.917345e-02
278 3.119265e-04 3.168269e-02
279 1.062658e-04 1.917345e-02
280 8.826803e-05 8.671391e-03
281 3.675003e-05 8.544716e-03
282 1.225617e-05 6.313114e-03
283 1.372518e-05 5.596789e-03
284 3.119265e-04 3.168269e-02
285 1.942301e-03 7.088459e-02
286 5.267521e-03 1.129560e-01
287 1.821674e-03 4.180763e-02
288 9.042784e-05 9.131654e-03
289 7.842958e-04 4.207068e-02
290 2.166375e-03 8.678786e-02
291 7.253987e-04 3.058168e-02
292 2.835215e-04 2.654645e-02
293 6.736471e-03 5.657199e-01
294 9.532336e-05 1.078608e-02
295 7.591546e-03 1.728804e-01
296 2.559153e-03 1.108974e-01
297 2.713792e-02 3.569241e-01
298 3.966215e-03 9.810644e-02
299 5.128942e-04 1.957560e-02
300 2.627398e-04 1.506552e-02
301 2.921974e-04 2.796221e-02
302 1.478514e-03 2.969364e-02
303 2.196372e-04 1.038121e-02
304 6.527798e-04 2.160509e-02
305 5.778761e-04 2.060882e-02
306 2.450305e-05 3.733284e-03
307 2.910137e-05 6.265007e-03
308 6.329653e-04 2.879723e-02
309 1.628609e-03 2.809826e-02
310 3.063616e-05 7.118786e-03
311 2.083031e-04 1.081189e-02
312 1.001939e-04 1.197376e-02
313 2.987366e-05 4.269155e-03
314 6.721384e-05 6.507793e-03
315 1.290882e-05 6.990684e-03
316 6.622003e-04 5.080078e-02
317 2.000510e-06 4.935324e-03
318 1.280932e-05 5.346501e-03
319 7.472162e-04 5.200457e-02
320 1.249573e-05 4.009207e-03
321 3.371290e-05 1.263638e-02
322 2.962201e-04 2.150592e-02
323 3.414697e-03 2.145980e-01
324 1.722830e-05 4.413653e-03
325 1.752120e-05 8.642846e-03
326 1.368169e-05 1.855914e-02
327 1.319305e-05 4.707633e-02
328 2.401834e-04 5.168502e-02
329 5.599116e-04 3.168223e-02
330 2.811308e-04 5.388088e-02
331 2.800680e-04 1.374071e-01
332 4.607986e-03 1.958038e-01
333 2.002853e-03 1.839628e-01
334 2.928186e-04 7.310383e-02
335 4.010032e-05 1.607602e-02
336 2.067312e-03 2.240313e-01
337 4.983824e-04 5.563204e-02
338 9.614564e-06 1.544025e-02
339 1.289153e-03 2.290017e-02
340 2.920351e-05 5.394835e-03
341 4.941701e-06 4.261939e-03
342 4.631567e-04 7.434688e-03
343 5.006712e-04 1.160963e-02
344 9.261569e-05 8.539860e-03
345 1.152796e-05 3.188465e-03
346 7.397656e-05 4.456840e-03
347 9.526053e-05 7.798973e-03
348 9.064933e-05 8.186692e-03
349 8.925404e-05 1.038938e-02
350 1.388842e-05 4.260898e-03
351 8.034828e-05 4.402594e-03
352 4.505693e-06 3.013554e-03
353 3.086684e-05 4.829246e-03
354 1.162008e-05 3.814089e-03
355 5.238236e-04 3.113481e-02
356 1.738148e-06 2.691070e-03
357 2.885991e-05 4.468359e-03
358 1.326258e-03 3.588377e-02
359 3.292768e-05 5.234425e-03
360 3.348939e-05 5.081882e-03
361 8.743289e-05 6.047907e-03
362 1.224322e-04 1.375177e-02
363 2.732981e-05 3.185496e-03
364 4.505693e-06 3.013554e-03
365 2.243146e-04 1.310663e-02
366 6.222952e-04 2.180999e-02
367 8.984109e-05 1.057215e-02
368 8.925404e-05 1.038938e-02
369 6.222952e-04 2.180999e-02
370 3.737009e-05 7.853249e-03
371 3.800726e-05 6.154651e-03
372 8.307852e-03 1.982034e-01
373 6.948111e-05 4.206888e-02
374 3.040325e-03 2.106930e-01
375 2.728825e-05 3.618469e-02
376 1.182925e-03 1.279354e-01
377 1.724781e-04 4.822591e-02
378 1.644725e-03 4.842416e-02
379 1.698098e-06 3.363204e-03
380 1.260666e-05 9.980310e-03
381 7.438086e-05 5.873531e-03
382 1.030372e-03 1.698800e-02
383 1.691392e-04 5.154127e-03
384 6.412940e-05 4.552197e-03
385 2.068506e-04 1.099370e-02
386 1.329341e-03 5.049795e-02
387 8.484039e-05 5.377302e-03
388 5.628471e-04 3.751548e-02
389 1.627519e-03 1.040624e-01
390 1.424372e-04 1.231513e-02
391 8.455042e-04 2.308703e-02
392 1.133305e-03 1.759152e-01
393 1.886721e-03 1.507638e-01
394 9.596317e-05 2.199314e-02
395 1.203597e-04 3.887069e-02
396 2.372264e-04 1.106938e-02
397 3.993741e-05 6.866111e-03
398 2.791224e-04 2.485631e-02
399 1.022422e-04 1.240043e-02
400 2.804585e-04 2.529893e-02
401 3.934142e-05 8.625959e-03
402 1.044633e-04 9.543859e-03
403 9.699133e-05 1.066310e-02
404 3.934142e-05 8.625959e-03
405 2.865512e-04 1.982901e-02
406 1.611021e-03 3.496039e-02
407 3.934142e-05 8.625959e-03
408 1.611021e-03 3.496039e-02
409 6.531714e-03 2.465488e-01
410 3.765519e-05 6.596463e-03
411 1.044633e-04 9.543859e-03
412 1.106087e-04 1.259835e-02
413 8.526408e-05 7.034241e-03
414 2.435516e-04 1.064116e-02
415 3.020643e-04 2.206256e-02
416 3.765519e-05 6.596463e-03
417 1.548646e-05 6.349360e-03
418 2.457795e-04 1.862215e-02
419 2.565488e-04 3.414583e-02
420 3.333046e-05 3.838108e-03
421 8.251071e-05 6.813787e-03
422 2.288503e-04 1.133980e-02
423 6.202541e-06 5.893600e-03
424 1.036007e-04 1.076094e-02
425 3.206780e-04 1.819427e-02
426 2.415405e-04 1.184919e-02
427 1.036007e-04 1.076094e-02
428 1.720713e-05 7.593971e-03
429 1.720713e-05 7.593971e-03
430 2.768955e-04 1.038666e-02
431 1.819551e-05 9.134847e-03
432 6.202541e-06 5.893600e-03
433 3.206780e-04 1.819427e-02
434 1.109005e-04 8.206085e-03
435 6.633239e-06 5.645263e-03
436 8.006665e-04 2.449960e-02
437 1.124942e-04 7.246053e-03
438 1.720713e-05 7.593971e-03
439 7.732872e-04 2.289588e-02
440 1.071401e-04 7.804924e-03
441 2.561407e-04 8.640649e-03
442 2.599972e-03 2.420540e-01
443 3.600607e-03 1.868920e-01
444 5.025894e-03 2.591314e-01
445 1.171945e-03 7.355586e-02
446 2.287604e-06 2.623150e-03
447 2.462276e-06 4.141108e-03
448 2.563069e-06 3.991956e-03
449 1.651829e-05 4.254949e-03
450 3.467431e-07 3.033415e-03
451 4.246655e-05 8.105670e-03
452 1.028267e-03 5.571814e-02
453 5.405187e-06 4.062640e-03
454 4.520521e-05 1.121577e-02
455 6.247010e-06 6.344370e-03
456 5.555157e-06 3.537400e-03
457 2.089340e-06 2.836657e-03
458 2.462276e-06 4.141108e-03
459 1.735603e-02 1.589438e-01
460 1.612528e-04 6.172389e-02
461 3.096061e-04 3.079320e-02
462 1.914237e-05 1.334605e-02
463 1.537285e-05 4.231289e-03
464 5.686984e-06 4.170055e-03
465 4.116178e-05 6.604285e-03
466 1.406498e-05 4.109293e-03
467 4.116178e-05 6.604285e-03
468 3.851445e-05 5.281553e-03
469 3.948466e-05 4.498495e-03
470 1.365702e-05 2.809181e-03
471 1.537285e-05 4.231289e-03
472 5.419394e-06 3.500841e-03
473 2.277370e-06 3.976269e-03
474 5.419394e-06 3.500841e-03
475 8.436679e-05 7.020110e-03
476 7.287541e-05 7.948987e-03
477 3.368968e-05 6.420498e-03
478 2.005733e-04 1.113743e-02
479 6.710227e-05 5.341856e-03
480 1.780340e-04 7.877194e-03
481 2.293372e-04 1.989888e-02
482 9.038356e-05 1.695189e-02
483 3.600967e-05 1.393823e-02
484 1.245918e-05 3.628266e-03
485 3.041267e-05 4.872735e-03
486 1.005093e-04 1.169918e-02
487 3.376126e-05 8.816883e-03
488 3.139142e-05 5.809078e-03
489 8.904537e-03 2.172677e-01
490 3.256782e-05 8.531278e-03
491 3.256782e-05 8.531278e-03
492 1.187716e-05 5.527022e-03
493 3.256782e-05 8.531278e-03
494 1.064867e-05 4.214027e-03
495 2.432925e-05 4.629886e-03
496 4.711144e-06 4.001211e-03
497 2.755611e-05 7.929992e-03
498 1.126297e-05 4.186657e-03
499 3.044566e-05 4.363895e-03
500 1.126297e-05 4.186657e-03
501 3.641538e-03 1.207036e-01
502 3.271959e-05 8.042000e-03
503 9.034989e-05 1.458000e-02
504 8.720241e-05 1.811778e-02
505 3.256782e-05 8.531278e-03
506 1.772906e-04 1.502847e-02
507 1.181927e-05 7.718597e-03
508 1.210042e-05 4.184091e-03
509 2.665104e-04 3.893785e-02
510 1.210042e-05 4.184091e-03
511 2.370682e-04 3.952105e-02
512 2.064243e-04 1.810841e-02
513 5.527142e-04 4.376116e-02
514 8.992738e-04 2.406584e-01
515 5.025140e-05 3.353376e-02
516 3.973683e-05 2.507328e-02
517 1.211769e-04 4.312591e-02
518 3.973683e-05 2.507328e-02
519 1.531829e-05 1.456482e-02
520 4.671292e-05 2.152399e-02
521 4.671292e-05 2.152399e-02
522 4.671292e-05 2.152399e-02
523 3.571392e-05 1.501285e-02
524 4.671292e-05 2.152399e-02
525 4.671292e-05 2.152399e-02
526 4.671292e-05 2.152399e-02
527 1.386544e-04 3.595247e-02
528 4.671292e-05 2.152399e-02
529 4.671292e-05 2.152399e-02
530 3.924203e-05 4.260277e-02
531 1.386544e-04 3.595247e-02
532 1.288910e-04 2.377239e-02
533 1.386544e-04 3.595247e-02
534 1.386544e-04 3.595247e-02
535 4.671292e-05 2.152399e-02
536 1.288910e-04 2.377239e-02
537 3.343531e-04 4.895842e-02
538 3.167867e-04 4.670657e-02
539 4.671292e-05 2.152399e-02
540 1.386544e-04 3.595247e-02
541 1.386544e-04 3.595247e-02
542 1.122303e-04 1.328307e-02
543 1.211769e-04 4.312591e-02
544 4.671292e-05 2.152399e-02
545 7.917630e-05 7.163053e-03
546 9.643485e-05 6.284050e-03
547 1.311412e-05 6.541982e-03
548 8.889442e-05 8.382624e-03
549 1.888242e-06 3.492188e-03
550 5.584079e-04 1.912154e-02
551 8.380442e-05 1.030839e-02
552 2.395104e-04 1.688035e-02
553 9.763157e-05 1.026413e-02
554 2.131205e-04 9.244306e-03
555 2.070213e-04 1.133528e-02
556 4.495355e-06 4.515038e-03
557 2.952499e-05 6.307772e-03
558 2.070213e-04 1.133528e-02
559 2.952499e-05 6.307772e-03
560 1.339116e-05 9.400318e-03
561 1.853312e-04 9.678952e-03
562 7.372896e-05 7.329456e-03
563 1.625068e-03 3.224834e-02
564 4.881797e-06 5.090326e-03
565 2.040605e-04 1.459061e-02
566 5.095741e-04 2.150812e-02
567 3.059115e-05 5.778125e-03
568 9.482726e-05 8.156787e-03
569 3.751033e-05 5.968030e-03
570 8.383026e-05 6.013221e-03
571 1.954466e-04 6.797653e-03
572 9.366973e-05 7.570832e-03
573 8.482138e-05 9.103639e-03
574 3.751033e-05 5.968030e-03
575 9.366973e-05 7.570832e-03
576 9.366973e-05 7.570832e-03
577 2.338739e-04 1.026887e-02
578 4.573027e-04 1.271080e-02
579 1.120311e-03 1.715872e-02
580 2.183869e-04 8.447336e-03
581 1.234904e-03 1.923804e-02
582 5.847447e-04 1.789302e-02
583 2.569436e-04 1.620454e-02
584 9.040660e-05 9.308446e-03
585 5.847447e-04 1.789302e-02
586 8.290232e-05 8.268616e-03
587 2.969560e-04 1.675365e-02
588 1.805956e-04 7.636308e-03
589 1.228840e-05 3.657196e-03
590 5.694021e-04 4.033822e-02
591 5.197918e-04 1.221368e-02
592 4.203318e-04 1.392153e-02
593 4.146833e-03 5.997548e-02
594 3.966492e-05 7.493305e-03
595 2.645421e-04 2.357437e-02
596 5.031921e-04 1.387205e-02
597 1.150168e-05 4.200913e-03
598 1.103480e-05 2.971611e-03
599 1.103480e-05 2.971611e-03
600 3.079648e-05 6.522951e-03
