2 3.020853e-03 2.609340e-01
3 5.585159e-03 5.683101e-01
4 2.159989e-03 6.220968e-01
5 2.341446e-04 2.110879e-01
6 6.579449e-03 8.490073e-01
7 2.409892e-03 2.444578e-01
8 1.206427e-03 2.265793e-01
9 1.218040e-03 2.705489e-01
10 1.915394e-03 3.723399e-01
11 3.355578e-03 7.917938e-01
12 2.183981e-03 6.369951e-01
13 1.597173e-02 9.463287e-01
14 1.187057e-03 4.219491e-01
15 1.692769e-03 5.983411e-01
16 2.755314e-04 2.945879e-01
17 7.022533e-05 4.867719e-02
18 2.365194e-03 4.122229e-01
19 9.710605e-06 3.036666e-02
20 2.206531e-03 2.696991e-01
21 5.019868e-03 3.534596e-01
22 2.570681e-02 1.053278e+00
23 9.341826e-03 7.389692e-01
24 7.175258e-03 2.767631e-01
25 6.928436e-06 9.320596e-02
26 9.851161e-03 3.057894e-01
27 1.291884e-02 5.628610e-01
28 3.889210e-04 1.623230e-01
29 1.028594e-02 7.064438e-01
30 6.135409e-05 2.316612e-02
31 4.979765e-03 7.151072e-01
32 7.535218e-03 5.120446e-01
33 1.919067e-03 5.521051e-01
34 2.574661e-03 5.709688e-02
35 1.059566e-02 1.169698e+00
36 7.246725e-05 1.344404e-01
37 9.178665e-04 4.987604e-02
38 7.739177e-03 2.866879e-01
39 3.056837e-03 4.792360e-01
40 1.617012e-02 8.091395e-01
41 4.130983e-07 3.520261e-02
42 1.521181e-02 3.989498e-01
43 7.407110e-04 6.357893e-02
44 4.246872e-08 4.556376e-03
45 2.788339e-06 4.307745e-03
46 9.928122e-07 4.942271e-03
47 2.146170e-07 7.966147e-03
48 1.474032e-09 4.273812e-03
49 1.306186e-03 1.518693e-01
50 1.462237e-06 1.870371e-02
51 5.673129e-08 3.053881e-03
52 1.038370e-06 7.517307e-03
53 6.088919e-05 3.448758e-02
54 6.047490e-10 2.680088e-03
55 4.376629e-07 3.269699e-03
56 1.005379e-06 3.853582e-03
57 9.479246e-09 2.972981e-03
58 3.478573e-05 8.892279e-03
59 4.851504e-05 1.121441e-01
60 9.237601e-08 8.207886e-03
61 1.640877e-05 1.885942e-02
62 1.415398e-07 2.796643e-03
63 1.570713e-05 2.426667e-02
64 7.990208e-09 2.708863e-03
65 3.927212e-08 2.933215e-03
66 2.449936e-07 8.544030e-03
67 3.815695e-09 2.891916e-03
68 8.075812e-05 6.355411e-03
69 2.910531e-05 4.173752e-02
70 2.693844e-04 3.816193e-02
71 9.799407e-08 6.336240e-03
72 1.161217e-04 1.921683e-02
73 5.869868e-04 3.788589e-02
74 2.825331e-06 5.556113e-03
75 3.630937e-07 3.833713e-03
76 1.859020e-06 5.373124e-02
77 3.104369e-06 1.034121e-02
78 1.916655e-03 1.460367e-01
79 4.100010e-04 5.113766e-02
80 1.274134e-05 1.109489e-02
81 1.249253e-07 2.963546e-03
82 7.758889e-05 1.964070e-02
83 1.550121e-07 5.084389e-03
84 4.561074e-03 1.860269e-01
85 1.086033e-04 1.726057e-02
86 2.049928e-03 2.952751e-02
87 7.722283e-04 1.278622e-01
88 1.068125e-08 4.005142e-03
89 2.379477e-06 1.083475e-02
90 5.340041e-05 1.356441e-02
91 5.608020e-08 2.856733e-03
92 2.592065e-05 5.393164e-03
93 2.953753e-08 4.352933e-03
94 4.487603e-07 5.344495e-03
95 6.476968e-08 2.723806e-03
96 4.440906e-03 5.629195e-01
97 9.046565e-06 1.492889e-02
98 1.822289e-03 5.785961e-01
99 2.502709e-03 3.603350e-01
100 1.337237e-03 4.207898e-01
101 2.675256e-03 2.930311e-01
102 6.685776e-08 4.748007e-03
103 3.127546e-03 1.254690e-01
104 3.250248e-04 3.925072e-02
105 5.307914e-04 2.790484e-02
106 1.525872e-05 4.743691e-03
107 7.148598e-08 3.184744e-03
108 1.680368e-04 6.673080e-02
109 3.110065e-04 8.985848e-02
110 7.733212e-09 1.309761e-02
111 4.561912e-05 7.388900e-02
112 6.030796e-05 7.069776e-02
113 1.435393e-03 1.944126e-01
114 2.124720e-05 3.815845e-02
115 4.407957e-04 1.507178e-01
116 6.707488e-04 2.433042e-01
117 5.742657e-07 1.106526e-02
118 3.464736e-07 5.298596e-03
119 3.423491e-03 3.622882e-01
120 3.621519e-03 5.363793e-01
121 1.077538e-06 3.630549e-03
122 8.106966e-09 4.885991e-03
123 2.346440e-03 1.323942e-01
124 8.787138e-05 2.127663e-02
125 6.010406e-06 8.916585e-03
126 6.596720e-05 1.689476e-02
127 1.121485e-04 1.030889e-02
128 5.398518e-03 1.952221e-01
129 1.497262e-04 2.801307e-02
130 4.441453e-07 7.134041e-03
131 7.573480e-04 1.456998e-01
132 5.430848e-08 2.952909e-03
133 3.375973e-04 2.267227e-01
134 6.657452e-06 1.259215e-02
135 1.306089e-03 2.526340e-02
136 4.179875e-05 8.885670e-03
137 6.525613e-07 4.891074e-03
138 3.195845e-07 1.193344e-02
139 5.172022e-06 5.614926e-03
140 4.280010e-06 4.775099e-03
141 1.716518e-04 6.775750e-01
142 1.195047e-02 2.321230e-01
143 7.306247e-06 6.749843e-03
144 2.740158e-07 1.008634e-02
145 2.848931e-04 1.677043e-02
146 8.548620e-08 4.143652e-03
147 7.443460e-04 2.851124e-01
148 4.516999e-06 3.901392e-03
149 4.662597e-07 7.287665e-03
150 8.110760e-07 4.372063e-03
151 3.048524e-07 1.304479e-02
152 3.387587e-08 2.013550e-02
153 2.812551e-08 1.446010e-02
154 8.318746e-05 4.305967e-02
155 1.241773e-07 2.499873e-03
156 3.264619e-06 6.938367e-03
157 2.935308e-10 8.680753e-03
158 4.214339e-05 5.974384e-03
159 7.255569e-07 7.739178e-03
160 1.294637e-04 6.697319e-02
161 1.073116e-04 2.192445e-02
162 1.220109e-08 1.019454e-02
163 4.853108e-07 5.316306e-03
164 2.114782e-04 6.347599e-02
165 9.259873e-05 7.566245e-03
166 1.291462e-06 4.005561e-03
167 4.390188e-07 5.757055e-03
168 4.943208e-04 2.268856e-02
169 1.104330e-03 1.106796e-01
170 1.382175e-03 4.374816e-01
171 1.527954e-07 5.204950e-03
172 2.296510e-04 6.199176e-02
173 6.841756e-06 1.145358e-02
174 9.856792e-07 6.968272e-03
175 5.016433e-08 3.172074e-03
176 2.600700e-04 3.270130e-02
177 5.114113e-08 4.705478e-03
178 1.184864e-05 1.406100e-02
179 2.701339e-06 4.382071e-02
180 3.860636e-08 5.521213e-03
181 7.136342e-04 9.714903e-02
182 5.304136e-08 2.790762e-03
183 1.456181e-05 2.093791e-02
184 4.465322e-03 8.813674e-02
185 1.435690e-08 4.907857e-03
186 1.402225e-07 6.087507e-03
187 7.002517e-04 1.193943e-01
188 7.982829e-05 5.772033e-02
189 4.595971e-10 4.367814e-03
190 5.810950e-05 1.062764e-01
191 1.462665e-07 1.624070e-02
192 8.281119e-05 3.633183e-02
193 1.610376e-06 3.852897e-02
194 2.957722e-06 5.364124e-03
195 1.578763e-03 7.091519e-01
196 1.399182e-07 3.438781e-03
197 2.933890e-04 3.430326e-01
198 1.735345e-04 1.091391e-01
199 1.973573e-03 5.676805e-01
200 1.622609e-04 1.134391e-01
201 6.407288e-08 2.874947e-03
202 1.725101e-03 3.196205e-01
203 1.329729e-03 3.435937e-01
204 2.851403e-07 6.747896e-03
205 7.223110e-04 1.379362e-01
206 1.249363e-06 1.245177e-02
207 4.530399e-06 3.111184e-03
208 3.272551e-05 1.596822e-01
209 5.141910e-05 3.095359e-01
210 1.297864e-03 2.217524e-01
211 1.466020e-04 4.149640e-02
212 1.184641e-04 6.033028e-02
213 7.686490e-04 2.008350e-01
214 4.707122e-04 1.772563e-01
215 8.205135e-06 1.264772e-02
216 8.441146e-07 1.022510e-02
217 9.589057e-08 5.601077e-03
218 1.859843e-06 8.194961e-02
219 6.159757e-08 2.731603e-03
220 9.656677e-04 1.734474e-01
221 6.701390e-04 1.508011e-01
222 5.344918e-06 2.156725e-02
223 2.661733e-06 6.401850e-03
224 8.495866e-04 1.823254e-02
225 5.824427e-05 9.237762e-02
226 1.352164e-07 2.746838e-03
227 9.436207e-06 3.030296e-02
228 6.547598e-05 1.083638e-01
229 9.352645e-04 2.244066e-01
230 3.088402e-05 1.677369e-02
231 4.204695e-05 3.168925e-02
232 1.817644e-03 1.825046e-02
233 3.919833e-09 5.585529e-03
234 3.899178e-06 1.493500e-02
235 1.017481e-03 8.301860e-02
236 1.253554e-03 1.415397e-01
237 5.882749e-08 4.653267e-03
238 5.474285e-06 1.898309e-02
239 1.658833e-04 2.536939e-02
240 1.898407e-05 3.174992e-02
241 6.805600e-05 5.300634e-02
242 2.142871e-06 7.871990e-03
243 2.912877e-08 2.945446e-03
244 1.301362e-05 1.713546e-02
245 4.425468e-05 5.079443e-02
246 2.556035e-03 2.371062e-01
247 4.471943e-05 3.535268e-02
248 7.606410e-05 1.787160e-01
249 2.052628e-03 1.359139e-01
250 1.006930e-04 9.783324e-02
251 1.116743e-07 3.117891e-03
252 1.385787e-03 2.918043e-01
253 1.646749e-06 3.543387e-02
254 2.737243e-04 8.000678e-02
255 1.023127e-08 5.809170e-03
256 6.583451e-11 2.411317e-03
257 2.663800e-05 3.467685e-02
258 3.541751e-04 7.510598e-02
259 1.496312e-04 7.809974e-03
260 3.258611e-05 2.411648e-02
261 1.121670e-04 1.711377e-02
262 1.362488e-09 2.746099e-03
263 2.116803e-07 1.250543e-02
264 7.421568e-03 1.384417e-01
265 7.008427e-05 3.703477e-02
266 4.035621e-05 1.826620e-02
267 1.857713e-06 1.352379e-02
268 2.680612e-08 4.228811e-03
269 1.006103e-07 8.205213e-03
270 7.586425e-12 3.210816e-03
271 4.693998e-05 1.288944e-01
272 3.169772e-06 9.955441e-03
273 3.249549e-06 2.099745e-01
274 1.439458e-05 1.058058e-02
275 2.239104e-05 5.799560e-03
276 1.045668e-09 6.606304e-03
277 2.374184e-06 1.508491e-02
278 3.924135e-07 2.876099e-02
279 2.912584e-08 9.719949e-03
280 6.142424e-03 2.707662e-01
281 4.310281e-04 1.938240e-01
282 6.208451e-06 1.139847e-02
283 6.836270e-06 9.114981e-02
284 1.768369e-07 1.573334e-02
285 7.642864e-04 1.522451e-01
286 3.857615e-08 4.100304e-03
287 1.186191e-04 1.198617e-02
288 1.520926e-05 1.862777e-02
289 8.565100e-06 1.632975e-02
290 4.734552e-04 8.031357e-02
291 6.350266e-10 3.418382e-03
292 8.355583e-07 1.440072e-02
293 3.376617e-10 6.291489e-03
294 2.606349e-08 3.035122e-03
295 6.868026e-07 7.233906e-02
296 6.291061e-04 2.492297e-01
297 7.236489e-06 1.503881e-02
298 1.859490e-08 4.839748e-03
299 8.207027e-08 7.424091e-03
300 1.538516e-05 6.872624e-02
301 6.013662e-03 2.253641e-01
302 2.115805e-03 1.102314e-01
303 4.412725e-06 5.535242e-02
304 3.935706e-06 5.115809e-03
305 5.501796e-04 2.444066e-01
306 8.772272e-06 2.620976e-03
307 7.586941e-04 2.204905e-01
308 1.849508e-05 3.879752e-03
309 2.857951e-03 1.158989e-01
310 1.887233e-07 1.110891e-02
311 1.450671e-05 1.061500e-02
312 5.216246e-05 4.285543e-02
313 6.032417e-04 1.529316e-01
314 3.899542e-06 8.474678e-03
315 1.718305e-05 1.569868e-02
316 8.948898e-04 5.356806e-01
317 8.214521e-05 5.277701e-02
318 2.304481e-03 2.459197e-01
319 6.696685e-05 1.374585e-02
320 6.076375e-07 2.356695e-02
321 1.099419e-05 3.911384e-03
322 1.885685e-10 4.721316e-03
323 9.675621e-03 5.570200e-01
324 1.297577e-07 3.442493e-02
325 4.690602e-04 2.193004e-02
326 1.455814e-05 9.466066e-03
327 1.514495e-05 1.495452e-02
328 1.625817e-04 1.453676e-02
329 1.253088e-03 1.043668e-01
330 1.688850e-05 5.257009e-03
331 1.223680e-04 1.660870e-01
332 3.581427e-06 1.615705e-02
333 4.566946e-08 6.103687e-03
334 1.742380e-04 2.747873e-02
335 4.709116e-10 4.417451e-03
336 2.548785e-07 5.608140e-03
337 8.135443e-09 3.127648e-03
338 1.131540e-04 1.196557e-01
339 1.485411e-04 1.206400e-01
340 1.295381e-07 3.008876e-02
341 7.825753e-05 1.302945e-01
342 3.619774e-03 2.031927e-01
343 8.632316e-10 8.551385e-03
344 5.580179e-05 6.936039e-02
345 6.516970e-03 9.647372e-01
346 1.003684e-05 5.520341e-02
347 3.197524e-10 3.186255e-03
348 1.956959e-03 1.995187e-01
349 5.455295e-05 1.131497e-02
350 3.673271e-08 7.124838e-03
351 1.352553e-03 2.498800e-01
352 3.169344e-06 3.144867e-02
353 2.046255e-07 3.537390e-03
354 9.910240e-04 5.303319e-02
355 8.247527e-05 3.590031e-02
356 6.382663e-06 1.891082e-02
357 2.473900e-03 2.441372e-01
358 1.569557e-05 1.634900e-02
359 1.157104e-05 4.153771e-03
360 4.696740e-08 3.776122e-02
361 4.374601e-04 2.129392e-02
362 4.378119e-05 5.622520e-02
363 2.027049e-03 4.282775e-01
364 7.168651e-04 2.705011e-01
365 1.670266e-06 3.493690e-02
366 2.260512e-05 4.945328e-02
367 2.779289e-06 5.175269e-03
368 3.435329e-03 2.747177e-01
369 1.693231e-07 6.396549e-03
370 1.481582e-06 1.282513e-02
371 2.732813e-06 7.744744e-02
372 1.440207e-03 9.047378e-02
373 1.749959e-06 5.004516e-03
374 1.037967e-09 4.621832e-03
375 1.799623e-08 2.765804e-03
376 8.670238e-06 3.822602e-03
377 5.336710e-04 4.591958e-01
378 9.002406e-09 5.543989e-03
379 1.108989e-04 1.169839e-01
380 1.223408e-02 5.594841e-01
381 2.778177e-06 2.445657e-02
382 3.306319e-07 4.640736e-03
383 1.156050e-04 1.190916e-01
384 2.035833e-05 3.002146e-02
385 4.079225e-05 1.940038e-02
386 7.212123e-08 2.980537e-03
387 1.323964e-06 1.541092e-02
388 2.559658e-04 2.206958e-01
389 9.362780e-07 1.966379e-02
390 6.860011e-04 5.873727e-02
391 5.004248e-05 3.283325e-02
392 8.057486e-04 2.962299e-01
393 1.326162e-07 3.751637e-03
394 3.258920e-03 5.249931e-01
395 4.139094e-04 2.469852e-02
396 3.735631e-07 1.447794e-02
397 3.959913e-05 7.011842e-02
398 5.309154e-09 5.555154e-03
399 5.312421e-05 6.527461e-02
400 4.337269e-06 2.552995e-02
401 4.330728e-09 2.967332e-03
402 8.921806e-07 1.018492e-02
403 3.429077e-05 1.486382e-01
404 6.574253e-06 1.635851e-02
405 1.854947e-07 9.414864e-03
406 3.781632e-03 4.127842e-01
407 1.682481e-05 7.858962e-02
408 2.065361e-05 3.022316e-02
409 2.759253e-05 3.800483e-02
410 1.120498e-05 7.407250e-03
411 3.403406e-07 5.108412e-03
412 7.087264e-04 6.480049e-02
413 1.590449e-04 1.742443e-02
414 4.491947e-04 2.341882e-02
415 6.168613e-10 2.579051e-03
416 2.861445e-04 1.041484e-01
417 1.588808e-06 7.839015e-03
418 1.497838e-02 2.853417e-01
419 1.620989e-03 1.823851e-01
420 1.596694e-05 1.057436e-01
421 3.444112e-08 7.544339e-03
422 2.892981e-06 3.109301e-02
423 1.768307e-05 1.949545e-02
424 1.999091e-05 1.969626e-02
425 7.078276e-03 3.517040e-01
426 7.516559e-06 8.765132e-03
427 3.171096e-04 7.644655e-02
428 1.625706e-04 1.028156e-01
429 1.838123e-07 1.573169e-02
430 4.197519e-05 1.000137e-02
431 7.570350e-10 2.443160e-03
432 9.738877e-05 9.898152e-03
433 1.931738e-08 2.831217e-03
434 3.172896e-06 3.946337e-03
435 5.463933e-04 2.412596e-01
436 2.145715e-07 3.389568e-03
437 1.987823e-03 2.198597e-01
438 6.221636e-08 4.796028e-03
439 7.558078e-08 4.440419e-03
440 2.864046e-05 8.514021e-03
441 2.828382e-05 1.507163e-02
442 1.146601e-08 4.752794e-03
443 5.245085e-07 5.144657e-03
444 1.102971e-04 1.889427e-02
445 5.643969e-04 1.236279e-01
446 1.063049e-05 3.466246e-02
447 1.116838e-06 4.036036e-03
448 4.229580e-05 3.967179e-02
449 4.001583e-09 6.232124e-03
450 3.565225e-06 2.184187e-02
451 2.975694e-08 2.606605e-03
452 2.525444e-03 3.266680e-01
453 2.654111e-07 1.055560e-02
454 1.690282e-05 3.647519e-02
455 4.687015e-06 1.254172e-02
456 3.872369e-05 2.082226e-02
457 1.145006e-04 1.987738e-01
458 6.544774e-05 1.097733e-01
459 4.302122e-06 1.974575e-02
460 6.745679e-04 7.849803e-02
461 1.619074e-07 4.426522e-03
462 2.121557e-07 7.747114e-03
463 3.611908e-04 1.756215e-01
464 1.944605e-06 1.295173e-02
465 9.202129e-07 8.914196e-03
466 2.636872e-07 3.756618e-03
467 3.999408e-08 1.493738e-02
468 2.375843e-12 2.943654e-03
469 1.750546e-04 6.137188e-02
470 3.753505e-04 1.036556e-01
471 8.976526e-06 6.155860e-03
472 1.772038e-05 4.826428e-03
473 3.242290e-04 9.670224e-02
474 1.146220e-04 5.773513e-02
475 7.893615e-07 6.278650e-03
476 6.521085e-06 9.949120e-03
477 2.875878e-03 2.224913e-01
478 3.464567e-07 3.481253e-03
479 3.057034e-05 4.207155e-03
480 8.518170e-06 8.765704e-03
481 4.285004e-04 2.824021e-02
482 3.862375e-06 2.363454e-02
483 1.614524e-08 2.809000e-03
484 1.782966e-07 3.788059e-03
485 5.232354e-06 4.263446e-03
486 1.240591e-06 2.527935e-02
487 3.283397e-05 1.594362e-02
488 2.908859e-07 2.699628e-03
489 7.502904e-03 6.703202e-01
490 9.104747e-06 7.074273e-02
491 2.756938e-03 1.055339e-01
492 1.364518e-03 8.224032e-02
493 1.262592e-06 3.452805e-03
494 1.373253e-02 4.125569e-01
495 1.483125e-02 5.673901e-01
496 2.040439e-07 2.612560e-03
497 4.735565e-05 3.127552e-02
498 3.197706e-08 7.095470e-03
499 2.215204e-07 4.510052e-03
500 1.243625e-07 4.239743e-03
501 1.110226e-03 1.591808e-01
502 5.150739e-07 1.441206e-02
503 2.880158e-06 9.560128e-03
504 3.067205e-05 4.586563e-01
505 2.722416e-04 1.237871e-02
506 8.052587e-08 1.494322e-02
507 1.763944e-07 5.697727e-03
508 1.499527e-08 3.907573e-03
509 2.825997e-03 5.747084e-02
510 4.040068e-06 1.264685e-02
511 2.491797e-03 2.019905e-01
512 2.308122e-06 4.247075e-03
513 3.224674e-07 3.625776e-03
514 2.453041e-08 3.985530e-03
515 1.241683e-03 4.177607e-02
516 8.069100e-07 6.122274e-03
517 1.040133e-08 2.725291e-03
518 8.476121e-08 6.516723e-03
519 3.503553e-06 9.482322e-03
520 7.529398e-07 8.454395e-03
521 2.384797e-08 7.355015e-03
522 1.746595e-05 1.420780e-02
523 2.491451e-05 3.666302e-02
524 7.365616e-07 3.402834e-03
525 2.353860e-06 4.928032e-03
526 2.216380e-07 5.858013e-03
527 4.850064e-09 3.308461e-03
528 1.984725e-03 6.162792e-02
529 4.691219e-03 6.487033e-01
530 8.807975e-06 2.485603e-02
531 7.560644e-09 2.605328e-03
532 5.250478e-07 5.959845e-03
533 1.524368e-05 1.485672e-02
534 1.874447e-08 6.601774e-02
535 7.487585e-05 3.930943e-02
536 2.623035e-04 1.943618e-01
537 4.703479e-04 2.401063e-01
538 2.299475e-03 3.901922e-01
539 2.902136e-06 8.238973e-03
540 4.796902e-06 1.836717e-02
541 4.952025e-04 1.557537e-01
542 1.298034e-03 1.787631e-01
543 4.460727e-06 7.602129e-03
544 4.789706e-05 2.796967e-02
545 1.884016e-07 1.105645e-02
546 5.571972e-08 1.289121e-02
547 8.404042e-03 3.757663e-01
548 5.554173e-03 3.868009e-01
549 8.310271e-05 5.416529e-02
550 2.336029e-06 1.777540e-02
551 3.257626e-05 1.080813e-02
552 1.343014e-05 5.729159e-03
553 1.044812e-06 3.962869e-03
554 3.565947e-08 6.228076e-03
555 8.179545e-06 2.047622e-02
556 1.572766e-05 1.972965e-02
557 6.973882e-04 1.432676e-01
558 1.388934e-04 2.208549e-02
559 5.015432e-04 1.057083e-01
560 2.701191e-06 3.982232e-03
561 3.999877e-05 1.678364e-02
562 1.107682e-10 2.855361e-03
563 1.968843e-03 3.779170e-01
564 2.967316e-05 4.728212e-02
565 2.057671e-05 1.311550e-02
566 6.026428e-05 6.684734e-03
567 7.462132e-03 2.021499e-01
568 9.432843e-07 6.032715e-02
569 2.950226e-05 2.919718e-02
570 7.751067e-06 1.132579e-02
571 3.837521e-03 3.482462e-01
572 4.820952e-07 7.878753e-03
573 4.319665e-04 1.307618e-01
574 6.111643e-05 1.843906e-02
575 1.126547e-06 4.246988e-03
576 6.488739e-04 3.803112e-02
577 7.273619e-07 3.230605e-02
578 1.818762e-04 1.612223e-01
579 2.600833e-05 7.747819e-03
580 9.502108e-04 5.758716e-01
581 2.216602e-03 3.049837e-01
582 5.402263e-06 2.608982e-02
583 5.968440e-05 8.342708e-02
584 3.346916e-05 3.117122e-02
585 1.287349e-08 5.967020e-03
586 1.233415e-04 8.051018e-02
587 5.875478e-06 1.323350e-02
588 1.914081e-03 3.672480e-01
589 3.217322e-03 3.356648e-01
590 1.549915e-03 2.006830e-01
591 1.521331e-06 9.194701e-03
592 1.240818e-04 2.628114e-02
593 8.707410e-06 1.381360e-02
594 1.706820e-05 2.163244e-02
595 1.394998e-04 1.444073e-01
596 5.519010e-05 1.622135e-02
597 7.955253e-05 1.570293e-02
598 2.355124e-06 1.207042e-02
599 1.470749e-06 1.330802e-02
600 5.096240e-05 1.890335e-02
601 5.197304e-07 5.434534e-03
