2 6.739580e-04 3.654559e-01
3 8.184547e-03 1.039726e+00
4 1.176188e-02 1.053728e+00
5 8.865599e-06 2.165774e-01
6 4.788677e-03 1.471120e+00
7 3.340027e-03 5.638431e-01
8 2.971481e-03 5.164251e-01
9 1.665557e-03 3.133511e-01
10 2.909569e-03 5.184472e-01
11 3.203236e-03 1.156359e+00
12 1.319730e-03 7.305752e-01
13 5.473554e-03 1.440268e+00
14 9.375127e-03 6.341183e-01
15 6.632112e-03 9.944126e-01
16 1.524739e-03 3.572357e-01
17 1.409809e-04 5.263046e-02
18 8.632727e-03 1.212390e+00
19 3.619443e-05 3.817676e-02
20 1.328595e-03 4.464646e-01
21 3.166977e-03 8.199624e-01
22 3.314371e-02 2.378256e+00
23 2.223780e-03 8.714762e-01
24 2.078334e-03 4.798217e-01
25 2.587732e-04 9.512910e-02
26 6.936927e-03 5.346483e-01
27 1.103722e-02 9.736238e-01
28 3.852407e-06 1.659402e-01
29 3.158995e-03 1.172337e+00
30 8.423773e-04 4.160447e-02
31 8.063081e-03 8.967375e-01
32 2.337032e-03 7.031579e-01
33 1.151799e-03 5.969570e-01
34 2.332480e-03 3.214551e-01
35 2.629788e-02 1.751062e+00
36 6.514881e-06 1.352865e-01
37 5.194826e-04 9.678680e-02
38 4.736728e-03 6.393818e-01
39 1.964460e-03 9.061145e-01
40 1.037002e-02 1.158772e+00
41 2.545420e-08 3.520721e-02
42 3.357230e-03 6.518819e-01
43 4.301237e-03 2.076228e-01
44 6.918870e-11 4.558115e-03
45 7.066962e-08 4.367954e-03
46 2.853584e-08 4.952554e-03
47 6.302721e-09 7.969386e-03
48 1.981247e-12 4.273828e-03
49 5.933343e-03 3.716490e-01
50 2.126312e-08 1.871583e-02
51 4.758153e-09 3.054624e-03
52 3.230408e-08 7.528785e-03
53 3.689180e-06 3.505072e-02
54 6.016671e-12 2.680096e-03
55 2.227958e-08 3.272940e-03
56 1.706388e-07 3.878364e-03
57 8.949051e-11 2.973084e-03
58 1.248536e-05 1.238056e-02
59 5.184545e-05 1.176281e-01
60 7.142751e-09 8.211669e-03
61 4.907119e-05 2.278948e-02
62 5.509440e-08 2.803574e-03
63 4.251209e-05 3.071861e-02
64 6.573739e-11 2.709200e-03
65 2.311669e-11 2.933355e-03
66 4.244988e-09 8.546803e-03
67 1.438084e-09 2.892050e-03
68 1.721393e-04 1.527629e-02
69 6.967666e-06 4.224557e-02
70 5.005786e-04 6.500247e-02
71 5.965908e-09 6.339436e-03
72 7.006634e-06 2.062032e-02
73 8.775576e-05 5.771678e-02
74 1.081946e-06 5.647988e-03
75 5.004320e-08 3.853097e-03
76 8.998545e-07 5.376470e-02
77 7.199182e-06 1.087812e-02
78 1.688953e-03 2.062632e-01
79 7.457650e-04 7.705148e-02
80 8.981803e-08 1.114158e-02
81 3.508515e-11 2.964265e-03
82 8.951329e-06 2.019880e-02
83 1.203176e-08 5.087992e-03
84 1.508571e-04 2.610509e-01
85 7.594124e-04 7.435926e-02
86 1.177484e-03 1.687878e-01
87 7.553970e-03 2.609056e-01
88 5.708581e-12 4.005226e-03
89 4.038543e-07 1.088446e-02
90 1.208827e-04 1.616879e-02
91 3.036476e-09 2.857575e-03
92 3.476758e-08 5.583858e-03
93 4.577465e-11 4.353116e-03
94 2.743329e-10 5.346975e-03
95 2.078443e-10 2.724210e-03
96 1.542147e-03 8.246127e-01
97 4.878235e-06 1.511741e-02
98 5.040550e-04 6.059710e-01
99 2.487165e-03 4.884193e-01
100 9.243775e-03 5.456423e-01
101 1.029984e-02 4.230439e-01
102 2.313059e-08 4.750386e-03
103 1.547518e-03 3.527127e-01
104 2.812140e-04 4.933571e-02
105 9.593666e-04 6.619118e-02
106 1.499815e-05 5.712282e-03
107 2.651217e-10 3.185632e-03
108 1.101104e-03 1.278219e-01
109 4.079456e-06 9.181864e-02
110 3.547463e-12 1.309764e-02
111 5.995515e-05 7.960618e-02
112 2.485365e-06 7.457302e-02
113 2.379536e-04 2.027054e-01
114 1.646109e-07 3.825052e-02
115 7.241688e-05 1.808149e-01
116 2.976156e-04 3.888204e-01
117 9.317002e-09 1.107229e-02
118 3.901284e-09 5.303597e-03
119 4.138573e-03 8.334825e-01
120 1.469729e-03 9.910589e-01
121 2.984453e-08 3.652629e-03
122 6.461317e-09 4.886603e-03
123 1.036711e-03 2.251390e-01
124 2.522659e-08 2.161839e-02
125 5.987395e-07 9.035719e-03
126 6.441313e-06 1.793808e-02
127 4.524792e-05 1.328627e-02
128 2.812819e-03 4.048434e-01
129 3.814760e-05 3.017969e-02
130 2.216240e-08 7.146154e-03
131 3.268960e-03 3.110965e-01
132 1.667481e-09 2.956236e-03
133 1.560369e-03 4.104557e-01
134 6.965550e-08 1.264003e-02
135 2.293387e-04 5.153386e-02
136 5.975426e-08 9.265429e-03
137 2.677873e-07 4.918673e-03
138 8.347600e-09 1.193993e-02
139 2.052657e-06 5.845191e-03
140 3.272795e-08 4.792296e-03
141 2.353216e-05 6.802487e-01
142 1.845793e-03 4.074615e-01
143 5.889608e-08 6.861153e-03
144 1.454865e-08 1.010483e-02
145 1.835035e-04 3.231840e-02
146 3.947446e-09 4.144899e-03
147 4.077952e-03 3.165911e-01
148 7.129686e-06 4.271536e-03
149 5.763987e-09 7.301598e-03
150 2.904783e-08 4.391994e-03
151 1.956143e-09 1.304887e-02
152 7.668214e-10 2.013596e-02
153 2.212488e-10 1.446093e-02
154 6.378901e-05 5.025873e-02
155 1.132481e-08 2.506434e-03
156 1.642200e-05 8.432206e-03
157 2.916943e-12 8.680756e-03
158 3.557899e-07 6.662062e-03
159 6.976264e-09 7.744425e-03
160 2.346710e-03 1.552186e-01
161 1.315913e-05 2.409509e-02
162 8.906801e-10 1.019460e-02
163 9.165518e-08 5.321980e-03
164 2.249477e-05 6.611577e-02
165 4.573238e-04 1.724447e-02
166 7.102053e-08 4.017294e-03
167 1.102770e-08 5.762058e-03
168 1.445894e-03 5.323356e-02
169 1.097022e-03 2.368316e-01
170 6.065551e-03 7.913670e-01
171 1.059968e-08 5.209001e-03
172 4.802882e-04 1.116622e-01
173 3.401641e-05 1.262818e-02
174 1.762647e-06 7.148364e-03
175 8.009396e-09 3.175727e-03
176 1.791755e-04 4.538973e-02
177 8.101604e-11 4.705823e-03
178 3.459336e-06 1.546513e-02
179 4.705635e-06 4.437447e-02
180 6.224839e-09 5.522642e-03
181 4.521116e-04 1.533095e-01
182 4.185203e-08 2.811008e-03
183 1.358615e-06 2.132531e-02
184 3.607100e-03 3.049495e-01
185 1.347714e-09 4.908223e-03
186 6.833799e-09 6.089500e-03
187 2.124302e-03 1.765987e-01
188 8.160021e-06 5.890045e-02
189 1.039876e-13 4.367818e-03
190 4.026125e-06 1.068793e-01
191 2.647408e-07 1.628715e-02
192 4.176521e-06 3.708074e-02
193 4.976153e-09 3.854119e-02
194 9.421036e-07 5.424245e-03
195 3.996675e-03 8.281674e-01
196 2.282177e-07 3.455112e-03
197 6.462517e-05 3.503477e-01
198 3.010415e-05 1.128117e-01
199 5.237226e-03 8.493103e-01
200 1.784492e-03 1.582688e-01
201 9.966393e-08 2.877355e-03
202 7.244872e-03 5.227999e-01
203 5.151990e-05 3.519879e-01
204 1.716502e-09 6.752921e-03
205 8.560854e-05 1.532182e-01
206 8.763665e-11 1.245562e-02
207 1.376371e-06 3.222785e-03
208 3.266744e-04 1.653615e-01
209 8.586628e-04 3.276499e-01
210 4.973642e-04 2.454409e-01
211 3.268488e-03 8.385024e-02
212 8.604049e-04 8.651139e-02
213 1.549043e-05 2.042926e-01
214 2.732567e-03 2.322529e-01
215 9.373917e-07 1.306907e-02
216 1.395529e-06 1.041292e-02
217 2.662024e-08 5.602329e-03
218 3.330483e-06 8.206151e-02
219 2.661379e-08 2.733643e-03
220 1.612132e-05 1.916693e-01
221 1.414820e-03 2.899982e-01
222 4.003983e-06 2.210331e-02
223 4.025274e-07 6.590464e-03
224 1.441692e-05 2.669878e-02
225 1.670444e-04 1.001085e-01
226 1.259822e-10 2.748372e-03
227 2.550176e-05 3.094835e-02
228 1.463406e-04 1.224507e-01
229 5.732372e-03 4.347651e-01
230 6.128077e-03 1.385142e-01
231 6.581399e-07 3.215416e-02
232 1.796920e-03 1.310744e-01
233 6.599775e-11 5.585562e-03
234 4.308239e-06 1.526000e-02
235 6.693817e-04 1.612266e-01
236 7.637790e-03 3.572815e-01
237 4.783102e-09 4.653893e-03
238 2.871746e-05 2.002201e-02
239 9.675987e-05 2.926624e-02
240 8.908978e-06 3.246283e-02
241 6.234617e-06 5.496748e-02
242 2.058337e-06 7.935058e-03
243 1.829558e-09 2.945901e-03
244 3.042538e-05 1.828189e-02
245 2.683826e-04 6.944977e-02
246 9.705481e-06 2.770206e-01
247 1.594263e-05 3.673729e-02
248 1.611414e-05 1.813063e-01
249 4.897264e-03 2.438381e-01
250 8.749764e-05 1.026565e-01
251 3.051611e-08 3.129766e-03
252 9.226190e-04 3.855061e-01
253 1.124091e-05 3.579202e-02
254 1.587924e-03 1.939238e-01
255 8.763245e-10 5.809969e-03
256 2.124996e-14 2.411318e-03
257 6.473081e-07 3.502033e-02
258 1.603601e-03 1.102851e-01
259 3.459631e-04 1.513185e-02
260 3.415563e-04 2.821063e-02
261 2.313544e-04 2.305673e-02
262 4.401382e-12 2.746119e-03
263 1.562282e-07 1.251596e-02
264 8.200066e-04 3.068547e-01
265 1.376379e-03 1.392753e-01
266 6.253317e-05 2.500120e-02
267 2.482414e-07 1.359348e-02
268 1.222404e-09 4.230385e-03
269 2.320885e-08 8.208146e-03
270 7.874273e-15 3.210816e-03
271 7.805873e-05 1.346459e-01
272 1.127794e-05 1.024021e-02
273 1.497178e-05 2.102529e-01
274 7.589964e-05 1.656749e-02
275 6.374958e-06 7.717587e-03
276 3.440492e-11 6.606335e-03
277 2.682388e-05 1.582068e-02
278 7.686433e-08 2.877561e-02
279 1.223472e-08 9.721785e-03
280 3.095644e-03 5.671244e-01
281 4.886300e-05 2.133031e-01
282 3.422477e-08 1.144831e-02
283 9.554767e-06 9.184427e-02
284 7.131097e-09 1.573896e-02
285 8.611943e-05 1.871808e-01
286 6.334455e-10 4.100817e-03
287 2.256451e-04 5.037989e-02
288 3.279725e-05 2.203107e-02
289 1.065159e-08 1.650209e-02
290 7.256133e-06 8.334406e-02
291 1.375259e-09 3.418403e-03
292 5.019664e-08 1.445377e-02
293 1.751475e-13 6.291494e-03
294 4.216937e-10 3.035314e-03
295 1.737008e-09 7.235286e-02
296 2.351759e-05 2.563950e-01
297 7.512889e-06 1.548113e-02
298 3.615109e-10 4.840031e-03
299 7.960579e-08 7.429396e-03
300 1.490562e-06 6.918717e-02
301 4.991045e-03 1.067514e+00
302 9.829167e-05 1.263840e-01
303 1.173843e-07 5.543917e-02
304 4.067972e-06 5.445505e-03
305 1.578142e-04 2.726089e-01
306 1.042172e-04 8.751054e-03
307 2.733924e-03 3.132126e-01
308 8.750426e-05 1.130401e-02
309 8.174540e-04 4.317200e-01
310 5.616582e-09 1.111189e-02
311 5.797125e-05 1.199950e-02
312 6.502311e-06 4.548540e-02
313 1.903727e-03 2.716600e-01
314 3.477460e-08 8.523114e-03
315 9.943324e-05 2.804116e-02
316 4.713128e-04 6.631639e-01
317 1.606810e-04 5.983614e-02
318 2.249693e-04 2.893158e-01
319 1.032316e-03 8.458676e-02
320 1.126766e-05 2.392166e-02
321 4.109199e-07 4.036849e-03
322 1.561733e-11 4.721324e-03
323 1.531389e-03 1.018189e+00
324 4.288355e-08 3.442943e-02
325 6.143198e-07 4.288840e-02
326 1.875843e-07 9.623876e-03
327 6.760248e-05 1.603577e-02
328 2.224080e-07 1.756003e-02
329 1.849225e-03 1.383258e-01
330 2.911967e-07 5.940268e-03
331 1.975825e-04 1.866027e-01
332 8.902422e-06 1.647667e-02
333 1.859278e-07 6.110751e-03
334 6.422773e-05 3.113195e-02
335 8.413193e-12 4.417457e-03
336 3.570512e-08 5.615243e-03
337 3.951276e-10 3.127976e-03
338 2.214801e-04 2.390045e-01
339 1.432784e-04 1.351929e-01
340 1.258357e-08 3.009224e-02
341 1.230128e-04 1.361840e-01
342 1.303694e-04 2.406648e-01
343 2.942286e-11 8.551407e-03
344 6.054633e-04 9.632706e-02
345 3.836321e-03 1.298622e+00
346 8.899495e-06 5.608853e-02
347 1.942963e-12 3.186263e-03
348 3.632858e-03 5.511051e-01
349 9.038217e-05 2.344988e-02
350 6.991718e-10 7.126416e-03
351 6.098242e-04 4.427397e-01
352 9.352282e-09 3.180967e-02
353 4.946558e-07 3.569567e-03
354 8.047344e-03 2.141036e-01
355 1.300969e-04 4.811505e-02
356 2.357205e-06 2.016670e-02
357 1.549625e-03 3.491604e-01
358 7.253446e-09 1.647028e-02
359 1.478713e-08 4.246320e-03
360 1.342473e-09 3.776227e-02
361 5.186814e-04 7.601800e-02
362 1.236099e-05 5.816421e-02
363 3.962434e-03 6.990126e-01
364 1.372214e-03 3.935347e-01
365 6.945325e-10 3.494658e-02
366 8.390328e-09 4.970787e-02
367 8.390695e-08 5.242583e-03
368 6.004422e-04 3.474639e-01
369 6.933535e-08 6.410673e-03
370 1.691833e-07 1.285094e-02
371 2.190742e-06 7.754525e-02
372 1.892425e-03 2.049159e-01
373 3.166657e-07 5.150899e-03
374 4.166055e-13 4.621856e-03
375 3.017436e-10 2.766085e-03
376 1.723743e-05 5.416349e-03
377 9.083482e-03 7.968505e-01
378 1.101878e-09 5.544383e-03
379 1.162883e-04 1.261151e-01
380 9.108291e-03 8.403143e-01
381 2.617478e-07 2.466874e-02
382 6.482070e-09 4.644647e-03
383 4.841802e-05 1.287599e-01
384 4.080668e-07 3.020735e-02
385 4.017985e-06 3.079138e-02
386 3.331848e-09 3.011634e-03
387 7.211495e-04 2.727407e-02
388 3.830956e-05 2.275853e-01
389 3.534823e-07 1.970845e-02
390 3.659904e-05 6.872435e-02
391 1.036209e-05 3.354238e-02
392 3.432607e-03 3.469267e-01
393 4.383443e-12 3.752594e-03
394 5.396145e-03 7.233376e-01
395 7.055989e-06 2.850282e-02
396 1.263330e-09 1.448074e-02
397 2.187672e-04 7.543901e-02
398 2.901180e-11 5.555251e-03
399 9.572529e-05 6.749278e-02
400 4.666877e-06 2.577133e-02
401 9.901747e-11 2.967371e-03
402 2.869830e-07 1.020728e-02
403 2.360850e-05 1.508457e-01
404 5.381078e-08 1.643403e-02
405 4.638615e-09 9.416624e-03
406 9.686668e-04 6.018981e-01
407 3.397580e-05 8.019710e-02
408 1.304362e-06 3.046338e-02
409 4.773760e-08 3.862142e-02
410 4.865538e-05 8.499825e-03
411 4.841185e-09 5.111838e-03
412 6.469938e-05 8.007983e-02
413 5.587720e-06 3.186434e-02
414 8.046584e-06 2.958806e-02
415 1.346909e-11 2.579059e-03
416 1.408504e-03 1.336955e-01
417 2.508062e-05 8.603612e-03
418 7.103473e-04 3.902618e-01
419 2.979933e-03 2.351882e-01
420 5.022612e-07 1.058873e-01
421 1.542319e-07 7.546735e-03
422 1.175727e-04 3.290705e-02
423 2.588627e-03 4.077431e-02
424 1.902821e-05 2.015217e-02
425 5.004102e-04 4.712883e-01
426 1.792074e-05 1.266167e-02
427 4.872215e-04 8.203484e-02
428 1.892454e-05 1.064740e-01
429 5.146909e-08 1.573464e-02
430 5.759586e-04 3.896039e-02
431 4.024765e-12 2.443199e-03
432 3.480224e-06 1.060877e-02
433 1.923360e-10 2.831437e-03
434 8.424837e-08 3.976867e-03
435 4.732121e-03 4.150367e-01
436 2.254862e-08 3.406388e-03
437 6.477796e-03 6.661993e-01
438 2.771641e-11 4.796904e-03
439 5.320177e-08 4.449868e-03
440 2.351624e-05 1.445482e-02
441 1.942755e-05 1.654071e-02
442 2.545400e-08 4.754236e-03
443 1.780675e-07 5.270319e-03
444 7.127548e-04 3.246738e-02
445 1.790762e-03 1.721997e-01
446 3.681512e-06 3.553511e-02
447 3.190748e-06 4.171009e-03
448 5.593808e-05 6.627243e-02
449 3.573640e-10 6.232270e-03
450 1.624770e-05 2.216094e-02
451 8.197829e-11 2.606730e-03
452 5.673512e-04 3.811646e-01
453 4.466570e-07 1.062384e-02
454 6.670676e-05 4.484036e-02
455 8.245159e-06 1.270499e-02
456 2.036625e-03 4.623332e-02
457 5.202730e-04 2.086521e-01
458 1.489337e-06 1.102985e-01
459 3.167346e-08 1.980683e-02
460 1.434768e-03 1.598185e-01
461 2.727336e-07 4.432357e-03
462 5.030443e-09 7.750124e-03
463 6.135449e-03 3.421455e-01
464 2.396971e-07 1.297469e-02
465 9.043971e-07 9.002018e-03
466 6.976965e-07 3.832626e-03
467 2.650591e-08 1.494065e-02
468 8.017042e-15 2.943654e-03
469 3.479639e-04 8.795829e-02
470 9.111241e-03 3.252209e-01
471 1.526974e-06 6.414669e-03
472 1.558257e-05 5.915070e-03
473 2.460242e-03 3.408150e-01
474 1.487308e-03 1.470391e-01
475 2.233721e-09 6.283985e-03
476 7.390891e-07 1.010451e-02
477 5.524151e-04 4.282219e-01
478 4.045871e-08 3.494637e-03
479 6.526892e-08 4.742773e-03
480 4.048937e-07 9.090236e-03
481 2.537691e-04 5.506426e-02
482 5.323054e-09 2.372199e-02
483 1.474826e-10 2.810323e-03
484 4.182682e-08 3.797011e-03
485 1.380138e-06 5.338352e-03
486 3.520620e-05 2.613905e-02
487 1.485806e-04 2.281643e-02
488 2.130171e-09 2.705589e-03
489 1.070171e-02 1.133913e+00
490 2.334114e-05 7.170649e-02
491 6.728973e-04 1.933219e-01
492 4.924377e-03 2.902646e-01
493 1.182407e-06 3.502671e-03
494 7.295163e-03 8.535426e-01
495 4.159640e-03 8.954552e-01
496 7.874638e-11 2.616620e-03
497 5.091772e-05 3.799457e-02
498 8.926485e-11 7.096008e-03
499 8.855674e-09 4.516734e-03
500 3.070457e-10 4.242589e-03
501 6.231974e-03 4.450677e-01
502 1.438778e-09 1.441636e-02
503 1.475984e-05 9.739265e-03
504 1.187994e-02 5.238560e-01
505 1.459100e-03 1.496485e-01
506 2.373560e-09 1.494578e-02
507 2.079664e-08 5.700843e-03
508 2.143180e-10 3.908045e-03
509 3.298075e-04 1.356386e-01
510 2.907123e-06 1.290592e-02
511 2.786673e-04 2.651097e-01
512 8.686351e-09 4.294264e-03
513 9.873340e-08 3.653673e-03
514 1.965254e-08 3.986586e-03
515 9.998389e-04 2.066661e-01
516 9.437362e-10 6.129508e-03
517 3.076351e-10 2.725713e-03
518 3.758964e-08 6.520508e-03
519 1.164946e-06 9.580749e-03
520 1.608943e-06 8.661934e-03
521 9.328140e-08 7.362645e-03
522 1.408679e-05 1.494056e-02
523 9.009064e-06 3.808181e-02
524 2.063803e-08 3.409745e-03
525 7.220072e-07 4.966691e-03
526 1.831390e-08 5.863149e-03
527 4.529043e-11 3.308530e-03
528 3.527263e-03 2.439868e-01
529 1.596990e-02 1.121804e+00
530 1.825030e-05 2.576692e-02
531 5.718062e-10 2.605537e-03
532 3.590232e-10 5.971081e-03
533 8.056192e-05 2.194388e-02
534 1.811476e-09 6.601807e-02
535 1.272598e-04 5.098369e-02
536 3.076650e-05 2.150694e-01
537 6.045021e-04 2.962336e-01
538 1.609355e-03 6.379963e-01
539 1.228423e-07 8.260239e-03
540 1.783913e-07 1.843937e-02
541 1.519002e-03 2.991307e-01
542 2.951000e-05 1.921306e-01
543 1.447697e-08 7.642073e-03
544 9.664541e-06 3.034122e-02
545 5.496173e-10 1.105952e-02
546 7.786929e-09 1.289823e-02
547 7.518952e-04 6.758591e-01
548 1.235564e-03 7.168502e-01
549 1.074512e-05 5.722403e-02
550 2.785510e-05 2.015646e-02
551 1.462874e-06 1.162093e-02
552 5.016467e-06 6.151914e-03
553 1.028088e-07 3.982007e-03
554 2.439827e-08 6.230112e-03
555 4.444211e-06 2.078293e-02
556 3.558206e-05 2.245970e-02
557 3.006648e-03 2.358005e-01
558 1.214223e-03 4.554631e-02
559 1.579553e-04 1.401490e-01
560 1.934540e-04 7.045915e-03
561 5.181317e-06 1.751960e-02
562 2.540481e-13 2.855363e-03
563 4.063204e-03 4.558194e-01
564 5.687236e-03 1.525890e-01
565 2.493345e-04 1.659193e-02
566 7.647469e-07 6.992919e-03
567 4.998979e-03 5.529047e-01
568 1.242253e-09 6.033313e-02
569 2.917813e-06 3.102707e-02
570 1.221616e-05 1.202616e-02
571 6.516818e-04 4.843184e-01
572 7.187015e-07 7.923566e-03
573 3.371596e-04 1.404425e-01
574 6.328890e-06 2.025613e-02
575 6.369629e-06 4.706433e-03
576 3.524835e-03 1.419349e-01
577 1.243559e-08 3.231236e-02
578 3.371769e-04 1.678163e-01
579 1.257728e-04 1.204902e-02
580 3.301362e-03 7.174568e-01
581 2.316854e-03 5.898821e-01
582 2.066702e-06 2.628969e-02
583 1.532305e-05 8.477689e-02
584 3.071337e-06 3.177095e-02
585 3.762615e-09 5.970299e-03
586 2.799855e-03 9.992954e-02
587 7.704222e-09 1.330653e-02
588 5.752586e-04 4.277374e-01
589 5.744160e-03 5.661470e-01
590 7.211079e-05 2.145343e-01
591 5.254302e-06 9.260691e-03
592 9.722849e-04 5.193746e-02
593 6.493800e-07 1.389455e-02
594 1.039497e-04 2.331702e-02
595 9.807170e-05 1.489178e-01
596 2.079531e-06 1.666662e-02
597 1.288004e-06 1.648854e-02
598 9.479202e-08 1.209297e-02
599 4.575405e-08 1.333597e-02
600 6.449899e-06 1.983889e-02
601 1.375336e-06 5.512384e-03
