2 4.496776e-04 3.002592e-01
3 1.414509e-02 7.305615e-01
4 1.146377e-03 6.676802e-01
5 1.156524e-04 2.150824e-01
6 7.990984e-03 1.046788e+00
7 2.627941e-03 2.994190e-01
8 9.974096e-03 3.076180e-01
9 5.180765e-04 2.893278e-01
10 3.850173e-03 4.454981e-01
11 3.562997e-03 9.073722e-01
12 2.661718e-03 6.793536e-01
13 2.826373e-03 1.114982e+00
14 6.734705e-03 4.958442e-01
15 3.545247e-03 6.411196e-01
16 1.382871e-04 2.992015e-01
17 1.581647e-05 5.010162e-02
18 1.405905e-02 6.393784e-01
19 1.874637e-05 3.081757e-02
20 5.264816e-03 3.255373e-01
21 5.098215e-03 4.709853e-01
22 5.618819e-02 1.606459e+00
23 6.433357e-04 8.390489e-01
24 3.425364e-03 3.827133e-01
25 1.334482e-05 9.350020e-02
26 2.258216e-03 4.062754e-01
27 6.136707e-03 7.438693e-01
28 3.236363e-05 1.655568e-01
29 2.115518e-03 8.785895e-01
30 6.920202e-05 2.528691e-02
31 2.069449e-03 7.659993e-01
32 1.195039e-03 5.823415e-01
33 3.683292e-04 5.622250e-01
34 2.885267e-03 8.556556e-02
35 2.764047e-02 1.419940e+00
36 1.965025e-06 1.351889e-01
37 3.342278e-04 6.391691e-02
38 3.148492e-03 4.193145e-01
39 8.401494e-03 6.469705e-01
40 2.842269e-03 1.018140e+00
41 1.459069e-08 3.520669e-02
42 3.750390e-04 4.884959e-01
43 9.005300e-04 7.294309e-02
44 1.874491e-08 4.558032e-03
45 5.706757e-07 4.361280e-03
46 7.921014e-08 4.950923e-03
47 1.808305e-08 7.969147e-03
48 4.447885e-11 4.273827e-03
49 3.324830e-03 2.175392e-01
50 9.436705e-08 1.871513e-02
51 4.496558e-09 3.054439e-03
52 9.633526e-08 7.527215e-03
53 1.032367e-05 3.480745e-02
54 1.809999e-11 2.680093e-03
55 2.863640e-08 3.272281e-03
56 8.685036e-08 3.874865e-03
57 6.397463e-10 2.973052e-03
58 3.850134e-05 1.030561e-02
59 1.433450e-04 1.137507e-01
60 4.209181e-08 8.210511e-03
61 1.759789e-05 1.937192e-02
62 6.449365e-08 2.800664e-03
63 4.120796e-05 2.505175e-02
64 3.269102e-09 2.709168e-03
65 4.035835e-10 2.933342e-03
66 1.832851e-08 8.546564e-03
67 6.947965e-10 2.892008e-03
68 8.598469e-05 8.942531e-03
69 9.896682e-06 4.207633e-02
70 2.206139e-04 4.590346e-02
71 1.940852e-08 6.339041e-03
72 7.512029e-06 2.028191e-02
73 6.302361e-04 5.051323e-02
74 1.283066e-06 5.604509e-03
75 3.798767e-07 3.850448e-03
76 1.353120e-07 5.375063e-02
77 2.344687e-05 1.048678e-02
78 7.881304e-04 1.710053e-01
79 7.585454e-05 6.992787e-02
80 1.309375e-07 1.113622e-02
81 1.516551e-09 2.964226e-03
82 2.385224e-06 2.012928e-02
83 6.758199e-08 5.086323e-03
84 2.532273e-03 2.441002e-01
85 8.731174e-04 2.395644e-02
86 2.746389e-03 6.923148e-02
87 7.654845e-04 1.641701e-01
88 2.962124e-10 4.005223e-03
89 4.240794e-07 1.085684e-02
90 2.526649e-05 1.477290e-02
91 1.079701e-08 2.857454e-03
92 1.762700e-06 5.572247e-03
93 3.585757e-10 4.353094e-03
94 5.447799e-09 5.346939e-03
95 1.800547e-09 2.724169e-03
96 7.307643e-04 6.420981e-01
97 2.875478e-07 1.501944e-02
98 3.116084e-04 5.945910e-01
99 9.519801e-04 4.265110e-01
100 1.030628e-04 4.585853e-01
101 1.033206e-03 3.243063e-01
102 3.133442e-08 4.749473e-03
103 3.263338e-03 2.320056e-01
104 5.748947e-05 4.414128e-02
105 6.019630e-04 3.807187e-02
106 6.591983e-06 5.221865e-03
107 1.328612e-08 3.185529e-03
108 1.868784e-04 8.471287e-02
109 6.717092e-06 9.164543e-02
110 5.359867e-10 1.309764e-02
111 1.729722e-05 7.563762e-02
112 2.118763e-05 7.279283e-02
113 3.133640e-05 1.996956e-01
114 5.345326e-07 3.823866e-02
115 1.891856e-04 1.681270e-01
116 1.498735e-03 2.881685e-01
117 9.224158e-08 1.107133e-02
118 2.736969e-08 5.303139e-03
119 3.571575e-03 4.916196e-01
120 3.834877e-03 6.596790e-01
121 8.273056e-08 3.649806e-03
122 3.340353e-09 4.886319e-03
123 7.563852e-04 1.586943e-01
124 2.084057e-06 2.157653e-02
125 8.404560e-07 8.951296e-03
126 1.061281e-05 1.762434e-02
127 1.971754e-05 1.242793e-02
128 2.047190e-03 3.093559e-01
129 2.228384e-05 2.936823e-02
130 8.341769e-08 7.144973e-03
131 1.927791e-03 1.837763e-01
132 5.873352e-08 2.955024e-03
133 2.291072e-03 2.848540e-01
134 2.242333e-07 1.262960e-02
135 5.991254e-04 4.394077e-02
136 2.797009e-06 9.232246e-03
137 1.369302e-07 4.909079e-03
138 6.121838e-08 1.193881e-02
139 1.085271e-06 5.757634e-03
140 4.817994e-08 4.790725e-03
141 3.241125e-05 6.792413e-01
142 9.365215e-04 3.605890e-01
143 1.278658e-06 6.838295e-03
144 1.240006e-07 1.010198e-02
145 2.796464e-04 2.201036e-02
146 1.766899e-08 4.144621e-03
147 5.313396e-05 2.893214e-01
148 1.069547e-05 4.102944e-03
149 1.700119e-07 7.298743e-03
150 1.173858e-07 4.379019e-03
151 5.073808e-08 1.304775e-02
152 6.196381e-09 2.013585e-02
153 2.225306e-09 1.446086e-02
154 1.095927e-04 4.657157e-02
155 2.939558e-07 2.503027e-03
156 7.555753e-06 7.021459e-03
157 1.768470e-11 8.680756e-03
158 1.972186e-05 6.546727e-03
159 6.086173e-08 7.743522e-03
160 9.270186e-04 7.926340e-02
161 7.466435e-06 2.377079e-02
162 2.871269e-10 1.019458e-02
163 9.492200e-08 5.318914e-03
164 3.716871e-05 6.528728e-02
165 8.591376e-05 9.304912e-03
166 2.224297e-07 4.012737e-03
167 3.844423e-08 5.761474e-03
168 9.117539e-05 3.208501e-02
169 2.961214e-03 1.431212e-01
170 2.233025e-02 6.584341e-01
171 8.100085e-08 5.207562e-03
172 6.946992e-04 6.913321e-02
173 7.863105e-06 1.181532e-02
174 1.061611e-06 7.006007e-03
175 2.247343e-08 3.174731e-03
176 9.514469e-05 3.637908e-02
177 6.855964e-10 4.705806e-03
178 1.389633e-05 1.502550e-02
179 3.405043e-06 4.392665e-02
180 7.015147e-09 5.522284e-03
181 7.471622e-04 1.147031e-01
182 3.318815e-07 2.793891e-03
183 5.960845e-06 2.128479e-02
184 1.300949e-02 1.558096e-01
185 5.435961e-09 4.908178e-03
186 2.473697e-08 6.088308e-03
187 8.140884e-04 1.327158e-01
188 1.333915e-05 5.819882e-02
189 1.455314e-11 4.367818e-03
190 5.051415e-06 1.066658e-01
191 7.781782e-07 1.625730e-02
192 6.335430e-06 3.692057e-02
193 4.858922e-08 3.854043e-02
194 5.578799e-07 5.400490e-03
195 7.661378e-04 7.380082e-01
196 2.928783e-07 3.443422e-03
197 4.788979e-05 3.488072e-01
198 3.476200e-05 1.112240e-01
199 1.425456e-02 6.767926e-01
200 4.206407e-04 1.351193e-01
201 2.394966e-08 2.876347e-03
202 4.848467e-03 3.548829e-01
203 7.660578e-05 3.490596e-01
204 4.305193e-08 6.750834e-03
205 3.049716e-04 1.440709e-01
206 1.396913e-08 1.245555e-02
207 1.927905e-06 3.166603e-03
208 3.458576e-05 1.599597e-01
209 2.692877e-05 3.102145e-01
210 5.813022e-04 2.301642e-01
211 2.985103e-04 5.080679e-02
212 1.521306e-04 6.796717e-02
213 8.448128e-06 2.040053e-01
214 5.969988e-04 1.949469e-01
215 9.321392e-06 1.282204e-02
216 1.318021e-05 1.030513e-02
217 4.482316e-08 5.601925e-03
218 5.189933e-06 8.199955e-02
219 1.160776e-08 2.732976e-03
220 1.010887e-03 1.881473e-01
221 5.131674e-03 2.205601e-01
222 6.708900e-06 2.168526e-02
223 3.559167e-06 6.551468e-03
224 1.426531e-04 2.438025e-02
225 7.082541e-05 9.469356e-02
226 2.000203e-08 2.748207e-03
227 4.285369e-06 3.045308e-02
228 2.130248e-04 1.141849e-01
229 2.566996e-03 2.694987e-01
230 1.972586e-04 2.011891e-02
231 6.746685e-06 3.195363e-02
232 1.518325e-04 4.356784e-02
233 2.469895e-10 5.585553e-03
234 4.741426e-06 1.509004e-02
235 2.980605e-03 1.079809e-01
236 1.630980e-03 1.767156e-01
237 7.945073e-09 4.653679e-03
238 3.532252e-05 1.918484e-02
239 6.827927e-05 2.742153e-02
240 1.106203e-06 3.197042e-02
241 2.348659e-05 5.393211e-02
242 1.019769e-06 7.889355e-03
243 2.248975e-09 2.945806e-03
244 5.830052e-06 1.782460e-02
245 1.133485e-04 5.487060e-02
246 4.274549e-04 2.717617e-01
247 2.084525e-05 3.596832e-02
248 3.698132e-05 1.806226e-01
249 4.720374e-04 1.658044e-01
250 5.448512e-05 9.910872e-02
251 2.629669e-07 3.125843e-03
252 5.893699e-04 3.222294e-01
253 2.114742e-06 3.554003e-02
254 1.744918e-03 1.080632e-01
255 5.686565e-08 5.809680e-03
256 4.392915e-12 2.411318e-03
257 5.508975e-06 3.493069e-02
258 4.324005e-04 8.833900e-02
259 2.592438e-05 9.512339e-03
260 1.550842e-05 2.520689e-02
261 4.297542e-05 1.970098e-02
262 2.325675e-10 2.746117e-03
263 8.602918e-08 1.251203e-02
264 3.091749e-03 1.981940e-01
265 2.388708e-03 5.082426e-02
266 1.055580e-04 2.277095e-02
267 1.934157e-06 1.355097e-02
268 6.671907e-08 4.230113e-03
269 1.777854e-08 8.206972e-03
270 4.967474e-13 3.210816e-03
271 5.825974e-05 1.312542e-01
272 1.320082e-06 1.005140e-02
273 3.447920e-06 2.100768e-01
274 1.045862e-04 1.219137e-02
275 5.860936e-05 6.371575e-03
276 4.569780e-10 6.606329e-03
277 2.443952e-06 1.514281e-02
278 3.942349e-07 2.876420e-02
279 4.144409e-08 9.720557e-03
280 4.667996e-03 4.163135e-01
281 5.115194e-04 2.002515e-01
282 1.895829e-07 1.144583e-02
283 1.914029e-05 9.146720e-02
284 2.072809e-07 1.573737e-02
285 9.286651e-04 1.784307e-01
286 2.978389e-09 4.100781e-03
287 9.413163e-04 2.242664e-02
288 3.696120e-05 2.014155e-02
289 1.006104e-05 1.647972e-02
290 2.873066e-05 8.298320e-02
291 1.267126e-10 3.418391e-03
292 1.115299e-06 1.443984e-02
293 2.558748e-11 6.291494e-03
294 1.690212e-09 3.035277e-03
295 2.574153e-07 7.235033e-02
296 9.710476e-05 2.537803e-01
297 2.231512e-05 1.525036e-02
298 3.182744e-09 4.839942e-03
299 9.716114e-08 7.425801e-03
300 6.597794e-06 6.896248e-02
301 5.280070e-03 3.997220e-01
302 1.480145e-04 1.215064e-01
303 8.639242e-07 5.538907e-02
304 1.040073e-05 5.220417e-03
305 5.764568e-04 2.493255e-01
306 1.476820e-04 3.583076e-03
307 1.721484e-03 2.311947e-01
308 1.901273e-05 4.533397e-03
309 7.446470e-03 2.024128e-01
310 3.724603e-08 1.111025e-02
311 1.648648e-05 1.101339e-02
312 1.004175e-05 4.501775e-02
313 7.455441e-04 1.769920e-01
314 2.980590e-07 8.520174e-03
315 4.752319e-05 1.630192e-02
316 9.678715e-04 6.447855e-01
317 7.936751e-05 5.454865e-02
318 4.591521e-04 2.605511e-01
319 1.964655e-04 1.670929e-02
320 9.032610e-06 2.362841e-02
321 6.744427e-07 4.002234e-03
322 1.900269e-10 4.721322e-03
323 1.059334e-02 7.667812e-01
324 2.381688e-08 3.442875e-02
325 4.622592e-04 3.717261e-02
326 3.801327e-07 9.606418e-03
327 2.761870e-06 1.523135e-02
328 1.126365e-05 1.740767e-02
329 1.352707e-03 1.174517e-01
330 1.758087e-05 5.641000e-03
331 3.661592e-04 1.799664e-01
332 4.520615e-06 1.622733e-02
333 4.511646e-08 6.105226e-03
334 1.404890e-05 2.874870e-02
335 3.255582e-11 4.417454e-03
336 8.654771e-08 5.609906e-03
337 1.450969e-09 3.127914e-03
338 4.369451e-03 1.613316e-01
339 1.659029e-04 1.269973e-01
340 1.385066e-07 3.009043e-02
341 3.731700e-05 1.327249e-01
342 5.007983e-04 2.281335e-01
343 6.788843e-10 8.551402e-03
344 1.525614e-04 7.097234e-02
345 2.379215e-03 1.056149e+00
346 4.308669e-06 5.534887e-02
347 5.349866e-11 3.186262e-03
348 5.542517e-03 4.189581e-01
349 1.016971e-03 1.662410e-02
350 1.492857e-08 7.125984e-03
351 2.057932e-02 3.390459e-01
352 7.767422e-06 3.178687e-02
353 2.009101e-07 3.544405e-03
354 2.973277e-03 8.240177e-02
355 4.967326e-04 3.795681e-02
356 7.873944e-06 1.913994e-02
357 8.966371e-04 3.215146e-01
358 2.445449e-06 1.644482e-02
359 3.183952e-07 4.240487e-03
360 1.882189e-08 3.776205e-02
361 6.595575e-03 4.827679e-02
362 1.861597e-05 5.689172e-02
363 2.480008e-03 4.796228e-01
364 4.899536e-03 3.308766e-01
365 2.653516e-07 3.494489e-02
366 8.962817e-06 4.965322e-02
367 4.512502e-07 5.222986e-03
368 1.613724e-03 2.988101e-01
369 4.714962e-07 6.404447e-03
370 2.172536e-07 1.283768e-02
371 4.390241e-07 7.747658e-02
372 3.820801e-03 1.387106e-01
373 1.683530e-06 5.089457e-03
374 1.892898e-10 4.621855e-03
375 6.657251e-09 2.766014e-03
376 2.947279e-05 4.111727e-03
377 6.653399e-04 4.900856e-01
378 1.046609e-08 5.544180e-03
379 5.247183e-05 1.220416e-01
380 8.016679e-04 6.426043e-01
381 6.360169e-06 2.457555e-02
382 1.521010e-07 4.643283e-03
383 5.267834e-05 1.212352e-01
384 4.379872e-06 3.017352e-02
385 6.089515e-04 2.641707e-02
386 4.914480e-07 3.005093e-03
387 2.592094e-05 1.571184e-02
388 1.307738e-04 2.232065e-01
389 4.075690e-07 1.967821e-02
390 1.394982e-04 6.689320e-02
391 1.135749e-05 3.324075e-02
392 3.559027e-04 3.116168e-01
393 1.093815e-08 3.752558e-03
394 1.290539e-03 5.739894e-01
395 2.621964e-05 2.709213e-02
396 1.127137e-08 1.448060e-02
397 4.132992e-05 7.101738e-02
398 2.034214e-09 5.555242e-03
399 1.338678e-06 6.556051e-02
400 8.272285e-07 2.558888e-02
401 9.317084e-10 2.967365e-03
402 3.918316e-07 1.019083e-02
403 2.937604e-05 1.494045e-01
404 2.260821e-07 1.642210e-02
405 3.990715e-08 9.416250e-03
406 1.538463e-03 4.775901e-01
407 4.765361e-05 7.937277e-02
408 1.474304e-06 3.033591e-02
409 1.119661e-05 3.854255e-02
410 5.153364e-06 7.814816e-03
411 1.454618e-07 5.110544e-03
412 2.696289e-04 7.422646e-02
413 3.062360e-04 2.240040e-02
414 7.666153e-05 2.764562e-02
415 4.186203e-11 2.579058e-03
416 1.273045e-04 1.156673e-01
417 4.379201e-06 7.938260e-03
418 2.657245e-03 3.703856e-01
419 2.700787e-04 2.047565e-01
420 6.495910e-06 1.058568e-01
421 1.014308e-07 7.545566e-03
422 1.635157e-06 3.113822e-02
423 4.257795e-05 2.081232e-02
424 1.366429e-06 1.987682e-02
425 2.792601e-03 4.595890e-01
426 4.801375e-05 1.040293e-02
427 1.116456e-04 7.850567e-02
428 3.150381e-05 1.057044e-01
429 1.304753e-08 1.573363e-02
430 9.616575e-05 1.310955e-02
431 5.998786e-10 2.443189e-03
432 1.556462e-05 1.030502e-02
433 1.359527e-09 2.831386e-03
434 2.613832e-07 3.971715e-03
435 3.936108e-03 3.079024e-01
436 9.382221e-08 3.401130e-03
437 4.868260e-03 4.341188e-01
438 4.667584e-09 4.796884e-03
439 7.719671e-08 4.446609e-03
440 1.873573e-04 1.012764e-02
441 8.012155e-05 1.596100e-02
442 1.283806e-08 4.753160e-03
443 1.373251e-06 5.241056e-03
444 5.409836e-05 2.032550e-02
445 1.521798e-03 1.457699e-01
446 1.419652e-05 3.507556e-02
447 5.591005e-07 4.067370e-03
448 1.489189e-03 5.419101e-02
449 1.496572e-09 6.232214e-03
450 3.707142e-06 2.193444e-02
451 8.292504e-10 2.606707e-03
452 1.044912e-03 3.665380e-01
453 2.656771e-07 1.059206e-02
454 2.445948e-04 3.766128e-02
455 1.889667e-06 1.263423e-02
456 9.611269e-05 2.211155e-02
457 4.568482e-05 2.019298e-01
458 1.974728e-06 1.102393e-01
459 8.114582e-07 1.979864e-02
460 1.554910e-03 1.119883e-01
461 5.854094e-08 4.428677e-03
462 4.471606e-08 7.748651e-03
463 2.010674e-03 1.970541e-01
464 3.170541e-07 1.296595e-02
465 2.558447e-06 8.938348e-03
466 3.750156e-06 3.781469e-03
467 4.277701e-08 1.493783e-02
468 1.894037e-13 2.943654e-03
469 5.349970e-04 6.845967e-02
470 8.913818e-04 1.315843e-01
471 1.691583e-06 6.355812e-03
472 1.870380e-05 5.500054e-03
473 2.269675e-03 1.145861e-01
474 1.660302e-03 6.486905e-02
475 5.367284e-08 6.283750e-03
476 2.489565e-06 1.005398e-02
477 6.891698e-03 3.458781e-01
478 1.402538e-07 3.488957e-03
479 2.265538e-06 4.699130e-03
480 2.575377e-05 8.961211e-03
481 4.255753e-04 4.154700e-02
482 1.769596e-06 2.370722e-02
483 8.523451e-09 2.810204e-03
484 1.618214e-07 3.794875e-03
485 1.339124e-05 4.691144e-03
486 8.693742e-06 2.535898e-02
487 1.406977e-05 1.649108e-02
488 5.256153e-08 2.705122e-03
489 6.494733e-03 7.867108e-01
490 1.148066e-05 7.103171e-02
491 2.865749e-03 1.463058e-01
492 3.107177e-03 1.690098e-01
493 2.112477e-07 3.479111e-03
494 3.322323e-03 5.576502e-01
495 6.331060e-03 7.721880e-01
496 7.620345e-08 2.615917e-03
497 2.201591e-05 3.247830e-02
498 5.739213e-09 7.095793e-03
499 2.051470e-07 4.512107e-03
500 5.059404e-08 4.242306e-03
501 3.144539e-03 2.108588e-01
502 3.657870e-08 1.441599e-02
503 5.302474e-07 9.600315e-03
504 2.060496e-04 4.637017e-01
505 1.835078e-03 2.557042e-02
506 6.179914e-08 1.494479e-02
507 3.336403e-08 5.699284e-03
508 1.327557e-08 3.907978e-03
509 1.055534e-03 1.037935e-01
510 1.697693e-06 1.276734e-02
511 1.199311e-03 2.336954e-01
512 4.243065e-07 4.279252e-03
513 1.393374e-07 3.642881e-03
514 2.922544e-08 3.986011e-03
515 3.122575e-03 9.110292e-02
516 1.255726e-07 6.128665e-03
517 4.307410e-09 2.725447e-03
518 6.781036e-08 6.518191e-03
519 2.352968e-07 9.555580e-03
520 2.091562e-06 8.503709e-03
521 1.363899e-07 7.355901e-03
522 7.747230e-06 1.429611e-02
523 3.000409e-05 3.763005e-02
524 1.003118e-07 3.407424e-03
525 3.131145e-07 4.945320e-03
526 7.919540e-08 5.861092e-03
527 7.883649e-10 3.308516e-03
528 5.828392e-03 1.728146e-01
529 1.222868e-02 8.080650e-01
530 2.134029e-05 2.511316e-02
531 2.847098e-09 2.605516e-03
532 2.109559e-07 5.970294e-03
533 2.466026e-04 1.631264e-02
534 1.412475e-09 6.601802e-02
535 5.468440e-04 4.723381e-02
536 2.823574e-04 2.092369e-01
537 3.731738e-04 2.467016e-01
538 2.317247e-03 5.280184e-01
539 1.808212e-07 8.256671e-03
540 1.832625e-06 1.841926e-02
541 1.046915e-03 1.917693e-01
542 2.404698e-04 1.878981e-01
543 1.247526e-07 7.640213e-03
544 5.082197e-05 2.966817e-02
545 3.209701e-08 1.105921e-02
546 1.920623e-07 1.289610e-02
547 2.230538e-02 5.658348e-01
548 2.216838e-03 4.567463e-01
549 4.306853e-05 5.546806e-02
550 4.426761e-05 1.818475e-02
551 3.200289e-05 1.104822e-02
552 5.398574e-06 5.901017e-03
553 1.154731e-06 3.971091e-03
554 1.753416e-08 6.229163e-03
555 2.610346e-06 2.061383e-02
556 4.138445e-05 2.030864e-02
557 6.089703e-04 1.539064e-01
558 3.299687e-04 2.644558e-02
559 1.556206e-03 1.207241e-01
560 1.440138e-05 4.318938e-03
561 7.490614e-06 1.727695e-02
562 4.300443e-11 2.855363e-03
563 2.097767e-03 3.998630e-01
564 1.162369e-03 5.494606e-02
565 5.671520e-05 1.440082e-02
566 1.434770e-06 6.967278e-03
567 2.980558e-03 3.196285e-01
568 6.937979e-08 6.033216e-02
569 7.286360e-05 3.016903e-02
570 3.239050e-06 1.138859e-02
571 4.370853e-03 4.311992e-01
572 1.328161e-06 7.900262e-03
573 2.133272e-04 1.365778e-01
574 6.018233e-05 1.962097e-02
575 7.200436e-06 4.315749e-03
576 1.788479e-03 7.856307e-02
577 5.103873e-08 3.231162e-02
578 1.782283e-04 1.634807e-01
579 6.033930e-05 9.229393e-03
580 1.205141e-03 6.115830e-01
581 1.236900e-02 4.151981e-01
582 1.233654e-06 2.612736e-02
583 1.022667e-05 8.419112e-02
584 8.386659e-07 3.161895e-02
585 1.122113e-07 5.969487e-03
586 5.444830e-05 8.310515e-02
587 1.009989e-06 1.329459e-02
588 2.219437e-03 3.858238e-01
589 1.223484e-03 3.720196e-01
590 1.304839e-04 2.118257e-01
591 1.391854e-06 9.226545e-03
592 6.985711e-05 2.885048e-02
593 2.982968e-07 1.387035e-02
594 7.771041e-06 2.187434e-02
595 2.501106e-05 1.468509e-01
596 8.827496e-06 1.650023e-02
597 1.277409e-05 1.619345e-02
598 6.093630e-08 1.208700e-02
599 4.896632e-07 1.332887e-02
600 3.619167e-06 1.929235e-02
601 1.463688e-06 5.457226e-03
