1 1.928985e-03 3.131871e-02
2 1.435730e-03 4.486479e-02
3 5.394405e-05 1.094453e-02
4 1.274829e-05 3.765617e-03
5 8.664817e-07 2.606557e-03
6 1.862865e-02 3.639913e-01
7 1.236082e-02 7.929535e-01
8 2.014517e-03 2.492040e-01
9 9.931138e-06 3.457882e-02
10 3.979704e-03 1.383099e-01
11 7.874219e-06 4.754089e-03
12 2.824583e-04 7.970891e-03
13 7.531866e-03 1.404808e-01
14 2.782623e-04 1.070048e-02
15 7.402351e-03 8.370431e-02
16 3.557885e-03 4.936336e-02
17 1.258375e-05 6.283840e-03
18 6.567416e-04 2.724523e-02
19 4.763101e-03 9.703907e-02
20 2.291495e-06 3.037576e-03
21 9.908721e-03 4.189459e-01
22 9.901634e-05 7.851243e-03
23 1.633706e-05 2.916620e-03
24 9.255644e-04 2.974431e-02
25 2.098407e-04 9.237751e-03
26 1.339841e-04 1.225225e-02
27 4.314788e-05 7.292462e-03
28 7.210371e-06 4.270885e-03
29 1.258032e-02 1.848401e-01
30 1.269115e-02 5.595250e-01
31 4.464779e-04 6.719224e-02
32 7.265313e-03 9.558504e-02
33 3.671614e-06 2.811085e-03
34 1.000420e-06 4.793669e-03
35 9.132130e-04 2.449880e-02
36 6.318826e-03 3.271943e-01
37 2.041596e-06 3.776128e-03
38 5.078101e-05 5.129748e-02
39 4.364210e-06 2.516253e-03
40 4.612911e-05 4.717193e-03
41 8.426691e-04 1.100243e-01
42 6.206018e-04 9.226361e-02
43 1.614950e-04 4.596664e-02
44 1.145865e-04 5.098306e-03
45 5.700674e-04 3.453605e-02
46 9.128426e-05 4.795397e-03
47 2.773280e-03 1.251605e-01
48 9.686660e-07 2.120259e-02
49 1.935815e-06 5.298558e-03
50 2.160669e-02 2.993762e-01
51 2.051492e-03 4.743639e-02
52 1.484305e-03 2.107007e-02
53 5.133666e-06 2.642904e-03
54 4.850021e-06 3.040365e-03
55 1.716660e-04 7.842413e-03
56 1.807090e-03 2.986587e-02
57 3.255461e-04 6.133777e-02
58 9.070712e-04 3.554737e-02
59 5.250403e-03 5.367240e-02
60 7.436324e-04 4.518174e-02
61 1.223633e-02 3.050921e-01
62 3.177389e-03 5.334222e-02
63 8.978333e-07 3.756612e-03
64 8.401956e-05 2.877855e-02
65 7.892166e-04 1.746608e-01
66 1.070884e-06 2.668608e-03
67 1.243759e-04 3.856993e-02
68 6.381632e-06 6.576216e-03
69 2.441353e-04 6.857599e-03
70 4.689826e-06 1.151078e-02
71 2.237723e-03 7.664003e-02
72 3.145439e-06 4.383768e-03
73 1.866748e-06 4.337022e-03
74 6.401316e-04 8.441108e-02
75 9.385071e-07 3.014571e-03
76 9.693801e-05 1.084799e-02
77 1.606642e-07 5.686674e-03
78 5.503492e-03 2.013268e-01
79 6.046483e-03 1.424292e-01
80 6.019988e-05 6.004660e-02
81 9.375428e-07 4.241559e-03
82 2.198984e-06 3.913108e-03
83 2.071022e-06 4.268024e-03
84 1.603966e-05 6.745460e-03
85 4.883508e-04 1.173277e-01
86 5.228254e-05 2.864497e-02
87 1.091327e-06 3.791528e-03
88 8.091416e-06 7.609361e-03
89 1.839357e-03 8.142386e-02
90 2.374608e-03 3.630021e-02
91 4.049811e-07 3.996891e-03
92 5.594442e-03 4.007501e-01
93 3.692536e-05 4.773667e-03
94 5.016195e-06 5.779363e-03
95 1.480897e-03 1.916328e-02
96 1.299289e-05 4.562912e-03
97 2.206590e-05 1.288482e-02
98 6.372238e-06 4.897076e-03
99 5.739734e-06 3.687653e-03
100 3.198291e-02 1.091375e+00
101 4.858570e-05 9.309122e-03
102 1.768798e-05 7.042936e-03
103 3.806737e-03 8.023155e-02
104 4.712582e-04 5.332832e-02
105 1.638295e-04 3.142233e-02
106 4.552967e-05 5.919952e-03
107 6.464314e-06 3.889203e-03
108 3.342825e-05 4.064715e-03
109 4.213422e-05 1.085287e-02
110 2.149792e-04 6.726528e-02
111 6.319183e-06 8.981554e-03
112 1.331411e-05 3.408620e-03
113 2.163788e-03 2.328900e-02
114 1.345293e-03 2.788018e-02
115 1.094937e-02 4.860206e-01
116 1.627311e-03 1.036601e-01
117 4.528418e-03 9.918210e-02
118 1.212243e-02 4.664352e-01
119 7.667500e-04 1.208191e-02
120 8.200081e-04 5.469272e-02
121 1.026787e-03 5.680652e-02
122 1.176134e-04 2.418901e-02
123 4.113113e-07 6.337005e-03
124 3.575611e-05 9.026952e-03
125 1.408958e-05 9.478302e-03
126 4.718106e-04 4.063417e-02
127 8.394211e-05 6.309280e-03
128 2.460676e-04 1.673150e-02
129 3.307507e-05 1.631465e-02
130 4.965387e-06 7.165347e-03
131 2.780520e-05 7.402224e-03
132 3.712090e-05 1.962121e-02
133 8.359507e-05 1.240682e-02
134 6.432891e-04 5.435500e-02
135 2.820780e-05 7.962372e-03
136 3.426410e-05 1.253564e-02
137 7.192494e-05 1.368169e-02
138 1.235390e-05 1.103033e-02
139 3.199030e-05 1.147088e-02
140 5.104421e-06 5.595231e-03
141 1.372117e-05 1.099755e-02
142 2.043219e-06 1.042467e-02
143 5.077136e-06 6.704498e-03
144 3.174020e-05 1.396629e-02
145 3.166741e-05 7.592276e-03
146 6.131310e-06 6.759190e-03
147 9.963236e-05 1.472411e-02
148 5.316609e-06 1.083622e-02
149 5.480147e-06 1.185592e-02
150 5.200620e-06 6.108288e-03
151 1.607305e-05 1.400420e-02
152 3.197693e-05 5.767628e-03
153 7.988525e-05 1.371761e-02
154 2.994565e-05 1.296175e-02
155 3.280331e-05 1.195615e-02
156 2.184552e-04 1.772055e-02
157 1.286089e-05 7.961595e-03
158 8.346258e-05 1.739450e-02
159 2.216182e-04 2.212142e-02
160 4.925747e-04 1.929670e-02
161 4.009849e-05 1.847625e-02
162 2.148421e-04 1.617254e-02
163 3.750411e-05 2.220259e-02
164 3.002262e-05 9.124760e-03
165 4.790456e-06 4.773063e-03
166 2.886572e-05 5.517650e-03
167 7.626456e-05 1.000277e-02
168 3.559438e-05 1.032137e-02
169 1.120207e-04 1.330378e-02
170 1.214753e-04 2.933718e-02
171 6.764242e-06 2.093809e-02
172 1.450459e-05 7.373576e-03
173 1.286012e-04 2.149977e-02
174 2.402774e-03 1.059007e-01
175 4.275001e-05 1.769912e-02
176 2.769283e-04 2.900625e-02
177 4.573833e-05 2.119816e-02
178 2.942818e-04 2.393057e-02
179 2.982424e-04 2.548495e-02
180 3.004838e-04 2.754446e-02
181 1.038735e-04 9.117787e-03
182 2.637689e-04 2.650025e-02
183 2.704856e-04 2.414814e-02
184 8.306182e-04 4.047118e-02
185 3.200246e-04 2.280939e-02
186 1.155603e-04 1.906524e-02
187 1.276070e-04 1.373046e-02
188 4.034686e-05 8.482819e-03
189 9.234524e-04 3.131588e-02
190 3.213139e-04 1.446949e-02
191 6.758785e-04 3.839417e-02
192 4.032192e-05 1.258859e-02
193 2.809320e-04 3.709256e-02
194 4.032192e-05 1.258859e-02
195 3.048178e-04 1.677514e-02
196 6.547431e-04 3.338239e-02
197 2.942711e-04 2.192068e-02
198 2.542597e-04 1.970247e-02
199 9.130014e-05 1.817170e-02
200 3.200236e-05 5.148452e-03
201 1.794626e-05 1.238264e-02
202 4.705390e-05 2.109867e-02
203 1.238583e-05 5.694860e-03
204 1.140300e-04 1.774313e-02
205 2.214766e-04 2.273885e-02
206 1.512426e-05 1.172911e-02
207 7.566109e-05 7.287787e-03
208 1.205239e-04 2.471661e-02
209 4.032192e-05 1.258859e-02
210 2.277267e-04 1.742245e-02
211 2.141577e-04 1.374860e-02
212 5.781991e-04 4.307321e-02
213 6.995301e-04 4.603209e-02
214 1.976837e-06 3.740524e-03
215 9.907775e-05 1.948217e-02
216 8.179480e-04 5.888800e-02
217 4.339604e-05 1.505193e-02
218 2.287013e-04 1.774906e-02
219 1.892092e-05 1.449200e-02
220 1.462836e-05 1.502945e-02
221 3.196706e-04 3.837186e-02
222 1.053491e-04 2.914139e-02
223 1.919984e-03 1.097526e-01
224 7.654432e-05 5.470992e-03
225 3.191540e-05 8.080087e-03
226 1.067074e-05 3.188461e-03
227 1.278062e-05 6.551894e-03
228 3.191540e-05 8.080087e-03
229 3.937866e-05 1.365465e-02
230 3.937866e-05 1.365465e-02
231 9.354684e-05 1.393713e-02
232 9.354684e-05 1.393713e-02
233 1.334977e-05 6.847050e-03
234 1.773247e-06 4.951062e-03
235 1.334977e-05 6.847050e-03
236 2.060831e-06 5.270412e-03
237 1.334977e-05 6.847050e-03
238 1.334977e-05 6.847050e-03
239 1.334977e-05 6.847050e-03
240 1.334977e-05 6.847050e-03
241 1.773247e-06 4.951062e-03
242 1.417966e-05 1.581181e-02
243 2.112462e-06 4.736550e-03
244 1.381831e-05 7.572164e-03
245 1.334977e-05 6.847050e-03
246 1.334977e-05 6.847050e-03
247 1.773247e-06 4.951062e-03
248 1.334977e-05 6.847050e-03
249 1.334977e-05 6.847050e-03
250 1.334977e-05 6.847050e-03
251 4.747981e-06 6.815740e-03
252 5.536074e-06 6.248570e-03
253 7.353557e-07 4.734390e-03
254 1.242581e-05 8.119985e-03
255 5.230660e-06 8.061936e-03
256 7.101022e-07 4.663428e-03
257 4.747981e-06 6.815740e-03
258 3.269033e-04 5.555656e-02
259 1.217521e-04 3.303368e-02
260 3.134367e-04 3.516066e-02
261 3.178474e-04 6.340653e-02
262 4.383977e-05 1.381697e-02
263 1.202607e-04 2.453843e-02
264 1.962494e-03 3.630749e-02
265 7.447707e-04 2.567648e-02
266 2.135498e-03 9.612729e-02
267 2.307287e-04 8.787842e-03
268 3.462717e-05 6.514099e-03
269 3.166261e-04 1.337769e-02
270 9.852533e-05 1.218779e-02
271 1.379163e-05 5.749825e-03
272 4.068205e-05 1.041810e-02
273 2.770209e-04 1.270243e-02
274 3.743744e-05 1.067123e-02
275 6.840758e-04 2.140631e-02
276 8.966285e-04 5.792189e-02
277 3.002311e-04 2.091607e-02
278 3.134367e-04 3.516066e-02
279 3.002311e-04 2.091607e-02
280 2.493823e-04 1.011887e-02
281 1.038293e-04 9.147368e-03
282 3.462717e-05 6.514099e-03
283 1.379163e-05 5.749825e-03
284 3.134367e-04 3.516066e-02
285 5.487555e-03 1.027358e-01
286 5.021624e-03 1.536086e-01
287 7.110411e-04 4.969753e-02
288 9.086567e-05 1.013992e-02
289 3.061287e-04 4.546757e-02
290 2.176864e-03 1.109429e-01
291 2.049458e-03 4.247726e-02
292 2.848942e-04 2.970771e-02
293 2.629400e-03 5.948965e-01
294 9.578489e-05 1.184893e-02
295 8.331419e-03 2.212381e-01
296 2.808569e-03 1.271990e-01
297 1.184601e-02 5.118542e-01
298 4.352763e-03 1.233710e-01
299 5.628810e-04 2.284271e-02
300 3.918136e-05 1.605041e-02
301 3.154047e-04 3.152171e-02
302 6.199316e-04 3.668988e-02
303 2.410431e-04 1.178028e-02
304 7.046257e-04 2.955715e-02
305 2.422998e-04 2.334330e-02
306 1.027397e-05 3.849231e-03
307 1.220202e-05 6.402713e-03
308 2.653983e-04 3.179238e-02
309 1.787333e-03 3.847240e-02
310 1.284555e-05 7.263754e-03
311 8.734018e-05 1.179757e-02
312 1.081516e-04 1.319430e-02
313 7.875786e-05 4.937974e-03
314 2.818234e-05 6.825845e-03
315 5.412586e-06 7.051768e-03
316 1.745802e-03 6.562627e-02
317 8.388010e-07 4.944791e-03
318 5.370867e-06 5.407114e-03
319 3.133030e-04 5.554035e-02
320 5.239381e-06 4.068336e-03
321 1.413560e-05 1.279591e-02
322 2.950537e-04 2.379855e-02
323 3.401251e-03 2.410265e-01
324 4.417762e-05 4.756923e-03
325 4.492871e-05 8.991952e-03
326 7.892883e-05 1.905670e-02
327 3.605145e-05 4.732716e-02
328 2.284699e-04 5.521137e-02
329 3.846716e-03 4.464409e-02
330 4.659034e-03 6.887051e-02
331 7.292426e-04 1.449302e-01
332 1.225876e-02 3.039823e-01
333 1.755826e-03 2.368966e-01
334 6.453929e-04 8.123147e-02
335 2.313363e-04 1.753435e-02
336 6.150532e-03 2.860678e-01
337 4.044979e-03 6.794249e-02
338 1.060347e-05 1.554387e-02
339 6.298018e-04 2.740375e-02
340 1.938649e-06 5.462778e-03
341 7.369366e-07 4.280463e-03
342 3.074625e-05 8.512232e-03
343 2.499071e-04 1.315992e-02
344 3.830019e-05 8.858981e-03
345 7.652733e-07 3.215285e-03
346 8.907112e-05 4.936879e-03
347 3.939393e-05 8.127207e-03
348 3.748702e-05 8.499037e-03
349 1.034539e-04 1.169629e-02
350 1.385434e-05 4.362720e-03
351 8.015114e-05 4.991662e-03
352 2.991064e-07 3.024036e-03
353 5.761307e-06 4.914570e-03
354 2.168892e-06 3.846211e-03
355 2.517024e-04 3.486251e-02
356 6.624444e-07 2.701225e-03
357 6.947228e-05 4.942457e-03
358 6.372801e-04 4.532184e-02
359 1.380106e-05 5.407541e-03
360 1.204696e-05 5.351878e-03
361 1.303853e-05 6.375654e-03
362 1.221318e-04 1.464938e-02
363 2.726276e-05 3.385863e-03
364 2.991064e-07 3.024036e-03
365 9.405368e-05 1.416807e-02
366 9.280044e-05 2.414270e-02
367 3.766980e-05 1.099727e-02
368 1.034539e-04 1.169629e-02
369 9.280044e-05 2.414270e-02
370 5.244629e-05 8.037446e-03
371 5.334052e-05 6.341990e-03
372 3.372832e-03 2.637188e-01
373 3.107957e-05 4.253141e-02
374 1.067099e-02 2.713669e-01
375 3.506512e-05 3.640222e-02
376 1.292347e-03 1.404009e-01
377 1.884326e-04 5.004346e-02
378 1.796864e-03 6.575607e-02
379 4.087704e-06 3.391099e-03
380 3.034707e-05 1.018741e-02
381 1.910885e-04 7.255383e-03
382 2.480337e-03 3.391450e-02
383 1.687890e-04 6.374720e-03
384 1.543739e-04 5.605688e-03
385 2.232794e-04 1.351352e-02
386 1.393955e-03 7.814887e-02
387 7.955061e-05 6.752147e-03
388 3.784725e-03 5.362093e-02
389 4.598206e-03 1.307516e-01
390 3.708789e-04 1.614126e-02
391 8.756509e-04 4.447294e-02
392 7.010089e-03 2.275254e-01
393 5.330524e-03 1.817035e-01
394 6.540089e-04 2.554702e-02
395 3.400503e-04 4.084443e-02
396 4.121902e-05 1.168281e-02
397 1.694838e-05 7.029589e-03
398 7.886004e-04 2.943355e-02
399 6.787257e-06 1.263830e-02
400 4.873078e-05 2.602416e-02
401 6.378638e-06 8.762079e-03
402 1.693720e-05 9.905298e-03
403 6.438684e-06 1.088875e-02
404 6.378638e-06 8.762079e-03
405 4.646011e-05 2.082047e-02
406 1.069462e-04 3.870846e-02
407 6.378638e-06 8.762079e-03
408 3.006977e-04 3.941370e-02
409 8.214857e-03 3.052916e-01
410 6.105240e-06 6.726749e-03
411 1.693720e-05 9.905298e-03
412 1.890283e-05 1.326083e-02
413 4.165484e-05 7.332106e-03
414 3.948834e-05 1.148384e-02
415 4.897533e-05 2.310769e-02
416 6.105240e-06 6.726749e-03
417 2.510904e-06 6.402943e-03
418 1.649591e-03 2.598133e-02
419 1.721870e-03 4.182747e-02
420 5.791300e-06 3.924296e-03
421 9.845173e-05 7.334432e-03
422 9.711804e-05 1.227657e-02
423 1.005652e-06 5.915061e-03
424 4.396542e-05 1.118502e-02
425 1.360873e-04 1.950692e-02
426 1.025034e-04 1.283790e-02
427 4.396542e-05 1.118502e-02
428 7.182241e-06 7.747240e-03
429 1.142280e-06 7.634004e-03
430 4.489458e-05 1.134471e-02
431 3.109581e-06 9.243827e-03
432 1.005652e-06 5.915061e-03
433 1.360873e-04 1.950692e-02
434 1.798090e-05 8.589797e-03
435 1.075483e-06 5.668214e-03
436 3.397818e-04 2.777701e-02
437 4.773957e-05 7.706532e-03
438 7.302254e-06 7.664406e-03
439 3.281627e-04 2.606122e-02
440 4.546743e-05 8.243487e-03
441 1.086994e-04 9.689125e-03
442 1.786238e-02 3.022429e-01
443 3.425009e-03 2.397558e-01
444 4.780786e-03 3.329211e-01
445 3.134425e-03 1.023441e-01
446 1.958542e-06 2.647814e-03
447 2.108088e-06 4.167655e-03
448 2.194383e-06 4.019591e-03
449 1.414220e-05 4.433046e-03
450 7.770168e-07 3.038314e-03
451 2.324252e-04 9.337857e-03
452 2.150164e-03 7.715402e-02
453 1.130255e-05 4.175320e-03
454 3.870263e-05 1.170317e-02
455 5.348405e-06 6.411725e-03
456 4.756072e-06 3.597294e-03
457 1.316425e-05 2.890628e-03
458 2.108088e-06 4.167655e-03
459 1.777389e-02 3.098811e-01
460 3.881717e-04 6.437288e-02
461 2.650706e-04 3.413132e-02
462 4.002779e-05 1.374510e-02
463 1.316153e-05 4.397037e-03
464 4.868936e-06 4.231371e-03
465 9.908567e-05 7.280473e-03
466 1.204180e-05 4.260939e-03
467 9.908567e-05 7.280473e-03
468 3.297431e-05 5.696809e-03
469 3.380496e-05 4.924212e-03
470 3.287552e-05 3.033533e-03
471 1.316153e-05 4.397037e-03
472 4.639837e-06 3.559272e-03
473 1.949780e-06 4.000824e-03
474 4.639837e-06 3.559272e-03
475 5.228315e-04 1.058806e-02
476 4.900326e-04 1.003426e-02
477 8.057053e-05 6.963651e-03
478 1.348705e-03 1.687668e-02
479 1.604784e-04 6.423695e-03
480 1.197145e-03 1.297150e-02
481 1.542121e-03 2.646119e-02
482 6.077618e-04 1.953815e-02
483 2.421380e-04 1.496862e-02
484 2.979674e-05 3.829136e-03
485 7.273339e-05 5.363055e-03
486 2.403729e-04 1.331961e-02
487 2.270192e-04 9.782936e-03
488 7.507413e-05 6.315178e-03
489 8.947650e-03 3.165532e-01
490 3.272550e-05 8.894409e-03
491 3.272550e-05 8.894409e-03
492 1.193466e-05 5.659452e-03
493 3.272550e-05 8.894409e-03
494 3.008554e-05 4.388651e-03
495 6.873706e-05 5.028854e-03
496 1.126693e-05 4.077165e-03
497 7.785386e-05 8.381876e-03
498 1.131750e-05 4.312239e-03
499 7.281228e-05 4.854747e-03
500 1.131750e-05 4.312239e-03
501 1.028838e-02 1.804200e-01
502 3.287800e-05 8.406823e-03
503 9.078733e-05 1.558740e-02
504 8.762462e-05 1.909009e-02
505 3.272550e-05 8.894409e-03
506 5.008965e-04 1.793580e-02
507 3.339281e-05 7.912418e-03
508 1.215900e-05 4.319011e-03
509 2.678008e-04 4.190944e-02
510 1.215900e-05 4.319011e-03
511 6.697854e-04 4.340866e-02
512 2.074237e-04 2.041004e-02
513 1.561575e-03 5.282494e-02
514 2.400652e-03 2.639497e-01
515 1.341484e-04 3.483527e-02
516 1.060792e-04 2.610247e-02
517 3.234872e-04 4.626440e-02
518 1.060792e-04 2.610247e-02
519 4.089286e-05 1.496157e-02
520 1.247022e-04 2.273386e-02
521 1.247022e-04 2.273386e-02
522 1.247022e-04 2.273386e-02
523 9.533991e-05 1.593785e-02
524 1.247022e-04 2.273386e-02
525 1.247022e-04 2.273386e-02
526 1.247022e-04 2.273386e-02
527 3.701441e-04 3.954363e-02
528 1.247022e-04 2.273386e-02
529 1.247022e-04 2.273386e-02
530 1.047584e-04 4.361914e-02
531 3.701441e-04 3.954363e-02
532 3.440802e-04 2.711068e-02
533 3.701441e-04 3.954363e-02
534 3.701441e-04 3.954363e-02
535 1.247022e-04 2.273386e-02
536 3.440802e-04 2.711068e-02
537 8.925706e-04 5.761820e-02
538 8.456761e-04 5.491137e-02
539 1.247022e-04 2.273386e-02
540 3.701441e-04 3.954363e-02
541 9.306024e-04 4.010409e-02
542 1.065571e-04 1.508279e-02
543 3.234872e-04 4.626440e-02
544 1.247022e-04 2.273386e-02
545 1.929785e-04 8.332074e-03
546 6.076048e-04 8.775113e-03
547 8.366105e-05 6.860476e-03
548 5.670987e-04 1.054155e-02
549 1.933703e-06 3.508609e-03
550 1.496766e-03 2.621174e-02
551 2.246308e-04 1.137246e-02
552 2.585331e-04 1.979803e-02
553 2.616934e-04 1.150377e-02
554 5.712519e-04 1.195033e-02
555 1.428535e-03 1.810226e-02
556 1.204943e-05 4.572116e-03
557 3.240250e-05 6.495845e-03
558 8.680271e-05 1.231489e-02
559 7.913932e-05 6.682656e-03
560 3.589390e-05 9.570348e-03
561 4.967649e-04 1.203213e-02
562 3.091409e-05 7.678337e-03
563 1.783448e-03 4.259993e-02
564 1.308525e-05 5.152311e-03
565 5.469675e-04 1.718160e-02
566 1.365872e-03 2.797826e-02
567 8.199707e-05 6.166546e-03
568 9.040055e-05 8.888625e-03
569 1.572784e-05 6.145527e-03
570 7.991691e-05 6.660189e-03
571 7.118613e-05 8.027937e-03
572 8.929705e-05 8.293737e-03
573 2.273567e-04 1.018063e-02
574 1.464115e-05 6.130492e-03
575 8.929705e-05 8.293737e-03
576 3.656145e-05 7.976527e-03
577 2.229563e-04 1.207382e-02
578 1.225762e-03 1.851724e-02
579 4.697393e-04 2.245996e-02
580 8.524141e-05 9.393197e-03
581 3.310058e-03 3.491781e-02
582 6.417340e-04 2.161781e-02
583 2.449490e-04 1.818753e-02
584 2.423275e-04 1.045635e-02
585 1.567360e-03 2.531761e-02
586 5.720615e-04 1.097847e-02
587 2.830935e-04 1.904544e-02
588 1.849436e-04 9.206864e-03
589 3.293805e-05 3.813224e-03
590 1.643645e-03 4.836834e-02
591 1.893201e-04 1.548564e-02
592 1.126665e-03 1.925855e-02
593 3.953251e-03 9.197908e-02
594 1.548213e-05 7.665099e-03
595 7.090835e-04 2.693331e-02
596 1.421661e-03 2.212373e-02
597 1.715200e-06 4.244028e-03
598 1.645576e-06 3.012976e-03
599 1.645576e-06 3.012976e-03
600 1.291277e-05 6.668678e-03
