2 1.318376e-03 1.397438e-01
3 7.663996e-03 2.196617e-01
4 1.423552e-03 2.923210e-01
5 4.494232e-03 1.643411e-01
6 1.304930e-02 4.340930e-01
7 8.634462e-04 1.487926e-01
8 2.157052e-03 1.429989e-01
9 2.817775e-03 6.048772e-02
10 1.323574e-03 7.915108e-02
11 3.494669e-03 4.139765e-01
12 5.087932e-03 2.304754e-01
13 5.943686e-03 3.683184e-01
14 3.086484e-03 2.152581e-01
15 1.091972e-02 3.534505e-01
16 1.927689e-03 1.987189e-01
17 7.827304e-04 3.595745e-02
18 1.049801e-03 2.613171e-01
19 9.695547e-06 3.009608e-02
20 6.299313e-04 8.188819e-02
21 4.013747e-04 5.231010e-02
22 1.005733e-02 5.496464e-01
23 7.976078e-03 3.225102e-01
24 3.311216e-03 1.637228e-01
25 3.249553e-04 7.108433e-02
26 4.725005e-03 2.214276e-01
27 3.496212e-03 2.413406e-01
28 3.603255e-04 1.544674e-01
29 3.376218e-03 2.254560e-01
30 9.419864e-05 1.580330e-02
31 1.131952e-02 1.741050e-01
32 1.357356e-03 2.499709e-01
33 1.639931e-02 2.975265e-01
34 5.510284e-05 1.482526e-02
35 1.015642e-02 5.504975e-01
36 1.590586e-03 8.729851e-02
37 2.341539e-04 4.249250e-02
38 7.135252e-04 1.970363e-01
39 3.566352e-04 3.732608e-01
40 7.429557e-03 4.852829e-01
41 2.382091e-04 2.979827e-02
42 2.520415e-03 2.153821e-01
43 2.307833e-04 3.862971e-02
44 1.331034e-05 4.497147e-03
45 4.793799e-06 4.014377e-03
46 1.564723e-06 4.796856e-03
47 1.164383e-05 7.908255e-03
48 2.256824e-07 4.272874e-03
49 4.210410e-04 8.004974e-02
50 2.029482e-04 1.687031e-02
51 1.370247e-06 3.034312e-03
52 6.049874e-05 6.980386e-03
53 3.187586e-04 2.687710e-02
54 4.137341e-08 2.678906e-03
55 1.767500e-06 3.219986e-03
56 7.198794e-07 3.815746e-03
57 2.357160e-07 2.970718e-03
58 2.557249e-05 5.099729e-03
59 4.224872e-04 3.062222e-02
60 1.070180e-05 7.696370e-03
61 2.842800e-05 1.392137e-02
62 5.129353e-07 2.713556e-03
63 7.511870e-05 1.103608e-02
64 1.814332e-07 2.704922e-03
65 4.793053e-07 2.928102e-03
66 3.118063e-08 8.512780e-03
67 1.973671e-07 2.889798e-03
68 1.163784e-05 3.968610e-03
69 6.366748e-04 3.121774e-02
70 7.539697e-05 1.969560e-02
71 1.185479e-05 6.160602e-03
72 1.873216e-04 1.444451e-02
73 3.130151e-05 9.776718e-03
74 4.341973e-06 5.180725e-03
75 1.494535e-06 3.497839e-03
76 4.724088e-05 4.871789e-02
77 6.322783e-06 1.014626e-02
78 4.774732e-04 6.620599e-02
79 1.444471e-04 2.800228e-02
80 9.420737e-06 1.045348e-02
81 2.078801e-07 2.960208e-03
82 2.648729e-05 1.878270e-02
83 2.985732e-07 5.068515e-03
84 4.209531e-03 6.621029e-02
85 3.160443e-05 1.283458e-02
86 1.190844e-04 6.067149e-03
87 1.128845e-03 5.731865e-02
88 6.552943e-07 4.002029e-03
89 3.051944e-05 9.062724e-03
90 1.052015e-04 1.154472e-02
91 2.792394e-07 2.851115e-03
92 4.473409e-06 4.749187e-03
93 2.836999e-07 4.349165e-03
94 7.654966e-07 5.320572e-03
95 5.669672e-07 2.712602e-03
96 1.684359e-03 1.318116e-01
97 7.664273e-05 1.374272e-02
98 2.749527e-03 3.614168e-01
99 4.801668e-03 1.864215e-01
100 1.044513e-03 1.081592e-01
101 9.534414e-04 5.535954e-02
102 7.654268e-07 4.718106e-03
103 3.620848e-04 7.515751e-02
104 2.143543e-04 1.408588e-02
105 2.649951e-05 2.319509e-02
106 1.196750e-05 4.328703e-03
107 6.952125e-07 3.134415e-03
108 8.770578e-04 2.923641e-02
109 1.323655e-03 6.488173e-02
110 6.462550e-06 1.304315e-02
111 8.500002e-05 6.589914e-02
112 4.719536e-05 6.577375e-02
113 6.866450e-04 1.558824e-01
114 2.680586e-04 2.509646e-02
115 8.999562e-04 1.066102e-01
116 6.273262e-04 1.516101e-01
117 7.823826e-06 1.089235e-02
118 6.658169e-07 5.279533e-03
119 1.270709e-03 8.378986e-02
120 1.645130e-03 2.777019e-01
121 2.051419e-06 3.588176e-03
122 5.483019e-07 4.883425e-03
123 3.446441e-04 4.108261e-02
124 1.357962e-04 1.569509e-02
125 1.141317e-05 8.005667e-03
126 1.207896e-04 9.974158e-03
127 5.897077e-06 8.049526e-03
128 7.862111e-04 1.234120e-02
129 5.951122e-05 1.068255e-02
130 1.284758e-05 7.033720e-03
131 6.517490e-04 1.155463e-01
132 2.346867e-07 2.935662e-03
133 1.851170e-03 1.493252e-01
134 2.315497e-05 1.214093e-02
135 3.257336e-05 6.436500e-03
136 1.442851e-05 8.004313e-03
137 6.149655e-06 4.678108e-03
138 1.158555e-06 1.185246e-02
139 7.733535e-07 5.505385e-03
140 9.309533e-06 4.253936e-03
141 3.073603e-03 3.910461e-01
142 6.008778e-04 5.994991e-02
143 8.481403e-05 6.016843e-03
144 4.043434e-05 9.606468e-03
145 7.322107e-06 1.270825e-02
146 4.791549e-06 4.123641e-03
147 7.153181e-04 2.337626e-01
148 7.327620e-06 3.029556e-03
149 1.363636e-05 7.181401e-03
150 2.142160e-05 4.090820e-03
151 2.883584e-05 1.280696e-02
152 2.340583e-06 2.007999e-02
153 9.785806e-06 1.440080e-02
154 6.320130e-05 4.121226e-02
155 1.323270e-06 2.482125e-03
156 2.525110e-06 6.463436e-03
157 1.601022e-06 8.673491e-03
158 1.353073e-06 4.500476e-03
159 1.078130e-05 7.509817e-03
160 1.781040e-05 4.641543e-02
161 6.967191e-05 1.001968e-02
162 3.881421e-07 1.018825e-02
163 4.508203e-06 5.202445e-03
164 4.069710e-04 4.577010e-02
165 3.079876e-05 3.340846e-03
166 1.208628e-05 3.817260e-03
167 1.179678e-05 5.631241e-03
168 6.686015e-05 6.267953e-03
169 2.924412e-04 5.213926e-02
170 7.062280e-03 2.878299e-01
171 1.756478e-06 5.151906e-03
172 6.605700e-04 3.535130e-02
173 4.073376e-04 6.374326e-03
174 2.729045e-05 5.953707e-03
175 1.228350e-06 3.124745e-03
176 4.965894e-04 1.475540e-02
177 3.218854e-06 4.638057e-03
178 2.392968e-05 1.218469e-02
179 1.918076e-04 3.923383e-02
180 4.471101e-06 5.377936e-03
181 5.387213e-05 5.907688e-02
182 1.788046e-07 2.759559e-03
183 2.779489e-05 2.013973e-02
184 1.021913e-05 3.011182e-02
185 1.836092e-06 4.877747e-03
186 3.641677e-06 5.820977e-03
187 3.874175e-04 1.013282e-01
188 3.395842e-04 5.168902e-02
189 5.487388e-08 4.365040e-03
190 2.683653e-04 7.885060e-02
191 1.386199e-06 1.611127e-02
192 3.634939e-04 3.007341e-02
193 4.484192e-05 3.719416e-02
194 1.296437e-05 5.112021e-03
195 5.429341e-03 5.067470e-01
196 4.141266e-06 3.370313e-03
197 3.349791e-03 1.648639e-01
198 5.518110e-04 4.668024e-02
199 7.968030e-03 3.796378e-01
200 1.540983e-03 8.424673e-02
201 1.090358e-05 2.800362e-03
202 1.985737e-03 1.968774e-01
203 2.451505e-03 1.582768e-01
204 5.794380e-05 6.184922e-03
205 1.776048e-03 9.204967e-02
206 1.527497e-05 1.222084e-02
207 3.515057e-06 2.983818e-03
208 3.042511e-04 4.443461e-02
209 2.389647e-03 2.819451e-01
210 1.129236e-03 1.207908e-01
211 5.279354e-05 3.098928e-02
212 2.068555e-04 3.364617e-02
213 7.266322e-03 1.121928e-01
214 2.255643e-03 1.105097e-01
215 3.743856e-06 1.249338e-02
216 5.875594e-05 9.380309e-03
217 3.185387e-05 5.040889e-03
218 3.466188e-06 8.189961e-02
219 6.601830e-07 2.720641e-03
220 1.161234e-03 1.396108e-01
221 2.916503e-03 8.295723e-02
222 3.867640e-04 1.879693e-02
223 1.210327e-05 5.774506e-03
224 1.468656e-04 6.591934e-03
225 2.398824e-04 4.468223e-02
226 1.592485e-06 2.731998e-03
227 2.197967e-04 1.994614e-02
228 3.048329e-04 1.023905e-01
229 7.878613e-04 5.990528e-02
230 1.860234e-04 8.509932e-03
231 4.286240e-05 3.009956e-02
232 5.821164e-05 5.096492e-03
233 2.641207e-07 5.579746e-03
234 3.538421e-05 1.176808e-02
235 4.678950e-04 5.404566e-02
236 1.097518e-03 6.571619e-02
237 1.469422e-06 4.560846e-03
238 2.664832e-05 1.721292e-02
239 1.169579e-05 7.553834e-03
240 2.129669e-04 2.669540e-02
241 1.451508e-04 4.924488e-02
242 1.861943e-06 7.793048e-03
243 7.203548e-07 2.936269e-03
244 4.722058e-05 1.404357e-02
245 1.674233e-04 2.903285e-02
246 1.808268e-03 1.494012e-01
247 5.294733e-04 2.125924e-02
248 8.345864e-04 1.482010e-01
249 5.790728e-04 3.641903e-02
250 3.349232e-05 8.559356e-02
251 5.348256e-07 3.078215e-03
252 2.156886e-03 1.954233e-01
253 1.559198e-05 3.161364e-02
254 1.909616e-04 4.992808e-02
255 2.408696e-07 5.802388e-03
256 1.984175e-08 2.411083e-03
257 1.322454e-04 2.830762e-02
258 5.924449e-04 3.523696e-02
259 5.698057e-05 4.328104e-03
260 3.086939e-05 2.289445e-02
261 3.206118e-05 6.738901e-03
262 8.255170e-08 2.744183e-03
263 1.137907e-05 1.225959e-02
264 3.689019e-04 1.824461e-02
265 5.218140e-05 3.348415e-02
266 7.925772e-05 1.149348e-02
267 1.056294e-05 1.238172e-02
268 4.461950e-06 4.214945e-03
269 1.765911e-05 8.139984e-03
270 4.013396e-08 3.210535e-03
271 1.248702e-03 8.616216e-02
272 8.893558e-06 9.756541e-03
273 2.561214e-04 2.080531e-01
274 3.040803e-05 9.288261e-03
275 2.222009e-05 4.226389e-03
276 1.013209e-06 6.597287e-03
277 4.654627e-06 1.458726e-02
278 4.161861e-06 2.865094e-02
279 1.561658e-06 9.682245e-03
280 9.072748e-04 1.253956e-01
281 1.321573e-02 8.604972e-02
282 1.798067e-06 1.122921e-02
283 3.409929e-05 8.967068e-02
284 1.164333e-05 1.551257e-02
285 3.485866e-03 8.046361e-02
286 2.221804e-06 4.083193e-03
287 4.985522e-05 7.150990e-03
288 5.945865e-05 1.389114e-02
289 5.615052e-04 1.285044e-02
290 2.425985e-03 4.240325e-02
291 9.049462e-08 3.417095e-03
292 1.491822e-04 1.348722e-02
293 2.808449e-07 6.284475e-03
294 8.051044e-07 3.024059e-03
295 2.137334e-05 7.151755e-02
296 6.191134e-03 1.239815e-01
297 7.007424e-06 1.483152e-02
298 1.525191e-06 4.798802e-03
299 1.903917e-06 7.342650e-03
300 1.007868e-04 6.635224e-02
301 1.922052e-03 7.672781e-02
302 2.775533e-04 2.708282e-02
303 1.210664e-04 5.422241e-02
304 4.382417e-05 4.598192e-03
305 2.597708e-03 1.090214e-01
306 4.822615e-07 2.403192e-03
307 9.476982e-04 1.188844e-01
308 3.104217e-06 2.853166e-03
309 4.040651e-04 6.235459e-02
310 4.702767e-06 1.088763e-02
311 3.302713e-07 1.017297e-02
312 4.359802e-05 4.122704e-02
313 1.127303e-03 5.959817e-02
314 2.390667e-05 8.026721e-03
315 4.109986e-05 1.245309e-02
316 4.974321e-03 3.012490e-01
317 1.548756e-04 4.621177e-02
318 8.885521e-04 1.822319e-01
319 9.032221e-06 1.297161e-02
320 8.570204e-05 2.272257e-02
321 3.668501e-06 3.050890e-03
322 8.355503e-08 4.719978e-03
323 7.484563e-03 2.261696e-01
324 1.003719e-04 3.355156e-02
325 2.314388e-04 6.831086e-03
326 2.754899e-05 8.132884e-03
327 1.490423e-04 1.111410e-02
328 2.287101e-05 5.269634e-03
329 1.769134e-04 7.131103e-02
330 5.633991e-05 3.416982e-03
331 7.082432e-04 7.816567e-02
332 3.017469e-06 1.580983e-02
333 5.898054e-07 6.077980e-03
334 2.215425e-05 2.335089e-02
335 3.074510e-08 4.417283e-03
336 2.478461e-07 5.571122e-03
337 1.927002e-07 3.120449e-03
338 1.480873e-03 8.597831e-02
339 2.873637e-04 3.780802e-02
340 9.004736e-06 2.998592e-02
341 5.951200e-03 5.300566e-02
342 1.766989e-04 5.461982e-02
343 3.092268e-07 8.549834e-03
344 3.185771e-04 6.172128e-02
345 1.209323e-02 6.103226e-01
346 4.393714e-05 5.164458e-02
347 2.346137e-07 3.179840e-03
348 7.497226e-04 7.437338e-02
349 1.164333e-04 7.777222e-03
350 4.710836e-06 7.017108e-03
351 1.173002e-03 2.231693e-01
352 1.789096e-04 2.792466e-02
353 4.386150e-06 3.262949e-03
354 6.578996e-05 1.755483e-02
355 1.632722e-05 3.166717e-02
356 1.766148e-04 1.694682e-02
357 2.591409e-03 1.309035e-01
358 1.286030e-05 1.581717e-02
359 4.872328e-06 4.038375e-03
360 7.588187e-06 3.764954e-02
361 1.798438e-04 1.636597e-02
362 2.075605e-05 5.576768e-02
363 1.924009e-03 1.433869e-01
364 5.502950e-04 2.351632e-01
365 5.140356e-05 3.429919e-02
366 2.768939e-04 4.136048e-02
367 1.102144e-04 4.640458e-03
368 1.403867e-03 1.322052e-01
369 4.819441e-06 6.209672e-03
370 3.722053e-06 1.265126e-02
371 3.527865e-04 7.467331e-02
372 5.617544e-04 5.971860e-02
373 6.943547e-06 4.563518e-03
374 3.136298e-08 4.621517e-03
375 4.741470e-07 2.760692e-03
376 7.508221e-06 3.433077e-03
377 1.935711e-03 3.892669e-01
378 5.900557e-07 5.510517e-03
379 9.104171e-04 8.021350e-02
380 1.034087e-02 2.598527e-01
381 1.386559e-05 2.404033e-02
382 8.579813e-06 4.560069e-03
383 2.468167e-04 1.140452e-01
384 9.318195e-05 2.393664e-02
385 8.913635e-05 1.657177e-02
386 2.396721e-07 2.929261e-03
387 2.274841e-06 1.516871e-02
388 4.535843e-04 2.008364e-01
389 1.843397e-05 1.859522e-02
390 1.960443e-05 4.598370e-02
391 9.660419e-05 2.804836e-02
392 3.749355e-03 2.131135e-01
393 3.333705e-06 3.682208e-03
394 2.535505e-03 1.023920e-01
395 5.099088e-05 7.258455e-03
396 1.954944e-05 1.407844e-02
397 3.065531e-04 2.793089e-02
398 6.838213e-08 5.554382e-03
399 5.201269e-04 5.349101e-02
400 1.790654e-05 2.438227e-02
401 1.533112e-06 2.958905e-03
402 1.011663e-05 9.875217e-03
403 9.811671e-04 1.426340e-01
404 1.603892e-04 1.360400e-02
405 1.102456e-05 9.363847e-03
406 3.494856e-03 1.403770e-01
407 4.663398e-05 7.762832e-02
408 6.805146e-06 2.771560e-02
409 1.701063e-05 3.777624e-02
410 1.556426e-06 6.167635e-03
411 9.087432e-07 4.950946e-03
412 2.928927e-04 2.028914e-02
413 1.506612e-04 7.722347e-03
414 4.116275e-05 1.595581e-02
415 3.319622e-08 2.578593e-03
416 5.896845e-04 8.675903e-02
417 3.007840e-05 6.702249e-03
418 1.658531e-03 4.445414e-02
419 5.392934e-04 5.354018e-02
420 2.864814e-04 1.007965e-01
421 1.202128e-05 6.907364e-03
422 8.951933e-05 3.060787e-02
423 1.902080e-04 1.547334e-02
424 7.563361e-05 1.718539e-02
425 2.549440e-03 1.837764e-01
426 3.244352e-05 5.749530e-03
427 2.488452e-05 7.252823e-02
428 3.450729e-04 6.869001e-02
429 4.943228e-06 1.568920e-02
430 5.433936e-06 5.886720e-03
431 5.299062e-08 2.441546e-03
432 3.335735e-06 6.351577e-03
433 1.139285e-06 2.818454e-03
434 5.211641e-06 3.759046e-03
435 3.900987e-04 1.302598e-01
436 1.521347e-05 3.018340e-03
437 8.107093e-04 7.962347e-02
438 3.664467e-06 4.776982e-03
439 4.080490e-06 4.378171e-03
440 2.556128e-05 7.828272e-03
441 6.200568e-05 1.246303e-02
442 2.593865e-07 4.742137e-03
443 4.514211e-06 4.986522e-03
444 7.944170e-05 1.396495e-02
445 1.143325e-03 4.358278e-02
446 2.706715e-05 3.426383e-02
447 1.022049e-05 3.543849e-03
448 7.376967e-05 2.581782e-02
449 2.819799e-07 6.222187e-03
450 2.725427e-05 1.996956e-02
451 2.657812e-08 2.605946e-03
452 1.105371e-03 2.040280e-01
453 5.927587e-07 1.052389e-02
454 3.178316e-05 3.199761e-02
455 1.736722e-05 1.106158e-02
456 4.094605e-05 1.729987e-02
457 4.748076e-04 1.074647e-01
458 2.297494e-04 1.013704e-01
459 1.684522e-05 1.912450e-02
460 6.232500e-04 2.388060e-02
461 3.679606e-07 4.418953e-03
462 2.872414e-06 7.715960e-03
463 4.234856e-03 1.365751e-01
464 2.261418e-05 1.281121e-02
465 4.174976e-06 8.721957e-03
466 5.897184e-07 3.707050e-03
467 2.209061e-07 1.493299e-02
468 1.607269e-09 2.943633e-03
469 4.611386e-04 1.549818e-02
470 3.477590e-04 6.367440e-02
471 1.429742e-05 5.448844e-03
472 1.203704e-05 3.880987e-03
473 5.634989e-04 7.343089e-02
474 1.242391e-03 2.896798e-02
475 1.156748e-05 6.138327e-03
476 3.010515e-05 9.041661e-03
477 9.514258e-04 3.718976e-02
478 6.184776e-07 3.390522e-03
479 5.308251e-06 2.771830e-03
480 8.360758e-06 8.547746e-03
481 6.340222e-05 1.305137e-02
482 2.259275e-04 1.819771e-02
483 1.270779e-06 2.801612e-03
484 4.220744e-06 3.478620e-03
485 1.218711e-05 3.466857e-03
486 6.982579e-05 2.445461e-02
487 5.451618e-05 1.358250e-02
488 3.197935e-06 2.623093e-03
489 6.370495e-03 1.435056e-01
490 1.253487e-04 5.805832e-02
491 2.224281e-03 5.434968e-02
492 1.156492e-03 3.288998e-02
493 4.779389e-06 3.165786e-03
494 4.310987e-03 2.198773e-01
495 7.222788e-03 1.263385e-01
496 3.036997e-06 2.590314e-03
497 1.077706e-04 2.659002e-02
498 1.007608e-05 6.967980e-03
499 1.360844e-06 4.379957e-03
500 1.510649e-06 4.214848e-03
501 1.967873e-03 5.285106e-02
502 5.825267e-06 1.423116e-02
503 2.814324e-05 8.417775e-03
504 5.450764e-03 4.232605e-01
505 8.231649e-06 8.210247e-03
506 1.195789e-06 1.491879e-02
507 7.395563e-06 5.669075e-03
508 2.092215e-07 3.905607e-03
509 1.687910e-04 2.525427e-02
510 1.633328e-06 1.257315e-02
511 3.255331e-03 1.463944e-01
512 3.676478e-06 3.967841e-03
513 8.108111e-06 3.561869e-03
514 1.376563e-06 3.971270e-03
515 3.052181e-05 2.441444e-02
516 1.130071e-05 6.062164e-03
517 5.969504e-07 2.713917e-03
518 5.102146e-07 6.491479e-03
519 8.997127e-05 8.355841e-03
520 7.796356e-06 8.021971e-03
521 1.137362e-05 7.249625e-03
522 3.053679e-05 8.457015e-03
523 4.104282e-05 3.466277e-02
524 3.700346e-07 3.383841e-03
525 3.125678e-06 4.838313e-03
526 2.945539e-05 5.751929e-03
527 1.117571e-07 3.306310e-03
528 8.844845e-04 2.126367e-02
529 1.024467e-02 1.072772e-01
530 5.153456e-04 1.226775e-02
531 1.101301e-06 2.582785e-03
532 2.491085e-06 5.918007e-03
533 7.402830e-05 1.065168e-02
534 8.444884e-06 6.595628e-02
535 3.841101e-04 1.768188e-02
536 5.473647e-03 7.583968e-02
537 5.862724e-03 1.051323e-01
538 5.686580e-03 2.723882e-01
539 7.306047e-05 5.651636e-03
540 1.221409e-04 1.725472e-02
541 2.009507e-03 4.891052e-02
542 1.971351e-04 6.072195e-02
543 4.939121e-05 7.194124e-03
544 5.063125e-04 1.932800e-02
545 1.899684e-06 1.095915e-02
546 6.779985e-07 1.284526e-02
547 8.194149e-04 1.513028e-01
548 3.180164e-03 2.198766e-01
549 1.671890e-04 4.456632e-02
550 2.102897e-05 1.669316e-02
551 1.254633e-05 9.722150e-03
552 2.955742e-05 5.547674e-03
553 2.979141e-06 3.898830e-03
554 1.674361e-07 6.213488e-03
555 6.697659e-06 1.728244e-02
556 7.731207e-05 1.615060e-02
557 6.206858e-04 7.837350e-02
558 6.876368e-06 1.537800e-02
559 5.456195e-04 5.843640e-02
560 1.072595e-05 3.036866e-03
561 3.708864e-05 1.487379e-02
562 7.881241e-08 2.854716e-03
563 7.018134e-04 9.428930e-02
564 7.319994e-04 4.056523e-02
565 3.257862e-05 9.806181e-03
566 1.824200e-05 5.038106e-03
567 1.090440e-03 6.206468e-02
568 1.655615e-04 5.857267e-02
569 1.280106e-04 2.759709e-02
570 4.360261e-05 7.949287e-03
571 1.229717e-03 2.365719e-01
572 2.026519e-05 7.588216e-03
573 1.148326e-03 9.371557e-02
574 2.814644e-04 1.671053e-02
575 4.593447e-06 4.045083e-03
576 5.278182e-04 1.113255e-02
577 4.968811e-05 3.208168e-02
578 4.004673e-04 9.527652e-02
579 6.256329e-06 5.337060e-03
580 3.507131e-03 3.265561e-01
581 2.545495e-03 1.211966e-01
582 1.418118e-05 2.538772e-02
583 4.139470e-04 6.447643e-02
584 8.091011e-05 2.773605e-02
585 4.501105e-07 5.964201e-03
586 5.022011e-04 3.139890e-02
587 6.689523e-06 1.298443e-02
588 3.536811e-03 1.534940e-01
589 2.289198e-03 1.320043e-01
590 1.328379e-03 9.941930e-02
591 4.153481e-05 7.678596e-03
592 4.159245e-05 1.583547e-02
593 3.261455e-05 1.104549e-02
594 1.892268e-04 1.560627e-02
595 8.804388e-04 1.370593e-01
596 4.866788e-05 1.447053e-02
597 1.735362e-04 9.565435e-03
598 1.352988e-05 1.190555e-02
599 4.826001e-05 1.290331e-02
600 7.495878e-06 1.676200e-02
601 4.404923e-06 5.311481e-03
