2 3.257165e-03 3.194056e-01
3 5.590976e-03 7.974667e-01
4 8.513806e-03 7.396320e-01
5 1.017332e-04 2.157114e-01
6 2.094665e-02 1.183642e+00
7 2.828542e-03 3.380404e-01
8 5.202997e-03 3.656355e-01
9 5.213444e-04 2.945999e-01
10 2.071579e-03 4.778650e-01
11 1.371486e-02 9.797775e-01
12 5.054671e-04 6.950689e-01
13 1.006202e-02 1.150869e+00
14 2.732504e-03 5.261259e-01
15 1.301798e-02 7.050221e-01
16 4.479332e-04 3.025611e-01
17 1.145640e-04 5.077505e-02
18 1.522251e-02 8.041254e-01
19 1.786308e-04 3.127556e-02
20 6.823228e-03 3.867993e-01
21 6.627983e-03 5.731752e-01
22 2.931063e-02 1.933296e+00
23 7.772151e-04 8.448904e-01
24 3.720257e-03 4.162663e-01
25 4.106478e-05 9.369310e-02
26 9.604758e-04 4.179160e-01
27 7.337193e-03 7.828229e-01
28 1.585995e-05 1.657491e-01
29 6.179411e-03 9.268787e-01
30 6.801411e-04 2.747646e-02
31 2.682017e-03 7.900796e-01
32 3.882842e-03 6.073201e-01
33 4.252910e-04 5.691789e-01
34 3.471474e-03 1.190923e-01
35 4.371217e-03 1.493001e+00
36 8.804717e-07 1.351960e-01
37 1.077441e-03 6.997490e-02
38 9.042672e-03 4.969597e-01
39 9.095905e-03 7.197551e-01
40 1.298395e-03 1.030722e+00
41 1.626175e-08 3.520676e-02
42 6.447046e-03 5.193915e-01
43 2.903013e-03 8.926550e-02
44 3.442555e-09 4.558103e-03
45 2.796624e-07 4.364670e-03
46 4.132005e-08 4.951384e-03
47 8.861689e-09 7.969255e-03
48 8.168664e-12 4.273827e-03
49 4.193102e-03 2.484666e-01
50 1.733077e-08 1.871549e-02
51 6.767486e-09 3.054515e-03
52 4.735502e-08 7.527680e-03
53 1.553751e-05 3.498064e-02
54 1.562851e-10 2.680094e-03
55 1.403341e-08 3.272452e-03
56 4.256144e-08 3.875381e-03
57 9.628419e-10 2.973062e-03
58 1.318168e-04 1.164999e-02
59 1.747316e-04 1.148373e-01
60 5.859019e-08 8.210907e-03
61 1.690196e-04 2.023036e-02
62 8.977269e-08 2.801272e-03
63 3.957835e-04 2.706190e-02
64 1.342557e-09 2.709184e-03
65 5.794311e-10 2.933348e-03
66 7.527165e-09 8.546654e-03
67 1.005409e-09 2.892021e-03
68 1.084496e-04 1.011255e-02
69 1.042748e-05 4.217043e-02
70 3.177146e-04 4.841489e-02
71 9.144821e-09 6.339171e-03
72 1.087032e-05 2.042532e-02
73 2.955602e-04 5.452638e-02
74 6.287726e-07 5.612131e-03
75 7.966700e-08 3.852391e-03
76 5.065563e-07 5.375359e-02
77 2.934099e-05 1.074207e-02
78 9.940423e-04 1.817297e-01
79 2.427501e-04 7.074565e-02
80 3.919375e-07 1.113902e-02
81 2.282465e-09 2.964251e-03
82 2.505314e-06 2.014329e-02
83 3.781935e-08 5.086833e-03
84 4.650590e-04 2.537543e-01
85 2.938507e-03 4.645186e-02
86 4.113661e-03 9.845960e-02
87 5.617197e-03 1.905554e-01
88 1.456076e-10 4.005225e-03
89 1.526429e-06 1.086699e-02
90 1.359459e-05 1.498531e-02
91 2.264327e-09 2.857509e-03
92 3.237248e-07 5.578967e-03
93 1.078486e-09 4.353106e-03
94 1.000503e-09 5.346960e-03
95 1.973131e-09 2.724185e-03
96 6.223239e-03 6.759850e-01
97 2.647702e-06 1.504403e-02
98 3.998130e-04 6.008378e-01
99 2.380473e-03 4.411080e-01
100 3.698065e-04 4.601756e-01
101 5.078878e-04 3.292953e-01
102 1.540290e-08 4.749624e-03
103 8.160137e-03 2.820433e-01
104 1.934828e-04 4.562247e-02
105 5.895230e-04 4.511901e-02
106 9.464211e-06 5.318389e-03
107 5.456353e-09 3.185594e-03
108 4.855218e-04 9.190852e-02
109 8.055859e-06 9.168096e-02
110 2.513367e-10 1.309764e-02
111 1.328355e-04 7.639153e-02
112 8.142054e-05 7.327140e-02
113 3.758198e-05 1.998614e-01
114 7.698011e-07 3.824474e-02
115 4.454509e-04 1.716419e-01
116 3.893808e-03 3.458764e-01
117 4.325424e-08 1.107172e-02
118 1.472621e-08 5.303369e-03
119 8.409527e-03 5.579745e-01
120 9.029490e-03 7.309257e-01
121 4.666227e-08 3.650653e-03
122 1.124102e-08 4.886383e-03
123 5.046912e-03 1.836268e-01
124 1.763017e-06 2.160504e-02
125 5.652161e-06 8.982039e-03
126 1.186861e-05 1.778549e-02
127 2.486907e-05 1.269623e-02
128 5.737706e-03 3.327949e-01
129 3.199325e-05 2.969452e-02
130 3.425804e-08 7.145382e-03
131 5.053289e-03 2.167916e-01
132 8.866847e-08 2.955808e-03
133 6.005554e-03 3.240909e-01
134 6.744249e-07 1.263688e-02
135 3.363078e-04 4.770067e-02
136 5.337101e-07 9.259840e-03
137 4.608432e-07 4.912607e-03
138 3.452882e-08 1.193944e-02
139 1.272172e-06 5.770130e-03
140 5.387594e-08 4.791206e-03
141 4.158565e-05 6.798910e-01
142 1.303602e-03 3.694092e-01
143 6.024725e-07 6.846855e-03
144 2.257130e-08 1.010298e-02
145 3.238282e-04 2.511292e-02
146 3.085842e-09 4.144662e-03
147 1.979624e-04 2.901532e-01
148 1.946851e-06 4.189049e-03
149 1.507387e-07 7.300665e-03
150 9.755112e-07 4.385494e-03
151 6.110849e-08 1.304827e-02
152 1.182360e-09 2.013591e-02
153 6.011741e-09 1.446089e-02
154 1.323992e-04 4.756667e-02
155 5.350751e-08 2.505394e-03
156 2.447425e-05 7.205024e-03
157 1.429520e-11 8.680756e-03
158 1.399250e-06 6.644871e-03
159 1.155780e-08 7.743882e-03
160 1.335036e-03 8.981642e-02
161 9.303748e-06 2.386292e-02
162 2.989111e-10 1.019458e-02
163 1.306221e-07 5.319832e-03
164 4.335343e-05 6.550115e-02
165 3.164432e-04 1.057441e-02
166 3.060853e-07 4.014889e-03
167 1.789751e-08 5.761811e-03
168 8.961029e-04 3.496979e-02
169 3.963100e-03 1.733453e-01
170 3.912120e-03 7.302448e-01
171 3.934133e-08 5.208100e-03
172 3.363723e-04 7.463322e-02
173 2.808061e-05 1.196823e-02
174 1.229337e-06 7.017785e-03
175 3.236485e-08 3.174986e-03
176 1.185575e-04 3.755309e-02
177 3.228550e-10 4.705812e-03
178 1.609184e-05 1.517967e-02
179 8.221159e-06 4.403761e-02
180 1.010279e-08 5.522364e-03
181 8.153836e-04 1.254952e-01
182 1.065512e-06 2.801596e-03
183 1.044303e-06 2.130396e-02
184 2.295894e-03 2.269929e-01
185 9.523464e-10 4.908195e-03
186 3.082415e-08 6.088613e-03
187 8.545155e-04 1.379099e-01
188 1.734168e-05 5.846619e-02
189 6.853236e-12 4.367818e-03
190 6.083880e-06 1.067181e-01
191 1.120685e-06 1.626616e-02
192 7.336376e-06 3.699086e-02
193 2.193109e-08 3.854073e-02
194 6.460204e-07 5.406679e-03
195 1.054282e-03 7.454199e-01
196 3.664683e-07 3.445716e-03
197 1.943055e-05 3.490226e-01
198 4.783597e-05 1.115603e-01
199 7.645717e-03 7.567498e-01
200 5.225405e-04 1.416792e-01
201 2.872301e-08 2.876474e-03
202 5.839451e-03 4.050235e-01
203 3.232703e-05 3.493865e-01
204 1.294022e-07 6.752188e-03
205 3.684368e-04 1.468400e-01
206 2.219765e-09 1.245560e-02
207 8.174679e-07 3.178684e-03
208 1.114931e-04 1.605866e-01
209 3.243278e-05 3.104930e-01
210 2.835084e-04 2.324567e-01
211 3.735153e-04 5.314506e-02
212 2.190892e-04 6.969900e-02
213 1.052701e-05 2.041096e-01
214 2.779296e-04 2.001787e-01
215 1.017155e-05 1.291655e-02
216 5.163542e-06 1.036131e-02
217 7.910322e-09 5.602170e-03
218 2.033233e-06 8.202167e-02
219 1.597343e-08 2.733088e-03
220 6.250732e-05 1.905745e-01
221 9.715246e-04 2.573827e-01
222 1.737256e-05 2.180354e-02
223 6.045413e-07 6.559912e-03
224 6.641140e-05 2.563040e-02
225 1.016851e-04 9.573063e-02
226 3.178424e-09 2.748286e-03
227 1.646796e-05 3.054987e-02
228 9.645107e-05 1.161706e-01
229 3.685476e-03 3.070863e-01
230 7.100112e-04 2.483972e-02
231 7.350439e-06 3.206256e-02
232 1.453734e-03 4.821851e-02
233 2.695161e-10 5.585556e-03
234 6.828312e-06 1.514401e-02
235 5.425468e-04 1.319765e-01
236 7.984460e-04 2.062907e-01
237 1.001991e-08 4.653753e-03
238 4.860729e-05 1.952655e-02
239 3.178705e-05 2.801990e-02
240 7.202694e-06 3.201491e-02
241 2.550858e-05 5.416218e-02
242 1.228890e-06 7.897315e-03
243 2.946896e-09 2.945861e-03
244 2.147363e-05 1.791075e-02
245 4.355795e-04 5.743081e-02
246 2.299913e-04 2.753551e-01
247 2.609953e-05 3.638629e-02
248 3.253048e-05 1.808237e-01
249 5.685177e-04 1.706860e-01
250 5.946001e-05 9.989571e-02
251 1.233114e-07 3.126943e-03
252 1.826740e-03 3.331790e-01
253 1.137833e-06 3.555781e-02
254 6.426996e-03 1.338470e-01
255 9.021185e-09 5.809900e-03
256 1.782358e-12 2.411318e-03
257 2.791572e-06 3.498386e-02
258 4.710956e-04 9.532084e-02
259 9.548636e-05 9.895410e-03
260 6.616756e-06 2.533821e-02
261 6.189057e-05 2.019020e-02
262 1.087213e-10 2.746118e-03
263 1.238940e-07 1.251301e-02
264 3.915680e-03 2.579699e-01
265 1.163802e-03 7.574064e-02
266 4.934657e-05 2.332474e-02
267 9.433126e-07 1.355860e-02
268 1.215712e-08 4.230309e-03
269 5.470823e-08 8.207228e-03
270 2.420202e-13 3.210816e-03
271 1.028159e-05 1.315729e-01
272 1.438215e-06 1.007272e-02
273 4.965484e-06 2.101161e-01
274 1.359683e-04 1.428772e-02
275 7.102760e-05 7.182237e-03
276 7.249513e-11 6.606330e-03
277 2.006765e-05 1.521804e-02
278 3.991525e-07 2.876959e-02
279 1.929407e-08 9.720920e-03
280 5.816680e-03 4.739132e-01
281 4.949619e-04 2.083984e-01
282 7.692759e-08 1.144709e-02
283 6.822598e-06 9.163586e-02
284 3.278211e-08 1.573840e-02
285 1.407726e-04 1.815250e-01
286 1.009595e-09 4.100794e-03
287 1.493307e-04 2.607422e-02
288 5.322926e-05 2.056231e-02
289 2.324276e-07 1.650084e-02
290 1.212411e-05 8.310580e-02
291 4.337242e-10 3.418392e-03
292 1.300880e-06 1.444626e-02
293 4.515638e-12 6.291494e-03
294 1.957252e-09 3.035295e-03
295 1.161862e-07 7.235191e-02
296 1.215038e-04 2.545409e-01
297 4.237698e-06 1.538211e-02
298 3.833269e-09 4.839975e-03
299 4.385437e-08 7.426400e-03
300 7.101429e-06 6.905944e-02
301 2.029043e-02 5.189831e-01
302 7.211409e-05 1.230503e-01
303 7.459235e-06 5.541373e-02
304 9.407553e-06 5.311235e-03
305 1.979693e-03 2.649744e-01
306 6.875256e-05 4.877295e-03
307 2.154235e-03 2.499382e-01
308 7.306276e-05 4.962838e-03
309 3.627993e-03 2.800862e-01
310 1.387684e-07 1.111083e-02
311 7.675193e-06 1.115787e-02
312 2.600289e-05 4.519479e-02
313 2.737602e-03 1.904303e-01
314 1.397668e-07 8.521422e-03
315 1.531992e-04 1.716329e-02
316 3.914929e-04 6.501635e-01
317 4.455146e-05 5.504673e-02
318 1.111611e-03 2.677502e-01
319 6.363821e-04 2.148239e-02
320 9.145280e-06 2.375184e-02
321 7.325409e-07 4.016460e-03
322 7.498473e-11 4.721323e-03
323 5.129277e-03 8.506499e-01
324 2.967766e-08 3.442904e-02
325 8.820580e-05 4.173307e-02
326 4.141504e-07 9.612555e-03
327 3.800607e-06 1.525807e-02
328 5.304178e-06 1.750338e-02
329 2.139246e-04 1.210273e-01
330 1.845392e-05 5.753173e-03
331 5.398143e-05 1.812529e-01
332 8.584763e-07 1.625402e-02
333 1.398375e-07 6.106064e-03
334 1.750600e-05 2.892205e-02
335 3.933261e-11 4.417454e-03
336 3.187782e-07 5.611185e-03
337 1.895405e-09 3.127963e-03
338 2.128839e-03 2.069089e-01
339 2.381893e-04 1.294266e-01
340 6.448099e-08 3.009164e-02
341 9.663160e-05 1.333828e-01
342 2.432444e-04 2.349907e-01
343 3.173669e-10 8.551405e-03
344 1.103212e-03 7.945294e-02
345 6.661407e-03 1.127240e+00
346 1.538633e-05 5.539817e-02
347 8.527804e-12 3.186262e-03
348 2.704875e-03 4.777809e-01
349 1.541585e-04 2.001272e-02
350 1.867959e-08 7.126101e-03
351 3.119535e-03 4.076178e-01
352 1.319333e-06 3.180529e-02
353 7.720640e-07 3.548943e-03
354 9.802046e-04 9.705420e-02
355 2.412696e-04 4.475838e-02
356 5.506210e-05 1.927616e-02
357 1.171225e-03 3.343915e-01
358 4.451346e-07 1.646450e-02
359 1.546488e-07 4.244847e-03
360 6.656526e-09 3.776219e-02
361 1.523694e-04 6.212058e-02
362 6.001179e-05 5.722914e-02
363 6.679248e-03 5.221293e-01
364 2.195342e-03 3.486549e-01
365 1.040607e-07 3.494591e-02
366 3.525703e-06 4.968401e-02
367 4.736590e-07 5.225865e-03
368 2.159705e-03 3.152809e-01
369 2.317709e-07 6.406724e-03
370 8.348696e-07 1.284258e-02
371 1.624808e-06 7.748646e-02
372 1.347045e-03 1.551177e-01
373 4.533719e-06 5.113168e-03
374 3.002900e-11 4.621856e-03
375 3.112152e-09 2.766049e-03
376 3.412926e-05 4.438715e-03
377 6.095660e-03 5.064800e-01
378 1.264411e-08 5.544275e-03
379 7.022495e-05 1.225772e-01
380 6.634606e-03 6.709481e-01
381 2.657137e-06 2.462433e-02
382 7.132374e-08 4.643919e-03
383 6.543960e-05 1.220567e-01
384 6.948242e-07 3.019049e-02
385 9.600716e-05 2.827831e-02
386 2.394383e-07 3.010219e-03
387 7.795489e-05 1.628682e-02
388 5.128445e-05 2.237094e-01
389 1.395067e-06 1.968365e-02
390 6.296351e-05 6.775292e-02
391 6.110876e-06 3.333622e-02
392 4.121325e-04 3.155654e-01
393 6.285404e-10 3.752583e-03
394 1.229731e-02 6.055179e-01
395 3.267168e-05 2.741566e-02
396 2.045280e-09 1.448066e-02
397 1.414681e-04 7.156952e-02
398 1.205666e-10 5.555249e-03
399 7.318251e-05 6.572127e-02
400 1.193312e-06 2.559845e-02
401 1.632295e-10 2.967368e-03
402 5.102545e-07 1.019779e-02
403 9.885678e-05 1.499660e-01
404 2.433398e-07 1.642542e-02
405 1.865592e-08 9.416459e-03
406 4.947042e-03 5.008480e-01
407 7.862694e-06 7.954533e-02
408 5.665504e-06 3.036921e-02
409 3.795355e-06 3.859319e-02
410 1.387923e-05 7.903143e-03
411 2.567087e-08 5.111339e-03
412 1.099232e-04 7.611584e-02
413 3.438918e-04 2.860549e-02
414 9.233047e-05 2.843842e-02
415 6.028714e-11 2.579058e-03
416 4.357501e-04 1.173680e-01
417 4.304028e-05 8.076817e-03
418 4.655327e-04 3.789309e-01
419 1.257337e-04 2.071233e-01
420 9.919282e-07 1.058733e-01
421 1.604159e-08 7.546067e-03
422 1.346788e-05 3.118051e-02
423 5.106405e-05 2.103756e-02
424 1.342973e-05 1.992006e-02
425 6.451401e-05 4.654506e-01
426 1.845089e-04 1.148741e-02
427 5.422518e-05 7.924789e-02
428 1.278339e-05 1.059148e-01
429 3.173989e-08 1.573391e-02
430 9.451499e-04 1.615222e-02
431 2.922667e-10 2.443195e-03
432 1.104298e-06 1.038247e-02
433 1.951894e-09 2.831406e-03
434 1.406367e-07 3.973912e-03
435 1.597016e-03 3.256006e-01
436 2.534759e-07 3.403821e-03
437 5.068063e-03 4.945739e-01
438 7.075401e-10 4.796899e-03
439 9.659351e-08 4.447213e-03
440 2.447339e-04 1.281834e-02
441 1.267087e-05 1.617278e-02
442 4.728600e-08 4.753350e-03
443 1.718301e-06 5.251813e-03
444 2.002156e-04 2.154271e-02
445 6.219860e-04 1.509393e-01
446 5.352850e-06 3.513364e-02
447 2.148530e-06 4.079998e-03
448 2.362454e-04 5.996159e-02
449 1.625491e-09 6.232246e-03
450 4.619382e-06 2.198019e-02
451 4.027779e-10 2.606718e-03
452 1.844044e-04 3.722554e-01
453 8.209314e-07 1.059786e-02
454 2.793502e-04 4.215024e-02
455 1.016732e-06 1.265012e-02
456 2.969843e-04 2.420827e-02
457 5.290266e-05 2.024366e-01
458 8.913076e-07 1.102515e-01
459 3.662575e-07 1.980364e-02
460 8.366166e-04 1.250598e-01
461 2.003796e-07 4.429459e-03
462 5.840997e-08 7.749293e-03
463 1.769093e-03 2.236978e-01
464 1.774257e-07 1.296835e-02
465 3.684519e-06 8.967473e-03
466 1.330362e-06 3.802981e-03
467 1.422336e-07 1.493891e-02
468 8.575617e-14 2.943654e-03
469 6.655153e-04 7.588068e-02
470 2.958814e-03 1.516037e-01
471 9.101530e-07 6.370032e-03
472 1.006355e-05 5.657289e-03
473 8.790874e-03 1.760898e-01
474 6.380266e-03 1.023703e-01
475 3.171234e-09 6.283867e-03
476 3.585319e-06 1.008233e-02
477 1.254466e-03 4.013602e-01
478 6.833301e-08 3.490420e-03
479 2.358520e-06 4.727264e-03
480 3.903909e-06 9.047025e-03
481 5.286705e-04 4.818391e-02
482 8.246761e-07 2.371318e-02
483 3.847120e-09 2.810257e-03
484 7.588182e-08 3.795552e-03
485 6.555676e-06 4.933972e-03
486 4.047326e-06 2.543517e-02
487 3.920472e-05 1.677830e-02
488 9.537710e-09 2.705399e-03
489 8.092933e-03 8.668511e-01
490 1.454019e-05 7.125368e-02
491 1.162734e-03 1.591913e-01
492 3.859888e-03 2.174667e-01
493 3.042261e-07 3.481516e-03
494 1.066638e-02 6.347852e-01
495 1.117296e-03 8.068293e-01
496 1.210911e-08 2.616217e-03
497 7.378114e-05 3.313146e-02
498 1.550541e-08 7.095957e-03
499 2.478502e-07 4.515611e-03
500 8.026254e-09 4.242502e-03
501 5.971560e-04 2.294249e-01
502 1.651006e-08 1.441622e-02
503 7.636299e-07 9.606351e-03
504 2.160631e-04 4.650266e-01
505 6.149831e-03 8.001289e-02
506 9.803836e-09 1.494503e-02
507 3.798424e-08 5.699847e-03
508 8.248261e-10 3.908027e-03
509 1.311236e-03 1.202547e-01
510 5.644831e-06 1.281002e-02
511 5.047195e-04 2.493440e-01
512 5.287183e-07 4.284488e-03
513 4.494302e-07 3.644592e-03
514 1.191473e-08 3.986216e-03
515 3.909653e-03 1.537134e-01
516 5.736360e-08 6.129221e-03
517 1.663216e-08 2.725602e-03
518 8.815751e-08 6.519550e-03
519 8.666605e-07 9.559056e-03
520 2.719155e-06 8.545633e-03
521 1.485953e-07 7.358104e-03
522 2.494926e-05 1.443771e-02
523 5.295076e-06 3.779422e-02
524 4.083114e-08 3.408510e-03
525 2.840876e-07 4.947551e-03
526 3.352438e-08 5.861646e-03
527 4.241782e-10 3.308523e-03
528 1.057608e-03 2.034388e-01
529 4.961602e-03 8.630497e-01
530 3.063859e-05 2.542564e-02
531 4.516645e-10 2.605527e-03
532 1.250323e-08 5.970947e-03
533 1.197781e-04 1.968927e-02
534 5.310415e-10 6.601803e-02
535 9.288403e-05 4.853125e-02
536 3.778892e-04 2.121188e-01
537 1.093448e-03 2.615940e-01
538 3.003164e-03 5.549822e-01
539 2.419996e-07 8.258517e-03
540 3.210644e-07 1.842515e-02
541 2.917179e-03 2.131412e-01
542 1.127619e-04 1.889046e-01
543 5.849942e-08 7.640735e-03
544 1.802901e-05 2.995969e-02
545 5.842481e-09 1.105947e-02
546 2.954029e-08 1.289665e-02
547 5.152936e-04 6.126527e-01
548 5.970468e-03 4.947422e-01
549 5.643391e-05 5.652475e-02
550 8.057843e-06 1.854113e-02
551 4.004408e-05 1.129891e-02
552 2.074582e-05 6.022955e-03
553 8.192723e-08 3.976837e-03
554 1.898342e-08 6.229315e-03
555 2.848422e-06 2.064029e-02
556 5.219190e-05 2.069360e-02
557 3.276553e-04 1.590258e-01
558 9.194418e-04 3.318162e-02
559 7.024049e-04 1.303149e-01
560 5.534212e-05 4.644222e-03
561 3.380942e-06 1.732311e-02
562 6.822236e-12 2.855363e-03
563 9.853336e-04 4.087682e-01
564 1.394038e-03 6.109492e-02
565 2.659508e-05 1.463819e-02
566 2.276123e-07 6.972837e-03
567 3.008325e-03 3.455909e-01
568 3.359359e-08 6.033271e-02
569 2.469883e-05 3.049852e-02
570 3.913103e-06 1.141800e-02
571 2.148557e-03 4.523045e-01
572 5.649002e-07 7.907109e-03
573 1.144223e-04 1.377744e-01
574 9.593196e-06 2.000511e-02
575 1.033778e-05 4.421183e-03
576 8.713644e-04 9.721852e-02
577 8.096800e-09 3.231182e-02
578 8.692419e-05 1.641836e-01
579 3.246545e-05 9.736641e-03
580 4.631158e-03 6.388036e-01
581 4.254162e-03 4.658072e-01
582 1.299090e-06 2.614342e-02
583 1.085418e-05 8.435220e-02
584 8.437996e-07 3.162531e-02
585 1.866075e-08 5.969993e-03
586 1.409927e-04 8.406512e-02
587 5.117934e-07 1.330434e-02
588 1.053412e-03 4.106759e-01
589 4.068086e-03 4.027738e-01
590 6.144631e-05 2.129344e-01
591 2.438441e-07 9.231021e-03
592 2.341097e-04 3.092298e-02
593 1.021039e-06 1.387433e-02
594 9.683311e-06 2.197023e-02
595 9.838597e-06 1.469368e-01
596 4.109594e-06 1.657759e-02
597 1.591750e-05 1.635107e-02
598 7.897375e-08 1.208771e-02
599 2.378247e-07 1.333212e-02
600 1.166701e-05 1.935795e-02
601 2.101440e-06 5.478658e-03
