2 5.270215e-04 4.140189e-01
3 6.724317e-03 1.227781e+00
4 1.114154e-02 1.311299e+00
5 1.754520e-05 2.174897e-01
6 1.060030e-02 1.734282e+00
7 6.843432e-03 8.076113e-01
8 1.627162e-03 5.907498e-01
9 9.023664e-04 3.526777e-01
10 9.774376e-03 6.661969e-01
11 4.852596e-03 1.351290e+00
12 1.184817e-03 7.524412e-01
13 8.776578e-04 1.551458e+00
14 4.374132e-03 7.443116e-01
15 1.518368e-02 1.306266e+00
16 1.232991e-03 4.561197e-01
17 7.678650e-05 5.931071e-02
18 3.077327e-03 1.449033e+00
19 1.228245e-05 3.872066e-02
20 2.241773e-04 4.610684e-01
21 4.157822e-03 1.078147e+00
22 7.037654e-03 2.680248e+00
23 4.454969e-04 9.808618e-01
24 3.138119e-03 7.119814e-01
25 2.457453e-04 1.074463e-01
26 1.127838e-03 6.424690e-01
27 4.877884e-03 1.118953e+00
28 1.479000e-07 1.659583e-01
29 2.661879e-03 1.365609e+00
30 9.905511e-04 6.691410e-02
31 5.389379e-05 9.335015e-01
32 3.625239e-03 8.145491e-01
33 9.005555e-04 6.178481e-01
34 2.799629e-03 5.115842e-01
35 2.016532e-02 2.382157e+00
36 2.924508e-06 1.355771e-01
37 1.194364e-03 1.294691e-01
38 5.472210e-03 8.889718e-01
39 3.884818e-03 9.756663e-01
40 1.089648e-02 1.471124e+00
41 9.563708e-10 3.520738e-02
42 1.679797e-03 7.058776e-01
43 1.100601e-03 3.286021e-01
44 8.636812e-12 4.558116e-03
45 4.651965e-08 4.370068e-03
46 4.239055e-08 4.954322e-03
47 6.325374e-10 7.969464e-03
48 2.536883e-12 4.273828e-03
49 5.788483e-03 4.657364e-01
50 1.961455e-08 1.871632e-02
51 1.382742e-09 3.054736e-03
52 5.699927e-09 7.529188e-03
53 1.855186e-06 3.515384e-02
54 2.340812e-12 2.680096e-03
55 1.968976e-09 3.273182e-03
56 5.161967e-09 3.879221e-03
57 1.833822e-11 2.973085e-03
58 1.076682e-04 1.466307e-02
59 7.827655e-05 1.207616e-01
60 4.888881e-09 8.212047e-03
61 1.909512e-04 2.805028e-02
62 6.751434e-09 2.805884e-03
63 6.944569e-05 3.348007e-02
64 3.188146e-12 2.709201e-03
65 1.983795e-12 2.933355e-03
66 2.646045e-09 8.547062e-03
67 1.363113e-10 2.892073e-03
68 2.078784e-05 1.752177e-02
69 1.299608e-07 4.228558e-02
70 1.222243e-03 9.948713e-02
71 3.932887e-09 6.339649e-03
72 8.692823e-07 2.071454e-02
73 9.038637e-06 5.959855e-02
74 3.019700e-07 5.666529e-03
75 1.315784e-08 3.857135e-03
76 2.755701e-07 5.380400e-02
77 1.774741e-06 1.101027e-02
78 3.991914e-03 3.317002e-01
79 4.889561e-03 1.392925e-01
80 2.074544e-07 1.114610e-02
81 3.025166e-12 2.964266e-03
82 4.704147e-06 2.044871e-02
83 2.444107e-10 5.088228e-03
84 1.206313e-03 2.792362e-01
85 7.855711e-05 8.446767e-02
86 1.807637e-03 2.040279e-01
87 3.085381e-04 3.226305e-01
88 1.109487e-12 4.005226e-03
89 4.800187e-08 1.089970e-02
90 4.120808e-06 1.743827e-02
91 2.489661e-11 2.857613e-03
92 8.302880e-09 5.586182e-03
93 2.343016e-11 4.353117e-03
94 3.261799e-11 5.346982e-03
95 9.063195e-11 2.724220e-03
96 2.056985e-03 8.901581e-01
97 1.089803e-06 1.517666e-02
98 1.201162e-03 6.331111e-01
99 5.394819e-03 6.917885e-01
100 2.322086e-03 7.452762e-01
101 1.060243e-02 6.774036e-01
102 4.972222e-09 4.750916e-03
103 6.022221e-04 4.267318e-01
104 6.179086e-05 6.503022e-02
105 9.389181e-05 7.193532e-02
106 2.021944e-05 7.233462e-03
107 4.934957e-12 3.185636e-03
108 4.825630e-04 1.811400e-01
109 4.854532e-06 9.197918e-02
110 3.264350e-12 1.309764e-02
111 9.768194e-04 9.854314e-02
112 6.321224e-06 7.511379e-02
113 6.068866e-04 2.211756e-01
114 2.302361e-06 3.828523e-02
115 7.699564e-05 1.837614e-01
116 3.208447e-03 4.508440e-01
117 4.427097e-09 1.107236e-02
118 6.443487e-10 5.303669e-03
119 1.712259e-03 9.605078e-01
120 7.045443e-03 1.462309e+00
121 3.691826e-08 3.654165e-03
122 1.421054e-09 4.886674e-03
123 6.341055e-03 2.800939e-01
124 5.151242e-08 2.161934e-02
125 2.225471e-07 9.040447e-03
126 2.471358e-07 1.800432e-02
127 9.063399e-06 1.458268e-02
128 2.871679e-03 5.655100e-01
129 4.901507e-05 3.199423e-02
130 8.506909e-10 7.146376e-03
131 1.531742e-03 4.367846e-01
132 4.602445e-10 2.956297e-03
133 2.194028e-03 5.277789e-01
134 1.063672e-07 1.264216e-02
135 1.073603e-04 6.367093e-02
136 2.937579e-08 9.274883e-03
137 5.174381e-08 4.924897e-03
138 1.733845e-08 1.194090e-02
139 3.829826e-07 5.894275e-03
140 3.304386e-08 4.792824e-03
141 1.491453e-04 6.819271e-01
142 7.447064e-04 4.383518e-01
143 1.157821e-08 6.863920e-03
144 8.393977e-09 1.010524e-02
145 4.487036e-04 4.394062e-02
146 2.663830e-09 4.144962e-03
147 1.690019e-04 3.327072e-01
148 3.223375e-07 4.360812e-03
149 5.554103e-10 7.301676e-03
150 2.821273e-09 4.392323e-03
151 4.159547e-12 1.304888e-02
152 5.840479e-11 2.013597e-02
153 1.513794e-12 1.446093e-02
154 3.966194e-05 5.136904e-02
155 2.221008e-09 2.506853e-03
156 9.436810e-06 8.695730e-03
157 2.650152e-13 8.680756e-03
158 4.827646e-08 6.665937e-03
159 4.081651e-10 7.744495e-03
160 5.799012e-04 2.207911e-01
161 5.982987e-07 2.424310e-02
162 1.654965e-10 1.019462e-02
163 2.227084e-08 5.324326e-03
164 5.857470e-05 6.901204e-02
165 1.824975e-05 2.093267e-02
166 5.909339e-09 4.017928e-03
167 1.494220e-09 5.762180e-03
168 1.959141e-04 6.924101e-02
169 6.066591e-04 2.778039e-01
170 4.244717e-03 9.754070e-01
171 1.317887e-08 5.209567e-03
172 8.737368e-05 1.211693e-01
173 4.093157e-05 1.476292e-02
174 8.588540e-07 7.176424e-03
175 1.338184e-08 3.176779e-03
176 5.710110e-04 5.390022e-02
177 1.325259e-12 4.705824e-03
178 3.670739e-07 1.550027e-02
179 2.623786e-06 4.444364e-02
180 4.709968e-09 5.522826e-03
181 9.949221e-04 1.892737e-01
182 4.878487e-09 2.812047e-03
183 1.835918e-08 2.133024e-02
184 3.604526e-04 3.528205e-01
185 8.188335e-10 4.908241e-03
186 9.299950e-09 6.089892e-03
187 9.066698e-04 2.801356e-01
188 1.179283e-05 5.928654e-02
189 7.779344e-15 4.367818e-03
190 6.918663e-08 1.069062e-01
191 2.510076e-08 1.629234e-02
192 9.080310e-08 3.711715e-02
193 9.122458e-10 3.854134e-02
194 4.829979e-08 5.433372e-03
195 1.283846e-03 9.226019e-01
196 6.421001e-10 3.455737e-03
197 1.952693e-05 3.512165e-01
198 4.482966e-06 1.130943e-01
199 5.711673e-04 9.208518e-01
200 5.673051e-04 2.255422e-01
201 8.024121e-10 2.877948e-03
202 6.522087e-04 7.755331e-01
203 6.837162e-05 3.552952e-01
204 3.495295e-10 6.752935e-03
205 1.738537e-05 1.554983e-01
206 3.664337e-12 1.245562e-02
207 8.354932e-07 3.233972e-03
208 1.688555e-04 1.707371e-01
209 8.748524e-04 3.703282e-01
210 6.735592e-06 2.491072e-01
211 4.749805e-03 2.488295e-01
212 4.426506e-04 1.226546e-01
213 4.081273e-06 2.045201e-01
214 6.195988e-04 2.764060e-01
215 8.203715e-09 1.307430e-02
216 5.947957e-08 1.043101e-02
217 8.216689e-09 5.603132e-03
218 7.907949e-07 8.210598e-02
219 5.876266e-09 2.734020e-03
220 3.926010e-05 1.922558e-01
221 6.626422e-05 3.144224e-01
222 3.135305e-08 2.213083e-02
223 4.968408e-07 6.600220e-03
224 4.006354e-06 2.686055e-02
225 3.229762e-03 1.732664e-01
226 5.876130e-14 2.748372e-03
227 4.930700e-04 4.211696e-02
228 3.097714e-06 1.237633e-01
229 3.034762e-03 5.291242e-01
230 7.329930e-04 2.091016e-01
231 1.300469e-07 3.215988e-02
232 7.595152e-05 1.496693e-01
233 1.928709e-12 5.585563e-03
234 1.669854e-05 1.572635e-02
235 8.044136e-07 1.661235e-01
236 2.184656e-03 5.245000e-01
237 1.198116e-09 4.653959e-03
238 1.832239e-05 2.044446e-02
239 9.837533e-06 2.992279e-02
240 7.746952e-06 3.267217e-02
241 2.445634e-06 5.511406e-02
242 1.807729e-07 7.956833e-03
243 8.990337e-11 2.945911e-03
244 4.122545e-06 1.861873e-02
245 1.865012e-04 9.623286e-02
246 2.379672e-06 2.771753e-01
247 1.290000e-05 3.785783e-02
248 3.375120e-05 1.816324e-01
249 5.762629e-03 4.554393e-01
250 1.651672e-03 1.189313e-01
251 8.823878e-09 3.130486e-03
252 2.070418e-04 4.100723e-01
253 1.879261e-05 3.662342e-02
254 1.843185e-04 2.072378e-01
255 1.417886e-11 5.809975e-03
256 2.147725e-15 2.411318e-03
257 4.385079e-06 3.521071e-02
258 2.390222e-03 1.590296e-01
259 9.774199e-05 2.006046e-02
260 2.182258e-04 3.933709e-02
261 2.778648e-04 2.911638e-02
262 9.953080e-13 2.746119e-03
263 3.136441e-08 1.251908e-02
264 7.641969e-05 3.134758e-01
265 4.805274e-04 1.841847e-01
266 3.957894e-04 4.260269e-02
267 1.131672e-08 1.359478e-02
268 3.254414e-12 4.230388e-03
269 7.669419e-10 8.208390e-03
270 2.054445e-16 3.210816e-03
271 1.030565e-04 1.373823e-01
272 2.985262e-06 1.047510e-02
273 5.485886e-07 2.103712e-01
274 6.612787e-04 2.756751e-02
275 9.685582e-06 7.809318e-03
276 2.068135e-11 6.606335e-03
277 3.553043e-05 1.672202e-02
278 7.374638e-08 2.877740e-02
279 4.107568e-09 9.721962e-03
280 6.894036e-04 6.225888e-01
281 1.336701e-05 2.140606e-01
282 5.171517e-08 1.145017e-02
283 8.707252e-05 9.253693e-02
284 4.177257e-09 1.573930e-02
285 4.036703e-06 1.881856e-01
286 2.516987e-09 4.100881e-03
287 3.613216e-04 7.137700e-02
288 1.005170e-04 2.615859e-02
289 2.887095e-09 1.650225e-02
290 6.316507e-08 8.336371e-02
291 4.121551e-10 3.418427e-03
292 1.881500e-07 1.445784e-02
293 1.448044e-14 6.291494e-03
294 7.290061e-12 3.035317e-03
295 3.801762e-09 7.235301e-02
296 4.881753e-05 2.567641e-01
297 6.976655e-07 1.569210e-02
298 3.400787e-11 4.840036e-03
299 1.907004e-08 7.430928e-03
300 1.280084e-07 6.921294e-02
301 5.793264e-03 1.469587e+00
302 2.206157e-05 1.275774e-01
303 6.271935e-09 5.544073e-02
304 9.198110e-07 5.489522e-03
305 1.258117e-03 2.990628e-01
306 3.202804e-05 9.767853e-03
307 6.160575e-03 3.967821e-01
308 4.165372e-05 1.772618e-02
309 1.262426e-03 4.588810e-01
310 3.010183e-10 1.111192e-02
311 6.421868e-03 4.358893e-02
312 4.350859e-05 4.604260e-02
313 1.124419e-03 3.166749e-01
314 2.118723e-08 8.523648e-03
315 3.500463e-04 4.947907e-02
316 4.769803e-04 6.822307e-01
317 6.083613e-03 1.125722e-01
318 1.992872e-04 2.953156e-01
319 1.280490e-03 1.814247e-01
320 2.630586e-06 2.414417e-02
321 4.763458e-07 4.043627e-03
322 1.414551e-12 4.721325e-03
323 2.473743e-03 1.173148e+00
324 6.025259e-09 3.443005e-02
325 1.498375e-07 4.290383e-02
326 1.730289e-08 9.627412e-03
327 2.059482e-04 1.966796e-02
328 1.897417e-06 1.756999e-02
329 4.871171e-03 2.255967e-01
330 3.626829e-08 5.946100e-03
331 3.569479e-04 1.941865e-01
332 8.911540e-07 1.657396e-02
333 1.628508e-08 6.114697e-03
334 3.321614e-05 3.223225e-02
335 6.807029e-13 4.417457e-03
336 3.369918e-09 5.615704e-03
337 7.107006e-12 3.127978e-03
338 1.002577e-02 3.576734e-01
339 1.827599e-04 1.448353e-01
340 3.174806e-11 3.009231e-02
341 2.685651e-05 1.398315e-01
342 4.265273e-04 2.499354e-01
343 1.211414e-12 8.551408e-03
344 7.048552e-04 1.388417e-01
345 4.257887e-03 1.396251e+00
346 1.585841e-06 5.617298e-02
347 1.618691e-13 3.186263e-03
348 1.847305e-03 6.066962e-01
349 2.945830e-04 3.210728e-02
350 1.842017e-10 7.126436e-03
351 1.427998e-03 4.648484e-01
352 4.167619e-09 3.181024e-02
353 2.705621e-08 3.574765e-03
354 5.055680e-03 2.907988e-01
355 1.981910e-04 5.874483e-02
356 6.807829e-07 2.018878e-02
357 4.207556e-04 3.764724e-01
358 1.881444e-09 1.647034e-02
359 8.487820e-09 4.247924e-03
360 1.080488e-10 3.776228e-02
361 2.704220e-04 8.426086e-02
362 6.156268e-06 5.844482e-02
363 4.958872e-03 8.107219e-01
364 1.686701e-04 4.112545e-01
365 6.676776e-10 3.494659e-02
366 1.644800e-09 4.970794e-02
367 1.519775e-08 5.243122e-03
368 1.761765e-04 3.588998e-01
369 5.944584e-10 6.410985e-03
370 2.052979e-07 1.285610e-02
371 7.758188e-08 7.755425e-02
372 4.496079e-03 2.769305e-01
373 1.001961e-06 5.177755e-03
374 9.661192e-14 4.621856e-03
375 5.775173e-12 2.766089e-03
376 1.704624e-06 5.559845e-03
377 1.359927e-03 9.466931e-01
378 7.069270e-10 5.544422e-03
379 1.180159e-05 1.279585e-01
380 2.786147e-03 9.407069e-01
381 1.885050e-08 2.467011e-02
382 7.551287e-10 4.644686e-03
383 7.694261e-05 1.304103e-01
384 2.578475e-07 3.021241e-02
385 2.842014e-07 3.082664e-02
386 1.814234e-09 3.011773e-03
387 4.123442e-04 4.025795e-02
388 7.032303e-06 2.280341e-01
389 1.653375e-07 1.971624e-02
390 2.223385e-07 6.897672e-02
391 1.045992e-06 3.366562e-02
392 1.064895e-03 4.284283e-01
393 8.656101e-13 3.752594e-03
394 6.754992e-03 9.303148e-01
395 8.827467e-06 2.879354e-02
396 2.221537e-10 1.448075e-02
397 2.927035e-04 8.302652e-02
398 4.303937e-13 5.555251e-03
399 3.893101e-04 7.127874e-02
400 1.261321e-05 2.591810e-02
401 1.011732e-11 2.967371e-03
402 1.344813e-08 1.020934e-02
403 8.187185e-05 1.527395e-01
404 8.930894e-09 1.643486e-02
405 1.359052e-09 9.416654e-03
406 3.693053e-05 6.068288e-01
407 3.828027e-06 8.069913e-02
408 1.095908e-07 3.048991e-02
409 1.175058e-07 3.862231e-02
410 9.568855e-06 9.033782e-03
411 4.694879e-10 5.111987e-03
412 1.723888e-07 8.024520e-02
413 3.590606e-06 3.214758e-02
414 1.815954e-06 2.977901e-02
415 6.444003e-13 2.579059e-03
416 4.434353e-05 1.533856e-01
417 3.398347e-06 8.881279e-03
418 7.664837e-05 3.932602e-01
419 8.052985e-03 4.509141e-01
420 1.686410e-08 1.058904e-01
421 3.596870e-08 7.548534e-03
422 2.553392e-05 3.466890e-02
423 3.389961e-04 5.849978e-02
424 1.344140e-04 2.465727e-02
425 2.076277e-04 4.745202e-01
426 1.988033e-06 1.301621e-02
427 2.468641e-04 1.009170e-01
428 7.670346e-06 1.068927e-01
429 3.132788e-08 1.573522e-02
430 3.617173e-04 6.444527e-02
431 1.097844e-12 2.443199e-03
432 6.163089e-07 1.065262e-02
433 3.308677e-12 2.831439e-03
434 8.993241e-09 3.977734e-03
435 2.449027e-03 4.370391e-01
436 2.133132e-09 3.406649e-03
437 3.347081e-03 7.691531e-01
438 4.948987e-13 4.796904e-03
439 1.411567e-08 4.450581e-03
440 3.071072e-06 1.514769e-02
441 5.502123e-06 1.674915e-02
442 3.222181e-08 4.755263e-03
443 4.597763e-08 5.273656e-03
444 5.139788e-04 4.772805e-02
445 7.180711e-05 1.897504e-01
446 1.168075e-07 3.555200e-02
447 5.570438e-06 4.374450e-03
448 2.138512e-04 6.960926e-02
449 1.069980e-10 6.232286e-03
450 1.020333e-05 2.253015e-02
451 1.496636e-11 2.606733e-03
452 2.000936e-03 4.182314e-01
453 8.624057e-07 1.064024e-02
454 6.762268e-06 4.762529e-02
455 3.794151e-07 1.281731e-02
456 9.838692e-04 1.437302e-01
457 3.357888e-04 2.223398e-01
458 1.369424e-06 1.104040e-01
459 5.502784e-09 1.980728e-02
460 1.248225e-04 1.774090e-01
461 9.325881e-09 4.437212e-03
462 7.552305e-09 7.750559e-03
463 2.475451e-03 4.088325e-01
464 1.799614e-09 1.297627e-02
465 1.415786e-08 9.008315e-03
466 7.380440e-08 3.844884e-03
467 4.444054e-09 1.494097e-02
468 3.129917e-16 2.943654e-03
469 6.983930e-03 2.240782e-01
470 6.508100e-05 4.035778e-01
471 3.499505e-07 6.430979e-03
472 1.663389e-06 6.075276e-03
473 5.408884e-04 3.823560e-01
474 1.688020e-04 1.675027e-01
475 6.887493e-10 6.284011e-03
476 7.982041e-08 1.011560e-02
477 4.362322e-04 4.500936e-01
478 2.138766e-09 3.495276e-03
479 1.233093e-09 4.743175e-03
480 3.219010e-08 9.093807e-03
481 7.162979e-05 5.892401e-02
482 5.446605e-10 2.372203e-02
483 1.957011e-12 2.810324e-03
484 1.101957e-08 3.798210e-03
485 3.434107e-06 5.369621e-03
486 1.036728e-04 2.768351e-02
487 9.738815e-05 2.883496e-02
488 7.923034e-11 2.705619e-03
489 5.365396e-03 1.313415e+00
490 1.421422e-05 7.270617e-02
491 2.133999e-03 2.188546e-01
492 8.304916e-05 3.391966e-01
493 1.602126e-07 3.515762e-03
494 1.653281e-03 1.015033e+00
495 2.469467e-03 1.030257e+00
496 7.242069e-12 2.616621e-03
497 2.892699e-05 3.909837e-02
498 1.594029e-11 7.096011e-03
499 8.503347e-11 4.516787e-03
500 1.298425e-10 4.242593e-03
501 4.256544e-03 6.839390e-01
502 1.451356e-09 1.441649e-02
503 3.743199e-06 1.013669e-02
504 2.730837e-03 5.899440e-01
505 1.519782e-04 1.814813e-01
506 2.987803e-09 1.494607e-02
507 9.047244e-11 5.700914e-03
508 9.180569e-12 3.908047e-03
509 9.192993e-05 1.437782e-01
510 1.557885e-07 1.294057e-02
511 1.039270e-03 2.734648e-01
512 2.138434e-09 4.294391e-03
513 5.928897e-09 3.654620e-03
514 1.480183e-08 3.986850e-03
515 6.992232e-04 2.516275e-01
516 1.182034e-10 6.129516e-03
517 4.088212e-11 2.725717e-03
518 1.659119e-09 6.520710e-03
519 1.457567e-07 9.594719e-03
520 5.050655e-07 8.694126e-03
521 1.885268e-08 7.363867e-03
522 1.943080e-05 1.533188e-02
523 7.988635e-07 3.819174e-02
524 3.455761e-10 3.409911e-03
525 3.364858e-07 5.001415e-03
526 1.629714e-09 5.863826e-03
527 4.231286e-12 3.308530e-03
528 1.550783e-04 2.698021e-01
529 3.806082e-03 1.214983e+00
530 2.237212e-06 2.608513e-02
531 3.395682e-10 2.605572e-03
532 9.799367e-13 5.971082e-03
533 1.253553e-04 2.567523e-02
534 4.058176e-09 6.601821e-02
535 1.611905e-04 5.685021e-02
536 2.368517e-04 2.196284e-01
537 8.020978e-03 3.620889e-01
538 1.526957e-03 7.781425e-01
539 1.389559e-08 8.261494e-03
540 2.336799e-08 1.844271e-02
541 2.118278e-03 3.831786e-01
542 2.376532e-06 1.922741e-01
543 9.533620e-09 7.642371e-03
544 5.761543e-06 3.052406e-02
545 4.423162e-11 1.105953e-02
546 3.122354e-10 1.289830e-02
547 3.563215e-03 7.079127e-01
548 4.804163e-03 8.010477e-01
549 2.039456e-06 5.744922e-02
550 6.955776e-06 2.105324e-02
551 4.973826e-08 1.163082e-02
552 3.853800e-08 6.173031e-03
553 1.266985e-09 3.982589e-03
554 9.896211e-10 6.230264e-03
555 2.340006e-06 2.088272e-02
556 4.685935e-05 2.299438e-02
557 3.778070e-03 2.975563e-01
558 1.057424e-04 8.000464e-02
559 2.850159e-05 1.451974e-01
560 5.131083e-05 1.210460e-02
561 2.089459e-06 1.768798e-02
562 5.525315e-14 2.855363e-03
563 1.237743e-02 5.272476e-01
564 1.705807e-03 2.505032e-01
565 7.509973e-05 2.410461e-02
566 6.739194e-08 6.998678e-03
567 3.523319e-03 6.921495e-01
568 1.475748e-09 6.033320e-02
569 8.639157e-06 3.118273e-02
570 9.712817e-07 1.228716e-02
571 8.732188e-04 4.984770e-01
572 1.221365e-05 8.049062e-03
573 5.490495e-04 1.603967e-01
574 3.518361e-06 2.061534e-02
575 1.079873e-05 5.007003e-03
576 6.020063e-03 2.702343e-01
577 1.372016e-08 3.231250e-02
578 8.706472e-04 1.792351e-01
579 2.133873e-04 2.150413e-02
580 1.772588e-03 7.709111e-01
581 8.629926e-04 6.877606e-01
582 4.810122e-07 2.635666e-02
583 1.514860e-05 8.547972e-02
584 5.288323e-07 3.180665e-02
585 1.472680e-10 5.970323e-03
586 3.106692e-04 1.298216e-01
587 3.357727e-10 1.330661e-02
588 3.703069e-04 4.697865e-01
589 7.610281e-03 6.782526e-01
590 2.073229e-05 2.168885e-01
591 4.343240e-05 9.976705e-03
592 2.628778e-04 6.157552e-02
593 3.684546e-07 1.391025e-02
594 6.212569e-05 2.665036e-02
595 8.583052e-06 1.510152e-01
596 5.496451e-07 1.668463e-02
597 3.040224e-07 1.650124e-02
598 3.825801e-08 1.209529e-02
599 3.962219e-08 1.333797e-02
600 2.807951e-06 2.000529e-02
601 1.536024e-07 5.536434e-03
