1 1.782341e-03 4.104322e-02
2 6.243979e-04 5.303967e-02
3 1.172973e-04 1.139054e-02
4 3.138975e-05 3.884509e-03
5 1.456122e-07 2.611260e-03
6 8.127125e-03 5.261465e-01
7 5.084376e-03 8.826993e-01
8 7.332044e-04 2.587771e-01
9 9.520143e-06 3.466705e-02
10 1.528437e-03 1.584482e-01
11 1.235527e-06 4.787628e-03
12 1.745859e-05 8.639515e-03
13 2.987075e-03 2.055021e-01
14 1.687133e-05 1.185892e-02
15 2.605764e-03 1.479285e-01
16 7.736352e-03 7.877952e-02
17 7.629656e-07 6.336228e-03
18 2.522269e-04 3.056850e-02
19 4.804936e-03 1.306641e-01
20 3.595538e-07 3.047336e-03
21 9.203570e-03 5.974871e-01
22 8.715714e-05 9.452035e-03
23 2.471614e-06 2.963842e-03
24 8.984670e-04 4.173940e-02
25 8.179703e-05 1.058923e-02
26 5.073659e-05 1.298916e-02
27 3.843842e-05 7.562836e-03
28 2.761473e-06 4.304139e-03
29 5.294884e-03 2.323162e-01
30 5.164552e-03 6.250660e-01
31 1.941729e-04 6.973444e-02
32 7.063911e-03 1.296265e-01
33 2.226137e-07 2.826370e-03
34 1.681205e-07 4.799099e-03
35 5.644519e-05 2.666052e-02
36 5.850825e-03 3.960268e-01
37 2.173253e-06 3.792285e-03
38 1.950285e-05 5.155445e-02
39 6.137758e-07 2.536018e-03
40 6.826658e-06 4.919097e-03
41 3.432568e-04 1.148050e-01
42 2.376820e-04 9.512578e-02
43 1.540844e-04 4.753979e-02
44 4.466641e-05 5.836302e-03
45 1.996540e-04 3.864686e-02
46 2.049684e-04 6.097940e-03
47 2.797638e-03 1.447385e-01
48 1.497130e-07 2.120615e-02
49 1.166680e-05 5.331088e-03
50 4.780006e-02 5.112025e-01
51 5.270173e-03 8.954323e-02
52 3.111865e-03 3.438411e-02
53 1.966123e-06 2.666580e-03
54 4.308599e-06 3.067379e-03
55 1.034599e-03 1.072712e-02
56 6.920906e-04 3.820003e-02
57 1.278553e-04 6.394277e-02
58 3.483679e-04 4.013737e-02
59 5.033118e-03 1.003190e-01
60 2.848010e-04 4.861132e-02
61 1.810857e-03 3.586497e-01
62 3.042876e-03 7.790166e-02
63 3.526159e-07 3.763797e-03
64 5.178187e-04 3.051641e-02
65 3.022591e-04 1.783007e-01
66 4.392574e-07 2.675055e-03
67 1.951557e-05 3.909970e-02
68 2.775366e-06 6.612552e-03
69 1.028551e-04 7.902847e-03
70 1.796139e-06 1.153241e-02
71 1.403135e-02 1.354858e-01
72 1.325185e-06 4.397234e-03
73 6.761931e-07 4.347005e-03
74 6.795103e-04 8.868144e-02
75 3.953964e-07 3.018590e-03
76 3.641958e-05 1.124435e-02
77 6.371807e-08 5.688061e-03
78 2.166113e-03 2.594778e-01
79 1.299940e-02 2.328949e-01
80 1.039089e-05 6.028099e-02
81 3.412285e-07 4.246014e-03
82 5.615832e-06 3.931172e-03
83 1.941421e-06 4.280292e-03
84 2.965144e-06 6.828515e-03
85 1.014456e-03 1.312874e-01
86 7.879078e-04 3.064303e-02
87 1.120079e-06 3.801636e-03
88 2.156106e-07 7.627214e-03
89 1.704815e-03 1.035905e-01
90 5.253298e-03 5.958024e-02
91 1.017373e-06 4.002763e-03
92 3.094765e-02 5.166204e-01
93 2.991384e-05 5.057382e-03
94 1.051652e-05 5.824357e-03
95 1.342229e-03 3.066574e-02
96 1.928202e-06 4.625598e-03
97 2.115271e-05 1.308087e-02
98 1.636993e-05 5.027866e-03
99 1.206710e-05 3.748570e-03
100 1.201597e-02 1.222150e+00
101 4.489215e-05 9.554056e-03
102 6.315243e-06 7.122078e-03
103 1.263462e-03 1.050245e-01
104 9.573059e-04 6.252270e-02
105 3.444319e-04 3.316109e-02
106 3.698755e-05 6.344437e-03
107 5.972889e-06 3.921791e-03
108 1.109489e-05 4.282430e-03
109 1.504343e-05 1.104139e-02
110 1.850475e-04 6.952239e-02
111 2.175289e-06 9.017697e-03
112 4.583194e-06 3.484771e-03
113 1.931778e-03 4.265797e-02
114 1.116495e-03 4.467332e-02
115 9.775340e-03 5.840330e-01
116 1.452825e-03 1.182268e-01
117 6.850990e-04 1.122716e-01
118 1.006074e-02 6.177583e-01
119 2.544855e-04 1.707568e-02
120 2.721619e-04 6.003335e-02
121 8.819416e-04 6.403504e-02
122 1.138514e-04 2.536886e-02
123 9.578744e-07 6.342396e-03
124 2.292013e-04 9.879294e-03
125 4.676351e-06 9.570066e-03
126 1.165389e-03 4.766641e-02
127 1.935929e-04 7.071088e-03
128 9.111807e-05 1.817768e-02
129 8.013900e-05 1.705717e-02
130 1.648019e-06 7.197686e-03
131 3.978561e-06 7.559323e-03
132 7.782445e-05 1.995418e-02
133 4.289731e-04 1.368892e-02
134 6.395971e-04 5.859334e-02
135 1.044526e-05 8.128154e-03
136 7.203616e-05 1.289929e-02
137 2.387200e-05 1.415013e-02
138 4.100277e-06 1.111079e-02
139 1.061763e-05 1.167923e-02
140 4.146748e-06 5.642821e-03
141 4.554076e-06 1.108692e-02
142 4.295624e-06 1.044635e-02
143 4.360920e-06 6.740240e-03
144 1.053462e-05 1.417301e-02
145 4.531192e-06 7.771196e-03
146 4.980975e-06 6.816354e-03
147 3.306813e-05 1.537301e-02
148 1.764590e-06 1.087085e-02
149 1.818869e-06 1.189162e-02
150 1.790239e-06 6.138034e-03
151 5.334670e-06 1.410889e-02
152 2.597753e-05 6.065757e-03
153 1.143054e-05 1.416896e-02
154 4.284832e-06 1.313095e-02
155 1.088747e-05 1.216979e-02
156 8.089326e-05 1.900445e-02
157 4.268548e-06 8.045357e-03
158 2.770136e-05 1.793808e-02
159 8.206454e-05 2.342391e-02
160 4.001596e-04 2.388911e-02
161 3.257536e-05 1.885010e-02
162 1.745342e-04 1.817557e-02
163 3.046772e-05 2.255225e-02
164 2.438988e-05 9.404669e-03
165 3.891688e-06 4.817726e-03
166 2.345003e-05 5.786773e-03
167 2.722919e-05 1.034400e-02
168 1.225286e-05 1.052495e-02
169 4.237753e-05 1.386289e-02
170 1.837785e-05 2.968831e-02
171 2.328494e-06 2.097678e-02
172 5.178659e-06 7.438474e-03
173 4.591523e-05 2.207517e-02
174 8.578768e-04 1.166515e-01
175 6.467597e-06 1.782269e-02
176 4.189616e-05 2.980672e-02
177 1.633022e-05 2.140281e-02
178 4.452155e-05 2.478120e-02
179 4.512074e-05 2.634703e-02
180 4.545984e-05 2.841302e-02
181 1.571490e-05 9.418037e-03
182 3.990529e-05 2.726268e-02
183 4.092145e-05 2.492998e-02
184 1.256632e-04 4.287211e-02
185 4.841614e-05 2.373443e-02
186 1.094227e-04 2.030840e-02
187 1.930551e-05 1.409931e-02
188 1.440528e-05 8.663344e-03
189 1.397080e-04 3.398514e-02
190 4.861119e-05 1.539826e-02
191 2.243251e-04 4.279610e-02
192 3.275687e-05 1.296453e-02
193 3.950984e-05 3.836483e-02
194 1.338291e-05 1.285121e-02
195 4.446316e-05 1.776250e-02
196 9.368518e-05 3.708167e-02
197 9.766902e-05 2.383724e-02
198 3.638124e-05 2.113903e-02
199 3.030265e-05 1.876633e-02
200 1.101636e-05 5.331492e-03
201 5.956392e-06 1.249952e-02
202 3.822581e-05 2.153737e-02
203 1.006204e-05 5.810336e-03
204 3.784672e-05 1.848580e-02
205 1.799240e-04 2.480373e-02
206 5.206311e-06 1.181562e-02
207 6.498781e-05 7.820436e-03
208 4.148863e-05 2.540595e-02
209 1.338291e-05 1.285121e-02
210 7.558282e-05 1.890561e-02
211 7.372073e-05 1.497349e-02
212 5.463221e-04 4.709306e-02
213 2.321751e-04 5.058806e-02
214 6.958829e-07 3.757675e-03
215 8.048913e-05 2.040590e-02
216 2.815670e-04 6.356633e-02
217 3.525423e-05 1.545653e-02
218 1.857932e-04 1.988131e-02
219 1.537104e-05 1.466841e-02
220 2.057311e-06 1.509570e-02
221 2.596951e-04 4.135224e-02
222 3.626494e-05 2.974394e-02
223 4.036535e-03 1.301299e-01
224 1.076508e-05 5.817642e-03
225 4.488533e-06 8.224624e-03
226 1.500717e-06 3.236786e-03
227 1.797447e-06 6.609774e-03
228 4.488533e-06 8.224624e-03
229 1.355554e-05 1.387988e-02
230 1.355554e-05 1.387988e-02
231 1.315629e-05 1.436078e-02
232 1.315629e-05 1.436078e-02
233 1.877491e-06 6.907507e-03
234 2.493867e-07 4.959092e-03
235 1.877491e-06 6.907507e-03
236 2.898321e-07 5.279745e-03
237 4.582643e-06 6.914129e-03
238 4.595467e-06 6.923405e-03
239 1.877491e-06 6.907507e-03
240 1.877491e-06 6.907507e-03
241 6.087116e-07 4.959972e-03
242 4.881147e-06 1.589291e-02
243 7.251556e-07 4.747165e-03
244 4.743483e-06 7.641598e-03
245 4.582643e-06 6.914129e-03
246 4.582643e-06 6.914129e-03
247 6.087116e-07 4.959972e-03
248 4.582643e-06 6.914129e-03
249 4.582643e-06 6.914129e-03
250 4.582643e-06 6.914129e-03
251 1.629864e-06 6.839598e-03
252 1.900397e-06 6.276388e-03
253 2.524294e-07 4.738085e-03
254 4.265472e-06 8.182422e-03
255 1.795556e-06 8.088219e-03
256 5.966438e-07 4.668351e-03
257 1.629864e-06 6.839598e-03
258 1.193550e-04 5.763978e-02
259 1.150397e-04 3.388014e-02
260 2.961564e-04 3.733979e-02
261 1.294734e-04 6.520976e-02
262 4.142281e-05 1.412176e-02
263 1.136305e-04 2.537452e-02
264 4.538700e-03 5.766570e-02
265 7.037103e-04 3.085439e-02
266 2.017765e-03 1.109741e-01
267 2.180083e-04 1.039195e-02
268 3.271812e-05 6.754840e-03
269 2.991700e-04 1.557899e-02
270 9.309348e-05 1.287278e-02
271 1.303127e-05 5.845709e-03
272 3.843919e-05 1.070093e-02
273 2.617483e-04 1.462838e-02
274 3.537346e-05 1.093151e-02
275 6.463617e-04 2.616225e-02
276 8.471960e-04 6.415558e-02
277 2.836789e-04 2.300338e-02
278 2.961564e-04 3.733979e-02
279 2.836789e-04 2.300338e-02
280 2.356335e-04 1.185267e-02
281 9.810504e-05 9.869227e-03
282 3.271812e-05 6.754840e-03
283 1.303127e-05 5.845709e-03
284 2.961564e-04 3.733979e-02
285 5.185017e-03 1.408872e-01
286 4.744774e-03 1.885207e-01
287 6.718403e-04 5.464095e-02
288 8.585610e-05 1.077166e-02
289 2.892513e-04 4.759588e-02
290 2.056850e-03 1.260773e-01
291 1.936468e-03 5.672583e-02
292 2.691875e-04 3.168840e-02
293 2.484437e-03 6.131770e-01
294 9.050412e-05 1.251486e-02
295 6.749420e-03 2.852525e-01
296 2.412372e-03 1.469712e-01
297 1.181098e-02 6.036894e-01
298 3.945181e-03 1.571799e-01
299 4.834771e-04 2.680535e-02
300 1.450874e-05 1.628069e-02
301 7.113254e-04 3.376656e-02
302 2.295587e-04 4.033333e-02
303 8.925749e-05 1.319694e-02
304 1.146725e-04 3.164269e-02
305 2.196114e-04 2.522529e-02
306 3.804420e-06 3.909613e-03
307 1.048072e-05 6.488614e-03
308 8.808610e-05 3.352090e-02
309 6.618439e-04 4.897687e-02
310 1.164272e-05 7.363529e-03
311 3.234179e-05 1.231088e-02
312 9.289497e-05 1.395568e-02
313 2.613985e-05 5.450916e-03
314 2.554341e-05 7.044743e-03
315 1.796446e-06 7.087020e-03
316 1.418261e-03 8.190285e-02
317 7.204739e-07 4.950696e-03
318 1.988815e-06 5.438680e-03
319 1.160151e-04 5.738169e-02
320 7.496870e-07 4.097938e-03
321 2.022620e-06 1.287578e-02
322 7.645404e-04 3.146421e-02
323 8.813291e-03 3.293929e-01
324 6.683579e-06 4.884620e-03
325 1.972820e-05 9.368880e-03
326 1.194105e-05 1.928485e-02
327 5.070220e-06 4.749043e-02
328 4.922401e-04 6.060789e-02
329 1.488117e-03 7.342544e-02
330 6.552394e-04 8.997009e-02
331 7.115101e-04 1.547468e-01
332 4.315308e-03 4.103416e-01
333 1.512860e-03 2.573641e-01
334 2.142069e-04 8.543486e-02
335 3.253479e-05 1.858201e-02
336 6.000973e-03 3.688623e-01
337 1.423907e-03 1.030375e-01
338 8.808837e-06 1.568853e-02
339 5.708287e-04 3.229556e-02
340 7.178758e-07 5.474172e-03
341 6.329792e-07 4.285651e-03
342 1.138524e-05 8.692933e-03
343 9.253983e-05 1.462867e-02
344 3.471385e-05 9.156467e-03
345 1.245424e-07 3.217550e-03
346 8.073072e-05 5.628714e-03
347 3.570518e-05 8.433188e-03
348 1.415113e-05 8.629148e-03
349 1.683634e-05 1.200250e-02
350 5.130220e-06 4.444145e-03
351 2.967972e-05 5.462725e-03
352 4.867731e-08 3.024921e-03
353 9.376091e-07 4.931622e-03
354 8.639542e-07 3.854432e-03
355 4.096267e-05 3.560749e-02
356 2.500688e-07 2.703524e-03
357 2.622537e-05 5.183582e-03
358 2.405694e-04 4.753372e-02
359 1.185419e-05 5.504700e-03
360 1.034753e-05 5.436688e-03
361 4.921965e-06 6.420908e-03
362 4.522503e-05 1.536717e-02
363 1.009531e-05 3.546091e-03
364 4.867731e-08 3.024921e-03
365 3.550470e-05 1.449451e-02
366 3.503161e-05 2.446480e-02
367 3.555773e-05 1.123994e-02
368 1.683634e-05 1.200250e-02
369 8.759732e-05 2.474054e-02
370 1.942070e-05 8.345683e-03
371 1.868139e-05 6.726633e-03
372 6.851513e-03 3.295237e-01
373 2.524853e-05 4.282118e-02
374 3.737288e-03 3.483164e-01
375 2.848632e-05 3.672914e-02
376 2.717004e-03 1.541170e-01
377 6.599451e-05 5.140226e-02
378 6.293135e-04 7.871342e-02
379 1.407134e-06 3.414479e-03
380 1.165503e-05 1.034097e-02
381 6.577951e-05 8.348332e-03
382 5.214610e-03 6.023898e-02
383 1.371214e-04 7.948385e-03
384 5.928853e-05 6.386857e-03
385 7.686076e-05 1.479059e-02
386 1.132426e-03 9.114509e-02
387 6.462561e-05 7.493819e-03
388 3.250826e-03 8.026515e-02
389 3.949551e-03 1.631227e-01
390 8.637141e-04 2.100208e-02
391 8.354697e-04 5.300281e-02
392 2.502854e-03 2.588907e-01
393 4.588351e-03 2.376698e-01
394 5.629507e-04 3.241359e-02
395 2.927049e-04 4.441469e-02
396 3.540438e-05 1.197299e-02
397 1.536138e-05 7.161231e-03
398 4.447213e-03 4.170448e-02
399 2.762013e-06 1.267335e-02
400 4.853854e-05 2.637704e-02
401 5.906207e-06 8.831563e-03
402 1.568276e-05 1.008980e-02
403 2.620165e-06 1.092200e-02
404 2.361990e-06 8.799567e-03
405 2.442430e-04 2.187678e-02
406 4.352081e-05 3.926077e-02
407 5.906207e-06 8.831563e-03
408 2.995115e-04 4.159117e-02
409 7.445638e-03 3.690982e-01
410 2.260751e-06 6.762631e-03
411 3.838613e-05 1.016985e-02
412 3.974093e-05 1.346145e-02
413 1.012715e-04 7.726970e-03
414 8.949557e-05 1.210062e-02
415 1.109967e-04 2.387265e-02
416 5.653058e-06 6.793255e-03
417 2.324935e-06 6.430295e-03
418 1.416888e-03 3.759435e-02
419 1.478971e-03 5.394933e-02
420 3.044514e-05 4.055966e-03
421 2.393564e-04 8.267698e-03
422 8.992504e-05 1.333450e-02
423 2.279188e-06 5.930768e-03
424 2.311283e-04 1.218461e-02
425 2.922857e-04 2.138503e-02
426 2.201549e-04 1.425252e-02
427 2.311283e-04 1.218461e-02
428 1.627768e-05 7.859422e-03
429 1.057678e-06 7.646447e-03
430 9.642372e-05 1.196429e-02
431 7.047491e-06 9.292396e-03
432 2.279188e-06 5.930768e-03
433 2.922857e-04 2.138503e-02
434 9.452642e-05 8.998609e-03
435 9.958279e-07 5.679929e-03
436 7.297768e-04 3.246626e-02
437 4.100509e-05 8.042616e-03
438 1.654968e-05 7.778463e-03
439 1.725167e-03 3.352231e-02
440 1.030465e-04 8.953658e-03
441 5.714378e-04 1.216051e-02
442 3.756599e-02 5.647438e-01
443 2.877770e-03 2.635037e-01
444 1.731746e-03 3.584888e-01
445 2.679464e-03 1.288185e-01
446 6.742004e-07 2.659016e-03
447 3.189302e-07 4.173749e-03
448 3.319855e-07 4.025934e-03
449 2.139557e-06 4.473924e-03
450 1.175539e-07 3.040560e-03
451 1.436608e-05 9.888044e-03
452 3.252957e-04 8.336913e-02
453 1.709950e-06 4.207990e-03
454 5.855275e-06 1.181504e-02
455 8.091537e-07 6.427184e-03
456 2.939702e-07 3.608553e-03
457 8.136753e-07 2.921790e-03
458 3.189302e-07 4.173749e-03
459 1.117720e-03 3.607132e-01
460 5.872603e-05 6.549490e-02
461 1.638387e-05 3.475878e-02
462 6.055756e-06 1.386080e-02
463 1.991192e-06 4.435080e-03
464 7.366155e-07 4.245445e-03
465 6.124431e-06 7.515025e-03
466 7.442968e-07 4.289444e-03
467 1.499055e-05 7.566883e-03
468 4.988644e-06 5.792122e-03
469 5.114312e-06 5.021926e-03
470 4.973697e-06 3.128561e-03
471 1.991192e-06 4.435080e-03
472 7.019554e-07 3.572684e-03
473 2.949800e-07 4.006460e-03
474 7.019554e-07 3.572684e-03
475 7.909855e-05 1.209932e-02
476 1.783525e-04 1.236293e-02
477 1.689172e-04 7.686359e-03
478 3.210849e-03 3.371577e-02
479 1.378402e-04 7.553452e-03
480 4.357135e-04 1.866041e-02
481 9.350034e-05 3.288118e-02
482 2.212013e-04 2.242627e-02
483 8.812867e-05 1.611927e-02
484 2.559341e-05 4.038903e-03
485 6.247311e-05 5.875093e-03
486 5.039449e-04 1.547573e-02
487 3.562111e-05 1.074989e-02
488 6.448365e-05 6.843695e-03
489 7.685432e-03 3.795441e-01
490 2.810902e-05 9.124795e-03
491 2.810902e-05 9.124795e-03
492 1.025108e-05 5.743471e-03
493 2.810902e-05 9.124795e-03
494 2.584146e-05 4.600451e-03
495 5.904053e-05 5.512758e-03
496 9.677540e-06 4.156483e-03
497 2.833573e-05 8.751842e-03
498 9.720978e-06 4.391914e-03
499 6.254088e-05 5.367341e-03
500 9.720978e-06 4.391914e-03
501 8.837033e-03 2.528495e-01
502 2.824000e-05 8.638282e-03
503 7.798024e-05 1.622654e-02
504 7.526368e-05 1.970696e-02
505 2.810902e-05 9.124795e-03
506 1.192480e-03 2.418968e-02
507 2.868218e-05 8.147501e-03
508 1.044377e-05 4.404609e-03
509 2.300229e-04 4.379474e-02
510 1.044377e-05 4.404609e-03
511 5.753008e-04 4.812391e-02
512 1.781631e-04 2.187029e-02
513 1.341289e-03 6.381833e-02
514 8.442362e-04 2.820061e-01
515 4.717590e-05 3.584427e-02
516 3.730484e-05 2.690034e-02
517 1.137606e-04 4.869749e-02
518 3.730484e-05 2.690034e-02
519 3.519931e-05 1.539091e-02
520 4.385398e-05 2.367180e-02
521 4.385398e-05 2.367180e-02
522 4.385398e-05 2.367180e-02
523 3.352815e-05 1.665494e-02
524 4.385398e-05 2.367180e-02
525 4.385398e-05 2.367180e-02
526 1.073398e-04 2.404314e-02
527 1.301684e-04 4.232766e-02
528 4.385398e-05 2.367180e-02
529 4.385398e-05 2.367180e-02
530 3.684033e-05 4.440708e-02
531 1.301684e-04 4.232766e-02
532 1.210026e-04 2.969866e-02
533 1.301684e-04 4.232766e-02
534 1.301684e-04 4.232766e-02
535 4.385398e-05 2.367180e-02
536 1.210026e-04 2.969866e-02
537 3.138899e-04 6.433163e-02
538 2.973986e-04 6.127209e-02
539 4.385398e-05 2.367180e-02
540 1.301684e-04 4.232766e-02
541 3.272646e-04 4.710358e-02
542 3.747290e-05 1.588425e-02
543 1.137606e-04 4.869749e-02
544 4.385398e-05 2.367180e-02
545 4.057141e-04 1.038021e-02
546 1.277416e-03 1.522378e-02
547 7.185924e-05 7.449445e-03
548 4.870998e-04 1.453388e-02
549 7.299613e-07 3.515321e-03
550 1.285622e-03 3.674888e-02
551 1.929429e-04 1.295385e-02
552 5.420179e-04 2.211704e-02
553 2.417991e-04 1.282304e-02
554 2.156442e-04 1.393304e-02
555 2.994943e-03 3.091605e-02
556 1.034965e-05 4.656944e-03
557 1.223175e-05 6.608308e-03
558 3.276750e-05 1.261616e-02
559 7.312304e-05 7.081618e-03
560 3.316520e-05 9.751298e-03
561 4.266878e-04 1.552932e-02
562 6.499315e-05 8.006437e-03
563 1.531862e-03 5.515528e-02
564 1.209050e-05 5.218277e-03
565 2.064770e-04 1.908002e-02
566 5.156084e-04 3.271894e-02
567 7.576355e-05 6.579915e-03
568 3.412567e-05 9.202388e-03
569 1.453219e-05 6.224815e-03
570 7.384152e-05 7.063071e-03
571 6.577447e-05 8.386805e-03
572 8.250858e-05 8.743906e-03
573 8.582581e-05 1.096974e-02
574 5.526945e-06 6.181309e-03
575 8.250858e-05 8.743906e-03
576 3.378200e-05 8.160843e-03
577 2.060068e-04 1.319780e-02
578 2.577018e-03 3.152658e-02
579 9.875705e-04 2.744543e-02
580 7.876125e-05 9.822921e-03
581 3.058423e-03 5.160466e-02
582 5.929486e-04 2.485295e-02
583 9.246678e-05 1.903770e-02
584 2.239054e-04 1.167799e-02
585 1.448207e-03 3.321908e-02
586 4.913625e-04 1.500575e-02
587 2.615724e-04 2.047259e-02
588 1.708839e-04 1.013921e-02
589 3.043406e-05 3.979273e-03
590 1.411781e-03 5.993950e-02
591 7.146722e-05 1.614273e-02
592 9.677296e-04 2.719020e-02
593 1.547787e-03 1.043558e-01
594 2.476485e-06 7.703267e-03
595 2.676748e-04 2.939440e-02
596 2.887938e-03 4.986073e-02
597 1.584809e-06 4.252674e-03
598 3.459627e-06 3.030441e-03
599 1.520478e-06 3.021272e-03
600 4.874492e-06 6.713495e-03
