1 1.472099e-03 1.689471e-01
2 3.072304e-06 5.650350e-02
3 7.382630e-05 1.496721e-01
4 5.549846e-06 8.681931e-03
5 1.858074e-09 2.620873e-03
6 4.749071e-03 1.736663e+00
7 1.372041e-02 2.646118e+00
8 2.961504e-04 2.774596e-01
9 2.239275e-09 3.477766e-02
10 3.356393e-04 2.167087e-01
11 4.701606e-12 4.792369e-03
12 7.442804e-05 1.658159e-02
13 3.793226e-03 6.824851e-01
14 1.040661e-08 1.226373e-02
15 1.503590e-03 4.103362e-01
16 4.208168e-03 5.286663e-01
17 2.630407e-10 6.384372e-03
18 4.899053e-03 2.357852e-01
19 2.560940e-04 2.807552e-01
20 1.189608e-12 3.055920e-03
21 1.289680e-02 1.790537e+00
22 2.122001e-03 1.048325e-01
23 1.077189e-06 4.859001e-03
24 2.664216e-03 2.133412e-01
25 1.640941e-04 1.765293e-02
26 3.681895e-03 1.904916e-01
27 8.728483e-05 1.971224e-02
28 3.435842e-11 4.315922e-03
29 5.358736e-03 1.232488e+00
30 1.298385e-02 2.033079e+00
31 4.803655e-05 8.191665e-02
32 5.935521e-05 4.831867e-01
33 8.624735e-10 2.850697e-03
34 5.888543e-12 4.800500e-03
35 1.103959e-03 8.479193e-02
36 6.682204e-03 1.223095e+00
37 2.791176e-10 3.822125e-03
38 1.822078e-06 5.253975e-02
39 8.400844e-12 2.540394e-03
40 2.332174e-10 4.967558e-03
41 1.171518e-04 1.756422e-01
42 4.742547e-07 9.862023e-02
43 2.695410e-07 4.892956e-02
44 4.342512e-07 8.006093e-03
45 1.217029e-03 3.858880e-01
46 3.999882e-06 9.458487e-03
47 3.060511e-03 5.919709e-01
48 4.679298e-11 2.121761e-02
49 3.279996e-06 6.621735e-03
50 4.916561e-03 1.624282e+00
51 5.179359e-04 4.532503e-01
52 1.353478e-04 6.267306e-02
53 1.767895e-07 2.826680e-03
54 4.378893e-09 3.166939e-03
55 8.206898e-06 2.450215e-02
56 6.491767e-03 5.679549e-01
57 2.277165e-07 6.558159e-02
58 2.074989e-03 2.248959e-01
59 3.391497e-04 3.754060e-01
60 5.465159e-07 5.236859e-02
61 7.137559e-03 1.031105e+00
62 5.828577e-03 7.830251e-01
63 5.041782e-11 3.773095e-03
64 7.439909e-07 4.550842e-02
65 2.183697e-04 2.014431e-01
66 3.100672e-13 2.676713e-03
67 2.039596e-08 3.924497e-02
68 2.791083e-08 6.700443e-03
69 3.248529e-09 8.552193e-03
70 1.694208e-10 1.156332e-02
71 2.907027e-03 4.896007e-01
72 1.898354e-07 4.780366e-03
73 3.007222e-10 4.359209e-03
74 8.044790e-05 1.320719e-01
75 1.917261e-09 3.042061e-03
76 5.283505e-06 1.188652e-02
77 1.076482e-11 5.688701e-03
78 6.353251e-03 1.202456e+00
79 4.767109e-03 1.227770e+00
80 1.120749e-08 6.044672e-02
81 4.291867e-11 4.248598e-03
82 2.600203e-08 4.126322e-03
83 1.141226e-07 4.351459e-03
84 1.956338e-07 7.280292e-03
85 1.486725e-03 2.717483e-01
86 2.190955e-04 4.505103e-02
87 6.215537e-11 3.814869e-03
88 2.420199e-10 7.631882e-03
89 1.236363e-05 3.277046e-01
90 6.270580e-04 1.099118e-01
91 3.801631e-05 5.079981e-03
92 9.755688e-03 1.331436e+00
93 1.800928e-06 5.950383e-03
94 4.455708e-09 6.106602e-03
95 3.677229e-04 1.050597e-01
96 3.034092e-09 4.638513e-03
97 5.252769e-08 1.444787e-02
98 1.691710e-07 5.220978e-03
99 7.244654e-08 3.898395e-03
100 3.053941e-03 2.779083e+00
101 8.594353e-10 9.948091e-03
102 2.329910e-10 7.142480e-03
103 1.426950e-03 3.825489e-01
104 1.669410e-04 1.990476e-01
105 5.633738e-06 7.936933e-02
106 1.686131e-05 1.738137e-02
107 6.059089e-10 4.152694e-03
108 2.279110e-08 4.796530e-03
109 1.212132e-10 1.117888e-02
110 1.544403e-05 7.670899e-02
111 8.090835e-10 9.035335e-03
112 5.123162e-06 8.277657e-03
113 3.334459e-04 1.570880e-01
114 3.155874e-03 4.475638e-01
115 1.269822e-02 1.409430e+00
116 4.557437e-03 5.882801e-01
117 2.740404e-04 1.933360e-01
118 1.134082e-02 1.983462e+00
119 8.486670e-07 3.168201e-02
120 6.919621e-06 6.533022e-02
121 6.441853e-04 2.279637e-01
122 3.290005e-04 1.324640e-01
123 1.492665e-08 6.351103e-03
124 7.084956e-04 7.651623e-02
125 3.935220e-08 1.005000e-02
126 1.704943e-06 1.036010e-01
127 3.241310e-07 9.100761e-03
128 2.280011e-05 5.173457e-02
129 9.415262e-06 3.294633e-02
130 9.583204e-09 7.326001e-03
131 6.272683e-08 8.152911e-03
132 4.235709e-05 2.522549e-02
133 5.382809e-06 2.477258e-02
134 7.200130e-05 9.967683e-02
135 2.283047e-08 8.447610e-03
136 3.491998e-05 2.097197e-02
137 1.231502e-08 1.480780e-02
138 4.259884e-09 1.127364e-02
139 1.688436e-09 1.193015e-02
140 1.907054e-10 5.667107e-03
141 4.288629e-09 1.120181e-02
142 5.843870e-08 1.050758e-02
143 2.856610e-07 7.502038e-03
144 1.037415e-08 1.444873e-02
145 1.026965e-08 8.295502e-03
146 2.082684e-09 6.847196e-03
147 2.636521e-08 1.734194e-02
148 2.385046e-08 1.100801e-02
149 2.526894e-08 1.202254e-02
150 6.934964e-10 6.165437e-03
151 4.673416e-09 1.434626e-02
152 5.958575e-08 6.324266e-03
153 2.506014e-06 1.483154e-02
154 7.683241e-10 1.323554e-02
155 7.606470e-10 1.252747e-02
156 2.881412e-06 5.787712e-02
157 9.445184e-09 8.672801e-03
158 1.764862e-05 2.657242e-02
159 1.480127e-05 4.152010e-02
160 3.316742e-06 4.117526e-02
161 2.034049e-06 2.161376e-02
162 6.789853e-05 2.503821e-02
163 2.106193e-06 2.400127e-02
164 6.032713e-07 1.051877e-02
165 1.533009e-06 5.634769e-03
166 5.880433e-07 9.444842e-03
167 3.149153e-04 3.994648e-02
168 1.719981e-06 1.323730e-02
169 1.309413e-04 2.553638e-02
170 4.415497e-07 3.291531e-02
171 1.028805e-05 2.264508e-02
172 4.070411e-07 7.877734e-03
173 1.779139e-05 2.646985e-02
174 7.902950e-04 3.289296e-01
175 4.004565e-06 1.841448e-02
176 1.645147e-05 3.338303e-02
177 4.443078e-05 2.446250e-02
178 2.609859e-06 2.626684e-02
179 2.189840e-05 3.310284e-02
180 4.368493e-06 3.340956e-02
181 1.780561e-07 1.016048e-02
182 2.528870e-06 3.086161e-02
183 6.722912e-06 2.777494e-02
184 2.537981e-05 5.021359e-02
185 6.593827e-04 6.423206e-02
186 2.869818e-04 4.837635e-02
187 2.413270e-05 1.818954e-02
188 4.295794e-07 1.180874e-02
189 2.446235e-05 4.483228e-02
190 3.232635e-06 1.749886e-02
191 1.095648e-05 5.957511e-02
192 1.994675e-07 1.388276e-02
193 1.004465e-05 4.230326e-02
194 1.552263e-06 1.380676e-02
195 2.418417e-06 2.479647e-02
196 2.063881e-06 4.517209e-02
197 1.246074e-05 4.276234e-02
198 4.477332e-06 3.459300e-02
199 3.705357e-08 1.980597e-02
200 3.657310e-10 5.390158e-03
201 5.827096e-08 1.262990e-02
202 1.649534e-06 2.313299e-02
203 2.736031e-07 5.968123e-03
204 1.386861e-06 1.895987e-02
205 1.962346e-06 2.682507e-02
206 8.113505e-09 1.185208e-02
207 1.934176e-06 9.668753e-03
208 3.603620e-09 2.564691e-02
209 7.799705e-07 1.316616e-02
210 3.111907e-07 1.981005e-02
211 8.893081e-08 1.554433e-02
212 1.694428e-03 1.480993e-01
213 3.764471e-05 5.531530e-02
214 1.147061e-08 3.771006e-03
215 1.538465e-04 3.480347e-02
216 3.598811e-07 6.537197e-02
217 6.232957e-07 1.622490e-02
218 1.562855e-04 4.712235e-02
219 3.993954e-05 1.825006e-02
220 1.596825e-09 1.511462e-02
221 4.878869e-06 4.580844e-02
222 9.782998e-08 3.027344e-02
223 1.638839e-04 4.995722e-01
224 1.264711e-04 6.059398e-02
225 1.911164e-05 1.334584e-02
226 7.118522e-08 3.554856e-03
227 1.107099e-06 7.577859e-03
228 1.741655e-05 2.023829e-02
229 7.974745e-06 2.017032e-02
230 4.018683e-05 2.867175e-02
231 2.524595e-05 2.625008e-02
232 6.299699e-05 3.225065e-02
233 2.858384e-06 8.295856e-03
234 5.115547e-06 5.704564e-03
235 1.396064e-05 1.184894e-02
236 9.969761e-09 5.317815e-03
237 9.035172e-05 3.008654e-02
238 1.120778e-05 1.187717e-02
239 8.652855e-07 8.356515e-03
240 2.351766e-08 7.086598e-03
241 1.248620e-05 6.779545e-03
242 7.845647e-05 3.692347e-02
243 1.711998e-06 5.434469e-03
244 1.170108e-08 7.788301e-03
245 3.646700e-05 1.291967e-02
246 9.035172e-05 3.008654e-02
247 1.200140e-05 8.037958e-03
248 1.521048e-05 1.175199e-02
249 7.553849e-05 4.138964e-02
250 1.065111e-04 1.856208e-02
251 4.874613e-06 8.541708e-03
252 8.912613e-05 1.832011e-02
253 5.263253e-06 6.982020e-03
254 7.328488e-05 4.465198e-02
255 1.198144e-05 1.465733e-02
256 1.755998e-08 4.762128e-03
257 1.253608e-05 1.133966e-02
258 5.431740e-03 1.549317e-01
259 1.559140e-04 4.010372e-02
260 1.376080e-04 5.453274e-02
261 1.907106e-04 9.292378e-02
262 6.129153e-07 1.498155e-02
263 1.752948e-05 3.601245e-02
264 2.912000e-06 1.363177e-01
265 9.941760e-06 7.741678e-02
266 3.992789e-04 2.945240e-01
267 9.225659e-06 1.534296e-02
268 7.395937e-08 7.317606e-03
269 1.610188e-06 1.813892e-02
270 2.068021e-07 1.393895e-02
271 7.160649e-08 5.962080e-03
272 7.295688e-08 1.142456e-02
273 5.176886e-07 1.686048e-02
274 1.182905e-05 1.298605e-02
275 5.628112e-07 3.255550e-02
276 1.514041e-04 7.226421e-02
277 2.936559e-06 3.151508e-02
278 2.649493e-05 4.596778e-02
279 1.489407e-06 2.469326e-02
280 1.168266e-06 1.472838e-02
281 1.869108e-07 1.221985e-02
282 8.995919e-08 8.025553e-03
283 5.113572e-08 6.113456e-03
284 2.529243e-05 5.714524e-02
285 2.110912e-03 4.691298e-01
286 5.014684e-03 4.995001e-01
287 7.809611e-06 8.265126e-02
288 1.878286e-07 1.204562e-02
289 2.157636e-05 6.945532e-02
290 6.312104e-05 1.951887e-01
291 2.238670e-05 9.057646e-02
292 1.979157e-05 4.395590e-02
293 2.166544e-03 1.118090e+00
294 1.102132e-06 1.409783e-02
295 2.482252e-03 7.858354e-01
296 3.256636e-05 2.580027e-01
297 9.811175e-03 1.395847e+00
298 2.893200e-03 7.135335e-01
299 1.246099e-04 3.451417e-01
300 3.366521e-08 1.637672e-02
301 4.213369e-03 2.755483e-01
302 1.839660e-07 4.502318e-02
303 2.156075e-05 2.662452e-02
304 4.286276e-06 4.314886e-02
305 5.100464e-05 6.085173e-02
306 1.736916e-08 4.085800e-03
307 2.428302e-06 8.936229e-03
308 1.714452e-07 3.713338e-02
309 2.296786e-03 3.666283e-01
310 2.144583e-10 7.458881e-03
311 5.298103e-08 1.346748e-02
312 1.631348e-06 3.686174e-02
313 4.764493e-09 6.074225e-03
314 1.353537e-07 8.876410e-03
315 1.431951e-11 7.108205e-03
316 3.694318e-04 1.747482e-01
317 5.999234e-12 4.955160e-03
318 2.538513e-10 5.489176e-03
319 8.777369e-06 8.678308e-02
320 4.365288e-11 4.106604e-03
321 3.209310e-11 1.290921e-02
322 8.049605e-05 1.175386e-01
323 1.770905e-04 5.169114e-01
324 3.951541e-06 1.081564e-02
325 3.300829e-07 1.004823e-02
326 2.632307e-06 2.038294e-02
327 7.386990e-07 4.789569e-02
328 1.239881e-03 1.612363e-01
329 1.684459e-03 3.728865e-01
330 4.801003e-03 4.306327e-01
331 1.320938e-03 3.420115e-01
332 1.640736e-02 9.596271e-01
333 2.186662e-04 3.267015e-01
334 7.536274e-05 8.964556e-02
335 2.277229e-05 2.521611e-02
336 3.866788e-03 1.080360e+00
337 5.212835e-03 6.104921e-01
338 1.307966e-05 1.712539e-02
339 9.665570e-04 6.845349e-02
340 1.893797e-09 5.485537e-03
341 2.627149e-09 4.299594e-03
342 3.839602e-08 8.897382e-03
343 6.926351e-07 1.526006e-02
344 3.291587e-06 1.090416e-02
345 1.256954e-09 3.222208e-03
346 1.451106e-06 7.007262e-03
347 2.025136e-06 1.013947e-02
348 3.047965e-07 8.825870e-03
349 4.787227e-06 1.497387e-02
350 1.689004e-08 4.568205e-03
351 2.907170e-06 6.901469e-03
352 9.658775e-10 3.027018e-03
353 1.876910e-08 4.971086e-03
354 4.227546e-08 3.895506e-03
355 2.030741e-05 4.935553e-02
356 1.002127e-09 2.709832e-03
357 1.616127e-05 1.196180e-02
358 1.143643e-03 2.175649e-01
359 2.128203e-07 5.744421e-03
360 2.685775e-06 5.753318e-03
361 5.238563e-07 6.773627e-03
362 2.197390e-06 1.601689e-02
363 2.229880e-06 4.195937e-03
364 9.658775e-10 3.027018e-03
365 8.913974e-06 1.844542e-02
366 1.893584e-05 3.507990e-02
367 1.704424e-06 1.294499e-02
368 4.787227e-06 1.497387e-02
369 1.025338e-05 3.144567e-02
370 9.904137e-05 1.384295e-02
371 4.379065e-05 1.116761e-02
372 8.766715e-03 1.097229e+00
373 3.780357e-04 1.241314e-01
374 2.584033e-03 1.223088e+00
375 1.085974e-04 4.803640e-02
376 2.361967e-03 5.703829e-01
377 4.786911e-06 5.710244e-02
378 4.306559e-04 1.757607e-01
379 3.863018e-10 3.501198e-03
380 6.475990e-07 1.123975e-02
381 7.052686e-06 9.368967e-03
382 3.013904e-03 4.055186e-01
383 4.553178e-05 1.861402e-02
384 1.766130e-05 1.202870e-02
385 4.506232e-07 1.732472e-02
386 1.914887e-05 1.366586e-01
387 8.314614e-05 1.602621e-02
388 2.068692e-03 4.375663e-01
389 5.494694e-03 9.908085e-01
390 3.556649e-03 2.096051e-01
391 1.081171e-03 2.049174e-01
392 1.017080e-02 1.029501e+00
393 1.078270e-02 1.080888e+00
394 2.968226e-07 4.076912e-02
395 1.002552e-05 5.083704e-02
396 5.250033e-08 1.310723e-02
397 2.705288e-07 8.360364e-03
398 4.773324e-05 1.396006e-01
399 2.636888e-07 1.287641e-02
400 1.251092e-05 3.082888e-02
401 4.350498e-08 9.272543e-03
402 4.315462e-06 1.275612e-02
403 1.134163e-07 1.105109e-02
404 9.402956e-08 8.924364e-03
405 1.037137e-05 3.506502e-02
406 2.508221e-05 4.286408e-02
407 1.155809e-07 9.292739e-03
408 7.874490e-05 7.926031e-02
409 1.317648e-02 1.398967e+00
410 3.981403e-08 6.939108e-03
411 1.719533e-06 1.279431e-02
412 7.616303e-06 1.809541e-02
413 2.988383e-05 1.372396e-02
414 6.296414e-07 1.636418e-02
415 2.636728e-05 3.775049e-02
416 1.158914e-07 7.051273e-03
417 7.352308e-09 6.535148e-03
418 5.141411e-04 2.955719e-01
419 3.919629e-04 1.762905e-01
420 2.110057e-05 1.891231e-02
421 2.889860e-05 1.686093e-02
422 2.843286e-05 2.749591e-02
423 4.370973e-08 6.090827e-03
424 6.754650e-05 5.204107e-02
425 6.625521e-05 8.065532e-02
426 1.693739e-04 3.831634e-02
427 6.025176e-05 5.896071e-02
428 1.973687e-06 1.056329e-02
429 4.950980e-08 7.727894e-03
430 3.976963e-06 2.656598e-02
431 6.525642e-07 1.063851e-02
432 1.652472e-08 6.084862e-03
433 6.674178e-05 7.321327e-02
434 4.254172e-06 1.660694e-02
435 4.123502e-08 5.850992e-03
436 5.067127e-04 1.607994e-01
437 1.045561e-05 1.385184e-02
438 3.183466e-07 8.968957e-03
439 3.825151e-04 3.878712e-01
440 4.233735e-06 2.155080e-02
441 9.447730e-06 9.696236e-02
442 1.213686e-02 1.443964e+00
443 9.295636e-04 7.280452e-01
444 4.912101e-03 1.398237e+00
445 6.922243e-03 3.780519e-01
446 2.444361e-10 2.677571e-03
447 1.111804e-07 4.191279e-03
448 2.697076e-09 4.037336e-03
449 1.186255e-08 4.521972e-03
450 1.048534e-10 3.048981e-03
451 3.893044e-06 1.199901e-02
452 6.680863e-04 2.384523e-01
453 1.455044e-10 4.228811e-03
454 9.268310e-07 1.203476e-02
455 2.108739e-10 6.460882e-03
456 5.266354e-10 3.616550e-03
457 1.356845e-09 2.951639e-03
458 4.234902e-08 4.187105e-03
459 2.668978e-03 7.157204e-01
460 1.047586e-05 7.276492e-02
461 7.575103e-07 3.617732e-02
462 4.049728e-06 1.486659e-02
463 4.755780e-08 4.493636e-03
464 6.363335e-09 4.280231e-03
465 8.699535e-09 7.675407e-03
466 4.515914e-08 4.322986e-03
467 2.331539e-06 8.940390e-03
468 1.510314e-06 6.316736e-03
469 1.856625e-06 5.513089e-03
470 6.069061e-08 3.355589e-03
471 2.945942e-09 4.490452e-03
472 1.358261e-08 3.597855e-03
473 1.024070e-09 4.014839e-03
474 2.194325e-09 3.582480e-03
475 1.170359e-05 3.365063e-02
476 8.002689e-06 1.757501e-02
477 2.533020e-06 1.079288e-02
478 1.713925e-03 2.598054e-01
479 2.599676e-08 9.076271e-03
480 5.362614e-05 3.463779e-02
481 4.800084e-06 3.498952e-02
482 1.871301e-06 2.360253e-02
483 5.181738e-06 1.688174e-02
484 1.127729e-09 4.134821e-03
485 6.571027e-08 6.565559e-03
486 4.529519e-06 1.801973e-02
487 1.033848e-07 1.184021e-02
488 8.034935e-08 7.373112e-03
489 1.519943e-02 8.828644e-01
490 1.504678e-08 9.438194e-03
491 2.024048e-07 9.504518e-03
492 1.544236e-07 6.116669e-03
493 1.009647e-06 9.881192e-03
494 3.758885e-07 5.084432e-03
495 4.465333e-06 1.225190e-02
496 2.574544e-09 4.195778e-03
497 4.394395e-06 1.486637e-02
498 2.378870e-07 4.634859e-03
499 2.884768e-08 6.055799e-03
500 4.662382e-09 4.502292e-03
501 1.532326e-03 5.313602e-01
502 4.981720e-07 8.921961e-03
503 5.032608e-07 1.733272e-02
504 5.169402e-07 2.066295e-02
505 2.314677e-07 9.427717e-03
506 6.340459e-04 3.851097e-01
507 4.746249e-07 9.290920e-03
508 1.006725e-07 4.505434e-03
509 9.023367e-06 4.683411e-02
510 3.943509e-08 4.455234e-03
511 1.084786e-04 7.676341e-02
512 2.679535e-06 2.522937e-02
513 3.848319e-05 9.547093e-02
514 1.184121e-03 8.545756e-01
515 2.759734e-05 4.569061e-02
516 3.561316e-06 3.146975e-02
517 5.754728e-05 7.467282e-02
518 8.401215e-06 3.460396e-02
519 8.448643e-06 1.872447e-02
520 6.386148e-07 2.462352e-02
521 1.228513e-05 2.787466e-02
522 4.982177e-06 2.583342e-02
523 1.817862e-06 1.944718e-02
524 2.560136e-05 3.377007e-02
525 1.594418e-04 5.079724e-02
526 1.407838e-04 4.575655e-02
527 3.836715e-05 5.925553e-02
528 2.430885e-05 3.577622e-02
529 1.452428e-04 6.716450e-02
530 2.414577e-05 5.905430e-02
531 1.916339e-04 8.846274e-02
532 6.665290e-05 3.843706e-02
533 8.739924e-05 5.888480e-02
534 9.184341e-05 6.001830e-02
535 1.535349e-06 2.704072e-02
536 5.503686e-04 8.009743e-02
537 5.437673e-04 1.298133e-01
538 2.035380e-04 8.591570e-02
539 2.426150e-05 2.901925e-02
540 1.875189e-04 7.613606e-02
541 2.003146e-04 7.150983e-02
542 6.601474e-05 3.043500e-02
543 3.639987e-04 8.867945e-02
544 8.365343e-06 3.222670e-02
545 6.823677e-06 1.348992e-02
546 1.649989e-06 2.808002e-02
547 8.641246e-09 8.064884e-03
548 3.723074e-05 2.220957e-02
549 4.951239e-10 3.520873e-03
550 2.463789e-04 6.891712e-02
551 1.131125e-06 1.429455e-02
552 3.321980e-06 2.776038e-02
553 2.098010e-05 3.505047e-02
554 1.275382e-06 1.786411e-02
555 2.374096e-04 8.545910e-02
556 3.511369e-07 5.220387e-03
557 1.223943e-08 6.760866e-03
558 3.782448e-07 1.294009e-02
559 2.610333e-06 9.357986e-03
560 3.210818e-08 1.053315e-02
561 1.155899e-05 2.579433e-02
562 5.230403e-06 9.601760e-03
563 1.634443e-05 7.580756e-02
564 6.001653e-08 5.415885e-03
565 2.811772e-07 2.377608e-02
566 4.020923e-06 4.721566e-02
567 1.213783e-06 7.519583e-03
568 1.665399e-05 1.312860e-02
569 2.742516e-04 1.615755e-02
570 6.476640e-06 1.090217e-02
571 1.078434e-06 9.702119e-03
572 1.963058e-04 3.099488e-02
573 5.088388e-07 1.186457e-02
574 2.695779e-06 6.559479e-03
575 3.640089e-05 1.552255e-02
576 1.495277e-05 9.672413e-03
577 3.447109e-05 4.158876e-02
578 5.419522e-04 1.109174e-01
579 2.316040e-03 1.924283e-01
580 6.011917e-06 1.266691e-02
581 2.146552e-04 1.047969e-01
582 4.117869e-03 2.255339e-01
583 1.556020e-03 1.057029e-01
584 9.505565e-05 5.025094e-02
585 6.827884e-04 1.977941e-01
586 2.071885e-04 4.479670e-02
587 2.666109e-04 7.173634e-02
588 3.660702e-06 1.479189e-02
589 3.306972e-08 5.143005e-03
590 2.304963e-03 1.369430e-01
591 2.271163e-04 4.455186e-02
592 9.060498e-04 1.473680e-01
593 9.772208e-03 3.327617e-01
594 1.574194e-05 8.349971e-03
595 5.396817e-05 3.842341e-02
596 2.343199e-04 2.315307e-01
597 9.415002e-10 4.283702e-03
598 3.373080e-10 3.094181e-03
599 3.379999e-10 3.052937e-03
600 1.596952e-08 6.817626e-03
