2 1.460498e-03 3.787663e-01
3 3.166873e-03 1.076108e+00
4 1.169352e-02 1.127993e+00
5 1.825138e-05 2.166733e-01
6 4.392748e-03 1.513721e+00
7 7.810657e-03 6.301496e-01
8 1.407004e-03 5.387326e-01
9 6.246573e-04 3.204887e-01
10 2.720965e-03 5.506209e-01
11 6.763594e-03 1.226818e+00
12 5.635753e-04 7.422964e-01
13 1.265494e-02 1.501535e+00
14 9.066287e-03 6.855109e-01
15 5.738960e-03 1.068434e+00
16 3.416902e-03 3.736446e-01
17 3.043555e-04 5.595567e-02
18 1.934573e-02 1.305294e+00
19 6.799768e-06 3.840730e-02
20 5.660111e-04 4.574230e-01
21 6.679244e-03 8.989517e-01
22 1.528317e-02 2.555863e+00
23 4.551209e-03 9.184526e-01
24 4.172345e-03 5.154002e-01
25 2.525264e-04 1.004587e-01
26 3.094917e-03 5.985224e-01
27 1.916347e-03 1.036576e+00
28 3.056371e-07 1.659511e-01
29 6.799865e-03 1.249823e+00
30 3.796744e-04 4.602808e-02
31 6.389526e-04 9.239863e-01
32 5.316055e-03 7.469357e-01
33 1.084944e-03 6.097876e-01
34 2.232805e-03 3.458311e-01
35 1.031664e-02 1.990021e+00
36 2.951522e-05 1.354681e-01
37 1.124818e-03 1.037323e-01
38 1.107685e-02 7.334157e-01
39 1.953043e-03 9.185181e-01
40 4.459694e-03 1.197889e+00
41 1.147266e-08 3.520734e-02
42 1.430255e-03 6.795728e-01
43 1.035980e-02 2.816745e-01
44 2.717484e-11 4.558115e-03
45 7.349276e-08 4.368498e-03
46 6.696952e-08 4.952892e-03
47 2.475483e-09 7.969415e-03
48 1.896581e-12 4.273828e-03
49 2.327689e-03 4.045082e-01
50 1.882467e-08 1.871601e-02
51 4.554821e-09 3.054673e-03
52 1.268788e-08 7.528937e-03
53 3.710054e-06 3.511449e-02
54 5.759558e-12 2.680096e-03
55 8.750618e-09 3.273045e-03
56 2.969852e-08 3.878931e-03
57 3.796078e-11 2.973085e-03
58 1.365641e-05 1.250361e-02
59 2.326725e-05 1.178592e-01
60 7.812698e-09 8.211739e-03
61 5.367377e-05 2.327310e-02
62 6.026193e-08 2.804117e-03
63 4.649947e-05 3.113759e-02
64 2.788500e-11 2.709200e-03
65 4.023304e-12 2.933355e-03
66 9.962377e-09 8.546853e-03
67 6.100175e-10 2.892060e-03
68 7.301938e-05 1.649500e-02
69 1.212675e-06 4.226869e-02
70 1.234174e-03 7.438553e-02
71 6.204236e-09 6.339482e-03
72 2.972129e-06 2.066993e-02
73 8.450085e-05 5.817946e-02
74 4.589485e-07 5.655648e-03
75 1.174442e-07 3.853690e-03
76 8.988885e-07 5.378325e-02
77 1.423280e-06 1.092512e-02
78 3.644340e-03 2.401875e-01
79 6.977890e-04 8.360623e-02
80 1.925076e-07 1.114368e-02
81 3.358584e-11 2.964266e-03
82 7.924790e-06 2.027628e-02
83 5.367983e-09 5.088103e-03
84 1.583104e-04 2.653948e-01
85 1.390140e-04 7.754292e-02
86 2.327889e-04 1.764757e-01
87 3.404709e-03 3.005741e-01
88 1.231770e-11 4.005226e-03
89 4.417334e-07 1.088844e-02
90 5.127697e-05 1.702461e-02
91 1.288036e-09 2.857597e-03
92 8.159451e-08 5.584269e-03
93 4.381855e-11 4.353116e-03
94 2.852921e-10 5.346977e-03
95 1.989624e-10 2.724213e-03
96 7.474575e-04 8.351240e-01
97 9.644283e-07 1.514926e-02
98 4.819529e-04 6.122656e-01
99 2.378106e-03 5.194787e-01
100 1.011079e-02 6.367440e-01
101 9.118657e-03 5.121947e-01
102 2.209780e-08 4.750571e-03
103 3.312942e-03 3.959816e-01
104 6.599687e-04 5.266535e-02
105 1.669713e-04 6.937545e-02
106 1.435723e-05 5.869022e-03
107 1.131243e-10 3.185633e-03
108 2.228005e-03 1.415319e-01
109 4.070329e-06 9.192136e-02
110 1.580860e-12 1.309764e-02
111 1.360643e-04 8.093464e-02
112 5.362799e-06 7.462294e-02
113 5.291039e-04 2.088685e-01
114 8.195184e-07 3.826007e-02
115 1.624737e-04 1.814989e-01
116 6.139229e-04 3.932331e-01
117 7.557574e-10 1.107232e-02
118 3.734569e-09 5.303637e-03
119 3.581295e-03 8.629453e-01
120 1.680272e-02 1.039704e+00
121 2.856917e-08 3.652941e-03
122 2.517850e-09 4.886651e-03
123 9.912529e-04 2.380853e-01
124 2.412043e-08 2.161870e-02
125 1.042066e-07 9.037706e-03
126 2.732326e-06 1.798369e-02
127 4.331432e-05 1.375914e-02
128 2.470694e-03 4.397213e-01
129 8.942263e-05 3.070902e-02
130 3.857216e-09 7.146228e-03
131 7.662841e-03 3.564560e-01
132 1.594364e-09 2.956257e-03
133 3.360145e-03 4.317933e-01
134 6.667888e-08 1.264076e-02
135 2.178147e-04 5.516924e-02
136 2.886834e-07 9.268116e-03
137 1.135921e-07 4.920568e-03
138 1.801204e-08 1.194010e-02
139 2.134658e-06 5.860988e-03
140 1.275344e-08 4.792539e-03
141 5.756289e-05 6.808753e-01
142 7.829628e-04 4.205293e-01
143 1.326114e-07 6.863021e-03
144 6.035991e-09 1.010492e-02
145 1.857788e-04 3.570176e-02
146 1.720490e-09 4.144935e-03
147 3.235310e-04 3.281636e-01
148 6.540252e-06 4.333951e-03
149 5.385834e-09 7.301641e-03
150 1.241901e-08 4.392214e-03
151 3.596266e-10 1.304888e-02
152 3.342182e-10 2.013596e-02
153 9.233351e-11 1.446093e-02
154 2.955722e-05 5.060787e-02
155 2.341657e-08 2.506618e-03
156 1.754781e-05 8.604251e-03
157 4.864927e-13 8.680756e-03
158 6.879684e-08 6.664164e-03
159 1.348956e-09 7.744466e-03
160 9.736106e-04 1.703441e-01
161 5.459501e-06 2.417991e-02
162 8.399605e-10 1.019461e-02
163 8.571390e-08 5.322993e-03
164 1.154731e-04 6.674108e-02
165 1.897360e-04 2.019211e-02
166 2.946522e-08 4.017752e-03
167 4.575208e-09 5.762129e-03
168 5.998770e-04 6.255293e-02
169 2.268339e-03 2.546718e-01
170 5.517575e-03 8.526060e-01
171 2.238152e-08 5.209152e-03
172 4.529382e-04 1.163807e-01
173 7.650082e-05 1.297127e-02
174 8.355909e-07 7.159270e-03
175 1.817680e-08 3.175905e-03
176 3.866133e-04 4.921078e-02
177 1.701864e-11 4.705824e-03
178 7.266855e-07 1.548198e-02
179 9.884893e-07 4.439739e-02
180 2.582581e-09 5.522682e-03
181 1.045289e-03 1.583701e-01
182 1.867233e-08 2.811393e-03
183 2.312710e-07 2.132947e-02
184 1.542167e-03 3.322313e-01
185 5.293338e-10 4.908230e-03
186 1.550886e-08 6.089652e-03
187 4.323712e-03 1.908914e-01
188 7.571159e-06 5.904231e-02
189 1.036298e-13 4.367818e-03
190 8.457481e-07 1.068989e-01
191 1.098365e-07 1.628886e-02
192 1.882432e-06 3.710267e-02
193 1.115143e-08 3.854125e-02
194 4.246229e-07 5.429192e-03
195 3.931058e-03 8.787742e-01
196 1.721470e-08 3.455674e-03
197 2.538245e-05 3.506516e-01
198 5.821050e-06 1.129895e-01
199 2.482732e-03 8.817154e-01
200 4.303073e-03 1.834123e-01
201 3.914442e-08 2.877824e-03
202 1.711693e-02 6.313049e-01
203 1.142231e-04 3.532037e-01
204 7.972532e-10 6.752931e-03
205 8.697416e-05 1.539344e-01
206 1.491800e-11 1.245562e-02
207 2.408647e-07 3.227268e-03
208 1.423831e-04 1.685772e-01
209 1.771254e-03 3.403810e-01
210 1.908393e-04 2.479036e-01
211 3.043431e-03 1.149190e-01
212 8.236368e-04 9.550318e-02
213 1.417598e-05 2.044184e-01
214 1.133696e-03 2.498654e-01
215 8.031956e-08 1.307352e-02
216 6.082503e-07 1.042665e-02
217 2.825479e-08 5.602698e-03
218 1.316885e-06 8.208145e-02
219 1.104161e-08 2.733815e-03
220 3.054987e-05 1.919039e-01
221 2.735748e-04 2.983552e-01
222 1.804666e-06 2.212434e-02
223 4.094255e-07 6.593301e-03
224 6.163759e-06 2.680782e-02
225 3.678698e-04 1.048443e-01
226 9.502968e-12 2.748372e-03
227 5.616067e-05 3.167134e-02
228 2.829696e-05 1.233151e-01
229 2.378265e-03 4.717126e-01
230 2.905044e-03 1.764314e-01
231 1.272603e-07 3.215805e-02
232 8.099039e-04 1.405107e-01
233 1.122142e-11 5.585563e-03
234 4.124133e-06 1.530503e-02
235 1.189048e-04 1.654797e-01
236 3.328979e-03 4.324660e-01
237 1.973566e-09 4.653923e-03
238 5.552914e-06 2.019164e-02
239 1.870985e-05 2.983778e-02
240 9.008479e-06 3.258586e-02
241 1.286080e-05 5.505991e-02
242 9.757644e-07 7.947794e-03
243 3.114376e-10 2.945907e-03
244 1.262298e-05 1.847800e-02
245 6.090768e-04 7.539649e-02
246 9.290733e-06 2.771221e-01
247 1.743795e-05 3.689442e-02
248 6.573168e-06 1.813547e-01
249 4.951959e-03 3.114660e-01
250 4.250328e-04 1.059137e-01
251 1.198563e-08 3.129909e-03
252 9.064143e-04 4.000744e-01
253 1.188963e-05 3.600797e-02
254 3.070468e-04 2.033033e-01
255 1.491728e-10 5.809972e-03
256 3.800081e-15 2.411318e-03
257 3.289124e-06 3.505244e-02
258 1.535045e-03 1.374409e-01
259 1.435343e-04 1.736172e-02
260 3.269543e-04 3.399465e-02
261 2.214679e-04 2.547453e-02
262 1.677511e-12 2.746119e-03
263 1.536633e-07 1.251794e-02
264 1.722547e-04 3.108483e-01
265 1.422218e-03 1.677922e-01
266 2.963420e-04 2.721030e-02
267 4.544176e-08 1.359452e-02
268 9.220719e-11 4.230388e-03
269 2.070911e-08 8.208329e-03
270 3.266903e-15 3.210816e-03
271 8.065840e-05 1.362631e-01
272 1.054688e-05 1.036492e-02
273 6.211541e-06 2.103494e-01
274 7.581817e-05 1.813226e-02
275 1.207746e-06 7.752521e-03
276 1.427402e-11 6.606335e-03
277 2.567761e-05 1.610100e-02
278 8.638495e-08 2.877653e-02
279 2.365751e-09 9.721857e-03
280 1.212943e-03 5.897016e-01
281 2.084102e-05 2.136417e-01
282 3.512787e-08 1.144919e-02
283 4.380057e-06 9.195305e-02
284 6.443436e-09 1.573905e-02
285 3.572950e-05 1.877359e-01
286 6.063762e-10 4.100823e-03
287 2.160025e-04 5.273803e-02
288 3.139571e-05 2.237382e-02
289 4.264820e-09 1.650219e-02
290 5.473377e-07 8.336191e-02
291 1.398827e-09 3.418412e-03
292 4.595451e-08 1.445412e-02
293 7.894209e-14 6.291494e-03
294 1.900648e-10 3.035316e-03
295 3.892591e-09 7.235288e-02
296 9.023730e-06 2.565115e-01
297 7.389543e-06 1.557626e-02
298 1.675094e-10 4.840033e-03
299 3.587975e-08 7.429814e-03
300 1.514339e-06 6.919964e-02
301 1.076943e-02 1.167764e+00
302 4.077956e-05 1.270175e-01
303 5.381085e-08 5.544051e-02
304 6.916660e-07 5.460150e-03
305 1.845863e-03 2.787668e-01
306 2.015182e-05 9.366640e-03
307 1.049010e-03 3.267492e-01
308 4.174734e-04 1.411241e-02
309 8.446785e-04 4.486567e-01
310 1.092445e-09 1.111191e-02
311 1.437109e-04 1.288514e-02
312 1.462330e-05 4.555098e-02
313 1.936351e-03 2.850768e-01
314 1.403369e-08 8.523309e-03
315 5.811929e-04 3.219947e-02
316 3.912877e-04 6.657670e-01
317 7.438898e-04 6.568674e-02
318 4.181786e-04 2.920977e-01
319 2.615137e-03 1.075236e-01
320 4.817334e-06 2.400688e-02
321 1.833324e-07 4.040633e-03
322 1.545147e-11 4.721325e-03
323 3.490419e-03 1.058285e+00
324 8.292121e-09 3.442968e-02
325 5.758639e-07 4.289611e-02
326 8.599165e-08 9.626012e-03
327 1.470980e-04 1.726928e-02
328 2.325641e-07 1.756171e-02
329 1.880915e-03 1.513585e-01
330 1.198641e-07 5.943518e-03
331 2.161145e-04 1.885500e-01
332 3.592673e-06 1.652660e-02
333 1.738756e-07 6.112807e-03
334 6.317324e-05 3.194521e-02
335 8.275065e-12 4.417457e-03
336 1.556230e-08 5.615594e-03
337 3.385615e-11 3.127978e-03
338 4.778989e-04 2.434531e-01
339 5.944382e-05 1.361164e-01
340 2.313422e-09 3.009230e-02
341 1.142688e-04 1.379593e-01
342 1.302295e-04 2.433525e-01
343 5.008523e-12 8.551407e-03
344 3.069262e-03 1.079907e-01
345 3.506698e-03 1.334817e+00
346 4.218848e-06 5.614360e-02
347 7.631263e-13 3.186263e-03
348 1.553179e-03 5.785818e-01
349 1.867287e-04 2.437115e-02
350 6.692938e-10 7.126423e-03
351 1.265364e-03 4.474514e-01
352 2.176456e-08 3.180987e-02
353 2.052244e-07 3.572755e-03
354 1.479462e-03 2.542153e-01
355 1.283356e-04 4.981023e-02
356 4.333563e-07 2.017707e-02
357 1.383470e-03 3.614037e-01
358 1.333508e-09 1.647031e-02
359 7.513689e-08 4.247053e-03
360 2.282569e-10 3.776228e-02
361 2.260705e-04 8.112377e-02
362 1.091701e-05 5.830008e-02
363 4.352757e-03 7.400533e-01
364 5.537725e-04 4.012322e-01
365 6.393444e-10 3.494658e-02
366 7.723625e-09 4.970790e-02
367 3.422674e-08 5.242835e-03
368 2.846424e-04 3.511791e-01
369 5.500834e-09 6.410869e-03
370 7.019129e-08 1.285203e-02
371 3.729203e-07 7.755196e-02
372 1.664187e-03 2.248396e-01
373 3.357182e-07 5.156222e-03
374 7.091691e-14 4.621856e-03
375 1.251884e-10 2.766087e-03
376 3.169010e-06 5.502269e-03
377 4.164013e-03 9.002682e-01
378 1.177397e-09 5.544394e-03
379 1.182811e-04 1.269347e-01
380 1.761213e-03 8.941148e-01
381 4.455618e-08 2.466954e-02
382 1.102129e-09 4.644670e-03
383 4.762310e-05 1.293730e-01
384 1.646800e-07 3.020964e-02
385 1.584946e-06 3.081307e-02
386 1.382328e-09 3.011655e-03
387 1.309734e-04 3.226845e-02
388 1.679560e-05 2.277557e-01
389 3.591210e-07 1.971141e-02
390 6.728540e-06 6.890677e-02
391 4.299057e-06 3.360917e-02
392 3.300132e-03 3.886279e-01
393 2.077992e-12 3.752594e-03
394 1.213560e-02 7.777629e-01
395 1.646222e-05 2.867784e-02
396 5.235239e-10 1.448075e-02
397 2.225162e-04 7.698080e-02
398 4.938550e-12 5.555251e-03
399 9.736573e-05 6.816742e-02
400 4.270867e-06 2.580921e-02
401 3.726790e-11 2.967371e-03
402 5.276031e-08 1.020871e-02
403 2.275150e-05 1.511662e-01
404 5.349804e-08 1.643437e-02
405 7.896108e-10 9.416638e-03
406 1.646997e-04 6.053855e-01
407 6.569686e-06 8.039778e-02
408 1.282947e-06 3.047989e-02
409 8.062361e-09 3.862168e-02
410 2.192984e-05 8.755331e-03
411 1.167390e-08 5.111906e-03
412 2.274570e-06 8.023261e-02
413 5.970786e-06 3.192288e-02
414 9.043256e-06 2.968503e-02
415 5.588099e-12 2.579059e-03
416 1.505038e-03 1.475430e-01
417 1.040553e-05 8.765267e-03
418 1.209193e-04 3.924346e-01
419 1.585019e-02 2.941178e-01
420 1.972702e-07 1.058897e-01
421 6.057676e-08 7.547460e-03
422 4.877892e-05 3.366485e-02
423 4.406505e-04 4.869252e-02
424 9.668678e-05 2.109618e-02
425 8.518261e-05 4.728190e-01
426 7.435015e-06 1.277717e-02
427 1.035695e-03 9.113316e-02
428 1.861384e-05 1.067136e-01
429 2.195256e-08 1.573499e-02
430 5.513459e-04 4.497953e-02
431 3.878663e-12 2.443199e-03
432 1.486189e-06 1.063968e-02
433 7.979696e-11 2.831439e-03
434 3.495323e-08 3.977410e-03
435 3.754307e-04 4.284658e-01
436 1.016307e-08 3.406507e-03
437 1.251111e-03 7.130131e-01
438 1.208017e-11 4.796904e-03
439 2.089575e-08 4.450119e-03
440 1.018109e-05 1.476583e-02
441 7.630445e-06 1.663206e-02
442 2.436627e-08 4.754502e-03
443 6.993853e-08 5.271157e-03
444 2.957100e-04 3.706137e-02
445 7.033473e-04 1.806202e-01
446 6.266875e-07 3.554637e-02
447 3.054396e-06 4.204354e-03
448 5.088450e-05 6.683719e-02
449 8.357488e-10 6.232280e-03
450 6.740899e-06 2.226566e-02
451 7.999932e-11 2.606732e-03
452 6.062459e-04 3.871084e-01
453 2.117399e-07 1.062660e-02
454 7.127984e-05 4.553921e-02
455 3.420778e-06 1.275813e-02
456 4.905338e-03 8.129659e-02
457 4.865478e-04 2.144052e-01
458 7.283429e-06 1.103469e-01
459 3.148938e-08 1.980703e-02
460 5.952610e-04 1.690662e-01
461 2.628332e-07 4.436060e-03
462 2.518186e-08 7.750282e-03
463 2.476030e-03 3.765628e-01
464 4.634871e-08 1.297610e-02
465 1.748775e-07 9.007360e-03
466 6.400157e-07 3.838734e-03
467 2.425675e-08 1.494086e-02
468 1.684100e-15 2.943654e-03
469 8.415270e-04 9.299059e-02
470 4.106598e-03 3.730671e-01
471 6.335157e-07 6.424511e-03
472 6.464946e-06 6.015506e-03
473 2.355107e-03 3.665261e-01
474 1.423750e-03 1.625824e-01
475 4.319205e-10 6.283998e-03
476 3.297454e-07 1.011131e-02
477 2.512477e-04 4.388995e-01
478 1.854692e-08 3.495098e-03
479 1.199934e-08 4.743098e-03
480 1.553582e-07 9.092241e-03
481 1.203004e-04 5.663445e-02
482 9.786153e-10 2.372201e-02
483 5.980751e-11 2.810324e-03
484 4.003941e-08 3.797448e-03
485 5.725960e-07 5.347247e-03
486 3.292407e-05 2.652835e-02
487 1.502400e-04 2.486823e-02
488 8.827422e-10 2.705605e-03
489 9.816970e-03 1.227600e+00
490 2.620167e-05 7.206080e-02
491 5.982958e-04 1.990533e-01
492 2.043041e-03 3.220042e-01
493 4.905610e-07 3.510293e-03
494 3.158359e-03 9.500224e-01
495 4.354880e-03 9.349776e-01
496 1.447710e-11 2.616621e-03
497 2.171740e-05 3.834739e-02
498 2.046578e-10 7.096009e-03
499 1.860267e-09 4.516777e-03
500 1.272397e-10 4.242592e-03
501 5.965660e-03 5.101958e-01
502 7.643911e-09 1.441639e-02
503 1.380308e-05 9.902478e-03
504 8.961163e-04 5.530739e-01
505 1.478914e-03 1.719912e-01
506 1.214189e-08 1.494589e-02
507 1.649936e-09 5.700902e-03
508 1.861181e-10 3.908046e-03
509 3.018215e-04 1.383158e-01
510 1.206116e-06 1.292465e-02
511 5.101135e-05 2.662780e-01
512 8.315153e-09 4.294354e-03
513 1.909145e-08 3.654256e-03
514 1.683910e-09 3.986679e-03
515 9.548176e-04 2.221782e-01
516 1.835600e-10 6.129511e-03
517 1.276326e-10 2.725715e-03
518 3.220834e-09 6.520687e-03
519 4.833166e-07 9.588258e-03
520 7.012678e-07 8.677772e-03
521 3.870089e-08 7.363246e-03
522 5.844373e-06 1.503136e-02
523 4.060546e-06 3.812912e-02
524 8.562371e-09 3.409878e-03
525 3.271004e-06 4.986819e-03
526 4.060316e-08 5.863581e-03
527 1.879024e-11 3.308530e-03
528 6.682460e-04 2.633157e-01
529 2.718484e-03 1.170654e+00
530 8.142390e-06 2.593496e-02
531 1.233815e-09 2.605548e-03
532 6.111494e-11 5.971082e-03
533 8.101775e-05 2.333636e-02
534 3.513823e-09 6.601810e-02
535 1.225397e-04 5.165464e-02
536 3.129374e-05 2.152863e-01
537 5.811724e-04 3.035774e-01
538 7.432958e-03 6.914217e-01
539 5.823398e-08 8.260999e-03
540 1.707680e-07 1.844123e-02
541 3.462186e-03 3.389026e-01
542 5.739799e-06 1.922178e-01
543 1.385832e-08 7.642225e-03
544 3.795885e-06 3.038666e-02
545 2.280270e-10 1.105952e-02
546 3.509707e-09 1.289827e-02
547 6.378944e-04 6.811875e-01
548 1.256729e-03 7.251069e-01
549 5.093774e-06 5.729052e-02
550 2.739777e-05 2.050917e-02
551 2.490186e-07 1.162541e-02
552 8.539310e-07 6.167258e-03
553 1.890085e-08 3.982520e-03
554 4.485493e-09 6.230233e-03
555 1.884177e-06 2.082255e-02
556 6.880278e-06 2.266988e-02
557 1.247408e-03 2.551796e-01
558 2.619990e-03 6.993519e-02
559 3.539739e-04 1.418488e-01
560 1.851870e-04 9.067634e-03
561 1.161120e-05 1.757536e-02
562 9.776227e-14 2.855363e-03
563 7.110603e-04 4.690547e-01
564 2.233742e-03 1.793315e-01
565 2.386796e-04 1.919764e-02
566 2.934343e-07 6.996705e-03
567 2.369790e-03 5.838356e-01
568 2.787104e-09 6.033314e-02
569 5.942743e-06 3.109303e-02
570 1.152051e-05 1.214617e-02
571 6.068093e-04 4.905130e-01
572 1.661649e-06 7.931610e-03
573 3.429375e-04 1.428187e-01
574 1.289012e-05 2.039919e-02
575 6.097433e-06 4.773000e-03
576 3.374207e-03 1.787717e-01
577 2.116855e-09 3.231240e-02
578 3.068817e-04 1.710829e-01
579 5.218103e-05 1.285968e-02
580 6.383636e-04 7.369571e-01
581 5.126336e-03 6.286743e-01
582 2.304454e-06 2.633100e-02
583 1.572738e-05 8.516749e-02
584 1.346529e-06 3.178461e-02
585 6.728598e-10 5.970315e-03
586 1.161613e-03 1.179757e-01
587 1.489717e-09 1.330657e-02
588 1.447531e-03 4.432586e-01
589 5.652915e-03 6.325901e-01
590 8.104263e-05 2.154033e-01
591 1.192429e-05 9.377114e-03
592 1.837628e-04 5.699225e-02
593 6.605083e-07 1.389912e-02
594 1.021240e-04 2.495841e-02
595 9.750172e-05 1.495371e-01
596 8.627623e-07 1.668002e-02
597 5.343711e-07 1.649684e-02
598 2.014976e-07 1.209444e-02
599 2.086824e-07 1.333710e-02
600 5.895713e-06 1.989974e-02
601 5.706037e-07 5.521249e-03
