1 7.713604e-04 6.941059e-02
2 4.106130e-05 5.531012e-02
3 5.519243e-05 1.321840e-02
4 7.662939e-05 5.685334e-03
5 6.760332e-08 2.613053e-03
6 3.657980e-03 7.157708e-01
7 1.329534e-02 1.116692e+00
8 9.589335e-05 2.634128e-01
9 1.524562e-06 3.473471e-02
10 6.414038e-04 1.765840e-01
11 1.489996e-08 4.792295e-03
12 1.795431e-05 9.032925e-03
13 1.075264e-03 2.450433e-01
14 1.658303e-05 1.212628e-02
15 3.034067e-03 2.180231e-01
16 3.217210e-03 1.298772e-01
17 8.789439e-07 6.373540e-03
18 1.411792e-03 4.117793e-02
19 1.750927e-03 1.598599e-01
20 6.725274e-08 3.054915e-03
21 2.015333e-02 9.311430e-01
22 2.459527e-04 1.764780e-02
23 6.395666e-06 3.047548e-03
24 9.163992e-04 5.470185e-02
25 7.449834e-05 1.198405e-02
26 4.840144e-05 1.385935e-02
27 3.795619e-05 8.378525e-03
28 8.467765e-08 4.315240e-03
29 2.382764e-03 3.388089e-01
30 2.784034e-02 1.019052e+00
31 7.301295e-05 7.437672e-02
32 6.954709e-03 2.015964e-01
33 1.040663e-07 2.837844e-03
34 1.231367e-08 4.800316e-03
35 1.546965e-04 2.995203e-02
36 2.472221e-03 5.126117e-01
37 8.039739e-07 3.813177e-03
38 7.762620e-06 5.167945e-02
39 1.895379e-08 2.539830e-03
40 5.271088e-07 4.964003e-03
41 8.763293e-04 1.287712e-01
42 1.009029e-04 9.620807e-02
43 2.678069e-05 4.874721e-02
44 2.005728e-05 7.827250e-03
45 8.593564e-05 4.516954e-02
46 7.775433e-05 8.293299e-03
47 6.762071e-03 2.942843e-01
48 3.582160e-07 2.121083e-02
49 2.090529e-06 5.473584e-03
50 3.660397e-03 7.405914e-01
51 1.303952e-02 2.372225e-01
52 5.038935e-04 4.919567e-02
53 7.982359e-07 2.689779e-03
54 1.653177e-06 3.109090e-03
55 1.649995e-04 1.670356e-02
56 1.656456e-03 6.315805e-02
57 4.611549e-05 6.466508e-02
58 1.434819e-04 4.329588e-02
59 4.814972e-03 1.725778e-01
60 4.765106e-05 5.042194e-02
61 9.568610e-03 4.605914e-01
62 7.060667e-03 1.573800e-01
63 1.621368e-07 3.769753e-03
64 8.114055e-05 3.442581e-02
65 4.265480e-05 1.798599e-01
66 2.226791e-09 2.676690e-03
67 1.121717e-06 3.921341e-02
68 1.112652e-06 6.663653e-03
69 7.572773e-06 8.487354e-03
70 3.087281e-07 1.155021e-02
71 4.338519e-04 1.994829e-01
72 6.139532e-07 4.446418e-03
73 4.978947e-08 4.352833e-03
74 5.197537e-04 9.975702e-02
75 4.417851e-07 3.034505e-03
76 6.019602e-06 1.147023e-02
77 4.866721e-09 5.688617e-03
78 5.701868e-03 3.927831e-01
79 5.966616e-03 4.682363e-01
80 1.850325e-06 6.037658e-02
81 1.001137e-08 4.248417e-03
82 1.005909e-06 3.996760e-03
83 8.103087e-07 4.309530e-03
84 2.750658e-06 7.049705e-03
85 9.504469e-04 1.501242e-01
86 1.917821e-05 3.297754e-02
87 2.004855e-07 3.809831e-03
88 1.636185e-08 7.631590e-03
89 1.005336e-02 2.057590e-01
90 3.592882e-04 7.441813e-02
91 7.262776e-08 4.012575e-03
92 1.017515e-02 7.617588e-01
93 4.934621e-06 5.648399e-03
94 1.831900e-06 6.008913e-03
95 5.111915e-04 5.647065e-02
96 5.581864e-08 4.637651e-03
97 7.981582e-06 1.396250e-02
98 5.008438e-07 5.167438e-03
99 7.972283e-07 3.825104e-03
100 9.431511e-03 1.477508e+00
101 3.610799e-06 9.855876e-03
102 1.728056e-07 7.138590e-03
103 9.802862e-04 1.269413e-01
104 8.865719e-04 7.749952e-02
105 3.189823e-04 3.854965e-02
106 2.112911e-04 7.561527e-03
107 6.710134e-06 4.052246e-03
108 1.110197e-05 4.549709e-03
109 1.209984e-06 1.114253e-02
110 1.713746e-04 7.241742e-02
111 3.000180e-07 9.029607e-03
112 2.291345e-05 3.607687e-03
113 1.943040e-03 6.363243e-02
114 1.125428e-03 8.851416e-02
115 4.019993e-03 6.906960e-01
116 3.188171e-03 1.660746e-01
117 1.550171e-03 1.289328e-01
118 1.917149e-02 9.677508e-01
119 2.761890e-04 2.590174e-02
120 1.043314e-04 6.253531e-02
121 2.239970e-03 1.005515e-01
122 4.904718e-05 2.738647e-02
123 6.496445e-08 6.346243e-03
124 3.855872e-05 1.186202e-02
125 1.166429e-05 9.791462e-03
126 1.164013e-03 7.509278e-02
127 1.517206e-05 8.813715e-03
128 2.272771e-04 2.249156e-02
129 1.998919e-04 2.085126e-02
130 3.907911e-06 7.260299e-03
131 9.434271e-06 7.710479e-03
132 7.274041e-05 2.115204e-02
133 1.713290e-04 1.923031e-02
134 2.729824e-04 7.195474e-02
135 9.762904e-06 8.288925e-03
136 6.733025e-05 1.400805e-02
137 9.890863e-06 1.459021e-02
138 4.182024e-06 1.121258e-02
139 4.479444e-06 1.186449e-02
140 1.148899e-07 5.661177e-03
141 1.886886e-06 1.117087e-02
142 7.015345e-07 1.047935e-02
143 2.452680e-05 7.028742e-03
144 4.364800e-06 1.436721e-02
145 1.074471e-05 7.943349e-03
146 7.905704e-07 6.838456e-03
147 3.411805e-05 1.634202e-02
148 4.184333e-06 1.093789e-02
149 4.032195e-06 1.193980e-02
150 6.842155e-07 6.153599e-03
151 5.504047e-06 1.426521e-02
152 4.119161e-06 6.232542e-03
153 1.866764e-06 1.425678e-02
154 1.775330e-06 1.320994e-02
155 4.800013e-06 1.245910e-02
156 4.721963e-04 2.408409e-02
157 2.491669e-05 8.313398e-03
158 2.685996e-05 1.851985e-02
159 1.945978e-04 2.654177e-02
160 1.708789e-04 3.452737e-02
161 3.363692e-05 2.055433e-02
162 2.905994e-05 2.034950e-02
163 2.870682e-05 2.335908e-02
164 2.254049e-05 9.965289e-03
165 2.146528e-05 5.121057e-03
166 2.167190e-05 6.325790e-03
167 6.781891e-05 1.170757e-02
168 2.960898e-05 1.129146e-02
169 4.455679e-05 1.583963e-02
170 1.892539e-05 3.025230e-02
171 1.383634e-05 2.127061e-02
172 5.951144e-06 7.711534e-03
173 4.728320e-05 2.348426e-02
174 2.093342e-03 1.754865e-01
175 7.432349e-06 1.816372e-02
176 4.314438e-05 3.109247e-02
177 4.139711e-05 2.222800e-02
178 2.030806e-05 2.560339e-02
179 1.276401e-04 2.987548e-02
180 1.285994e-04 3.196799e-02
181 7.041316e-06 9.793752e-03
182 4.240852e-05 2.878197e-02
183 4.289996e-05 2.596816e-02
184 5.630545e-05 4.587650e-02
185 1.227349e-04 2.618098e-02
186 3.095411e-04 2.886527e-02
187 5.781704e-05 1.535382e-02
188 8.487372e-05 1.018523e-02
189 1.464628e-04 3.752954e-02
190 5.096150e-05 1.663152e-02
191 2.205799e-04 4.749581e-02
192 5.301387e-06 1.326873e-02
193 1.578212e-05 3.883947e-02
194 2.256032e-06 1.292808e-02
195 1.121319e-04 1.995154e-02
196 9.212105e-05 3.904441e-02
197 2.307566e-04 2.686658e-02
198 2.147165e-04 2.384011e-02
199 1.119234e-05 1.906319e-02
200 3.166282e-07 5.386980e-03
201 2.291560e-06 1.253690e-02
202 1.526922e-05 2.199658e-02
203 1.692977e-06 5.884061e-03
204 6.380037e-06 1.870319e-02
205 3.033080e-05 2.583721e-02
206 3.693300e-07 1.184436e-02
207 2.595924e-05 8.601155e-03
208 2.790613e-06 2.562675e-02
209 5.279640e-06 1.295045e-02
210 1.208103e-05 1.930399e-02
211 4.958612e-06 1.536583e-02
212 2.267105e-04 5.229166e-02
213 4.224166e-05 5.283097e-02
214 1.217822e-07 3.766281e-03
215 3.476625e-05 2.163861e-02
216 1.893879e-05 6.506481e-02
217 6.169626e-06 1.589251e-02
218 1.736796e-04 2.284934e-02
219 4.024675e-05 1.499438e-02
220 1.516535e-07 1.511302e-02
221 1.914328e-05 4.353849e-02
222 6.256025e-06 3.007575e-02
223 1.653162e-03 1.870552e-01
224 3.515284e-04 1.065109e-02
225 1.011975e-05 8.460433e-03
226 3.592228e-06 3.358526e-03
227 4.017197e-06 6.713570e-03
228 9.448695e-06 8.396085e-03
229 4.893887e-06 1.402508e-02
230 1.124765e-05 1.408963e-02
231 2.866280e-05 1.484936e-02
232 2.866280e-05 1.484936e-02
233 3.988234e-06 6.989207e-03
234 2.171045e-07 4.964151e-03
235 1.634456e-06 6.945593e-03
236 1.097828e-07 5.284176e-03
237 9.983925e-06 7.084313e-03
238 3.813067e-06 6.994513e-03
239 1.634456e-06 6.945593e-03
240 1.557839e-06 6.936559e-03
241 5.299160e-07 4.972320e-03
242 4.050108e-06 1.596844e-02
243 5.896159e-07 4.760461e-03
244 7.307587e-07 7.699619e-03
245 3.989436e-06 7.007091e-03
246 9.983925e-06 7.084313e-03
247 1.326163e-06 4.982577e-03
248 3.989436e-06 7.007091e-03
249 9.646803e-06 7.089186e-03
250 3.989436e-06 7.007091e-03
251 1.418884e-06 6.872660e-03
252 4.140279e-06 6.346962e-03
253 5.499525e-07 4.747459e-03
254 3.713321e-06 8.268949e-03
255 1.563127e-06 8.124643e-03
256 2.154032e-07 4.674742e-03
257 3.550886e-06 6.900125e-03
258 3.623225e-04 6.370344e-02
259 2.157589e-05 3.484333e-02
260 5.387469e-05 3.874151e-02
261 3.431427e-04 7.031127e-02
262 8.491130e-06 1.457313e-02
263 5.519326e-05 2.783844e-02
264 3.487423e-04 7.492407e-02
265 3.348402e-04 4.505888e-02
266 9.395369e-04 1.374095e-01
267 4.377755e-05 1.248881e-02
268 6.377994e-06 7.035911e-03
269 2.298747e-05 1.671658e-02
270 7.153068e-06 1.322676e-02
271 1.031437e-06 5.900538e-03
272 7.185596e-06 1.097403e-02
273 2.011208e-05 1.562368e-02
274 6.895619e-06 1.123539e-02
275 4.966480e-05 2.862004e-02
276 6.705632e-05 6.772017e-02
277 1.345359e-04 2.781688e-02
278 5.502579e-05 3.899696e-02
279 2.179717e-05 2.408207e-02
280 1.855370e-05 1.314239e-02
281 4.676974e-05 1.122093e-02
282 1.551671e-05 7.310004e-03
283 1.001290e-06 5.895260e-03
284 1.351318e-04 4.254390e-02
285 2.341838e-03 2.720384e-01
286 9.081201e-04 2.182582e-01
287 2.991454e-04 6.287628e-02
288 1.613326e-05 1.127367e-02
289 2.960052e-04 5.199660e-02
290 8.866076e-04 1.458597e-01
291 3.638827e-04 6.804871e-02
292 1.162556e-04 3.359823e-02
293 2.542447e-03 6.509756e-01
294 1.700667e-05 1.304406e-02
295 2.796481e-03 4.096773e-01
296 9.799873e-04 1.921543e-01
297 2.327009e-03 8.108069e-01
298 4.112139e-03 2.213471e-01
299 3.034706e-03 1.153114e-01
300 4.026478e-07 1.636082e-02
301 2.058128e-03 6.286813e-02
302 9.464332e-05 4.296285e-02
303 3.939311e-05 1.612046e-02
304 4.843017e-05 3.412592e-02
305 9.692382e-05 3.241840e-02
306 1.536241e-06 4.013710e-03
307 1.096054e-05 7.231313e-03
308 3.556953e-05 3.593113e-02
309 1.653318e-03 8.851661e-02
310 9.530993e-07 7.444154e-03
311 1.398374e-05 1.271753e-02
312 1.070681e-04 1.977665e-02
313 1.154243e-05 5.917583e-03
314 1.052924e-05 7.785760e-03
315 3.312064e-07 7.104587e-03
316 6.355765e-04 1.251326e-01
317 1.999466e-08 4.954675e-03
318 3.459772e-07 5.466500e-03
319 1.198255e-04 6.168944e-02
320 5.336010e-08 4.105184e-03
321 3.414534e-07 1.290189e-02
322 7.961578e-04 3.975248e-02
323 3.310974e-03 3.956173e-01
324 1.480047e-05 5.026106e-03
325 8.100468e-06 9.565343e-03
326 2.852324e-05 1.951932e-02
327 4.826167e-06 4.760065e-02
328 1.145857e-03 7.811771e-02
329 1.670431e-03 1.062866e-01
330 5.556428e-04 1.035368e-01
331 1.611470e-03 1.736114e-01
332 4.116781e-03 4.867985e-01
333 1.447560e-03 2.829408e-01
334 1.325983e-05 8.696399e-02
335 3.013084e-05 1.909101e-02
336 2.210139e-03 4.716703e-01
337 2.952944e-03 1.584114e-01
338 1.826805e-05 1.603110e-02
339 9.517363e-05 3.619412e-02
340 1.171053e-07 5.483497e-03
341 2.525193e-07 4.297850e-03
342 8.156855e-07 8.879812e-03
343 1.369876e-05 1.504768e-02
344 1.381776e-05 9.933943e-03
345 5.377721e-08 3.219753e-03
346 1.406181e-05 6.463160e-03
347 1.535365e-05 9.505713e-03
348 1.001303e-06 8.756122e-03
349 1.634062e-05 1.266993e-02
350 8.601527e-07 4.531998e-03
351 4.976217e-06 5.970979e-03
352 1.941922e-08 3.025860e-03
353 3.740477e-07 4.949692e-03
354 3.446640e-07 3.871082e-03
355 2.551759e-04 4.218106e-02
356 1.027323e-07 2.707942e-03
357 2.552903e-05 6.172941e-03
358 2.527184e-04 5.654848e-02
359 2.051276e-06 5.649622e-03
360 1.790561e-06 5.563192e-03
361 2.012167e-06 6.552756e-03
362 3.200024e-06 1.577296e-02
363 1.692620e-06 3.718970e-03
364 1.941922e-08 3.025860e-03
365 1.416417e-05 1.517877e-02
366 1.397544e-05 2.513993e-02
367 1.418532e-05 1.192522e-02
368 1.634062e-05 1.266993e-02
369 3.587949e-05 2.635896e-02
370 2.251564e-05 8.830674e-03
371 2.086010e-05 6.974435e-03
372 1.356655e-02 5.882757e-01
373 1.229222e-04 4.436596e-02
374 8.773822e-03 4.764032e-01
375 1.732274e-04 3.781179e-02
376 5.379889e-03 2.567265e-01
377 1.407826e-04 5.499685e-02
378 1.342481e-03 1.129908e-01
379 1.536789e-06 3.484693e-03
380 1.234625e-05 1.068805e-02
381 1.890000e-06 8.608780e-03
382 8.316343e-04 9.036155e-02
383 5.878051e-05 9.915751e-03
384 1.022449e-05 6.835600e-03
385 3.076316e-05 1.680082e-02
386 4.694095e-04 1.173051e-01
387 6.785494e-05 9.023522e-03
388 1.293983e-03 1.530730e-01
389 3.801496e-03 3.060641e-01
390 3.819651e-04 3.436429e-02
391 8.432132e-04 6.709116e-02
392 2.466993e-03 3.276036e-01
393 1.210865e-02 4.092047e-01
394 1.008675e-04 3.976907e-02
395 1.245536e-04 4.800872e-02
396 3.380479e-05 1.278660e-02
397 6.184022e-06 7.433984e-03
398 7.844687e-04 1.181988e-01
399 2.737124e-06 1.273402e-02
400 4.810114e-05 2.744325e-02
401 5.846023e-06 8.964552e-03
402 1.552295e-05 1.044293e-02
403 1.054798e-06 1.096853e-02
404 9.508648e-07 8.841507e-03
405 9.832476e-05 2.621351e-02
406 1.752015e-05 4.003351e-02
407 5.846023e-06 8.964552e-03
408 2.964594e-04 4.833521e-02
409 7.118329e-03 4.768968e-01
410 9.101094e-07 6.802772e-03
411 1.545308e-05 1.085142e-02
412 3.892193e-05 1.489026e-02
413 4.076879e-05 9.525125e-03
414 3.602818e-05 1.368969e-02
415 1.098656e-04 2.637194e-02
416 2.275749e-06 6.893629e-03
417 9.359478e-07 6.471576e-03
418 1.421630e-03 5.381804e-02
419 3.476857e-03 7.491043e-02
420 7.157231e-05 4.487458e-03
421 9.635756e-05 1.251766e-02
422 2.308327e-04 1.545154e-02
423 2.258650e-06 5.980834e-03
424 5.932937e-04 1.762591e-02
425 6.869999e-04 3.102082e-02
426 2.181711e-04 1.908852e-02
427 5.932937e-04 1.762591e-02
428 4.178393e-05 8.242636e-03
429 1.048147e-06 7.669680e-03
430 2.266381e-04 1.514310e-02
431 1.809053e-05 9.458310e-03
432 2.258650e-06 5.980834e-03
433 6.869999e-04 3.102082e-02
434 9.367461e-05 1.107501e-02
435 2.556236e-06 5.703373e-03
436 1.715297e-03 5.652485e-02
437 9.638000e-05 9.394433e-03
438 1.640054e-05 8.141999e-03
439 4.428410e-03 7.413672e-02
440 4.148336e-05 1.078333e-02
441 1.343130e-03 3.099913e-02
442 2.450112e-03 7.501699e-01
443 5.589888e-03 4.017848e-01
444 4.923616e-03 5.708051e-01
445 3.281527e-03 2.482856e-01
446 3.225151e-07 2.673153e-03
447 1.424415e-07 4.180000e-03
448 1.482724e-07 4.032441e-03
449 9.555752e-07 4.515864e-03
450 3.451529e-07 3.046126e-03
451 1.579454e-05 1.029328e-02
452 2.226133e-03 1.008133e-01
453 2.948861e-07 4.220932e-03
454 2.615100e-06 1.192981e-02
455 3.725885e-07 6.455782e-03
456 1.312938e-07 3.614315e-03
457 8.945818e-07 2.944742e-03
458 1.424415e-07 4.180000e-03
459 2.860299e-03 4.455708e-01
460 1.474067e-04 6.939584e-02
461 1.733895e-05 3.545200e-02
462 1.549696e-05 1.432056e-02
463 8.893122e-07 4.474111e-03
464 8.098597e-07 4.266223e-03
465 2.836217e-06 7.624196e-03
466 8.888446e-07 4.307444e-03
467 4.114386e-05 8.100510e-03
468 1.369210e-05 5.969706e-03
469 1.403701e-05 5.203983e-03
470 5.268668e-06 3.276672e-03
471 8.893122e-07 4.474111e-03
472 3.135094e-07 3.586443e-03
473 1.317448e-07 4.012242e-03
474 1.222390e-07 3.580400e-03
475 5.142842e-04 1.766927e-02
476 2.741220e-05 1.390532e-02
477 2.596202e-05 9.147150e-03
478 5.120713e-04 5.226347e-02
479 2.118559e-05 8.745491e-03
480 6.696775e-05 2.242845e-02
481 1.484878e-05 3.404055e-02
482 6.130955e-06 2.332188e-02
483 5.716322e-06 1.650032e-02
484 6.999180e-07 4.131853e-03
485 9.601914e-06 6.415359e-03
486 3.145250e-05 1.734935e-02
487 5.656987e-06 1.119158e-02
488 9.536454e-06 7.308781e-03
489 2.989975e-03 5.187907e-01
490 9.859693e-06 9.381481e-03
491 9.859693e-06 9.381481e-03
492 3.595731e-06 5.837082e-03
493 9.859693e-06 9.381481e-03
494 9.064311e-06 4.836430e-03
495 2.070942e-05 6.051905e-03
496 6.040002e-07 4.192464e-03
497 9.939216e-06 9.010599e-03
498 8.745177e-06 4.567480e-03
499 2.193723e-05 5.938452e-03
500 3.409791e-06 4.480684e-03
501 3.099733e-03 3.335476e-01
502 4.520409e-06 8.813895e-03
503 2.735283e-05 1.693864e-02
504 2.639996e-05 2.039425e-02
505 9.859693e-06 9.381481e-03
506 4.182815e-04 3.507917e-02
507 4.245851e-06 8.277371e-03
508 1.544524e-06 4.479935e-03
509 8.068427e-05 4.589526e-02
510 6.518226e-07 4.443438e-03
511 2.017961e-04 5.337744e-02
512 6.249360e-05 2.349724e-02
513 4.704787e-04 7.606672e-02
514 4.277111e-03 3.267777e-01
515 9.228619e-05 3.681029e-02
516 7.297627e-05 2.766423e-02
517 2.227531e-04 5.062188e-02
518 7.297627e-05 2.766423e-02
519 2.905932e-05 1.571882e-02
520 1.411625e-05 2.388160e-02
521 3.620432e-05 2.408034e-02
522 3.620432e-05 2.408034e-02
523 6.558825e-05 1.734150e-02
524 3.581311e-05 2.415774e-02
525 8.578781e-05 2.456981e-02
526 8.861602e-05 2.504310e-02
527 2.546374e-04 4.499313e-02
528 9.185081e-05 2.466195e-02
529 2.034726e-04 2.535958e-02
530 1.709308e-04 4.582492e-02
531 2.546374e-04 4.499313e-02
532 4.404519e-05 3.118232e-02
533 9.928446e-05 4.359531e-02
534 1.088086e-04 4.431913e-02
535 3.665782e-05 2.434274e-02
536 2.534361e-04 3.243068e-02
537 6.140361e-04 7.075918e-02
538 2.268373e-04 6.416832e-02
539 3.665782e-05 2.434274e-02
540 2.546374e-04 4.499313e-02
541 2.496172e-04 5.029066e-02
542 1.738659e-04 1.732644e-02
543 9.391679e-05 4.975727e-02
544 3.489109e-05 2.423959e-02
545 2.713420e-05 1.246131e-02
546 9.533721e-05 2.634934e-02
547 4.805954e-06 7.818045e-03
548 3.257729e-05 1.703245e-02
549 2.124168e-08 3.518743e-03
550 7.791896e-05 4.244113e-02
551 1.265710e-05 1.364217e-02
552 5.924058e-06 2.345850e-02
553 2.234108e-04 1.795698e-02
554 8.189769e-05 1.606296e-02
555 8.608769e-05 4.132941e-02
556 3.921835e-06 4.782395e-03
557 3.725725e-07 6.722877e-03
558 4.098152e-07 1.272389e-02
559 1.215289e-05 8.004046e-03
560 5.506721e-06 1.013597e-02
561 2.987034e-05 1.972258e-02
562 1.981550e-06 8.338394e-03
563 9.284307e-05 6.193779e-02
564 2.011336e-06 5.312249e-03
565 8.853970e-05 2.168390e-02
566 4.789635e-04 4.165807e-02
567 1.260785e-05 7.288546e-03
568 3.407066e-05 1.016905e-02
569 3.314350e-05 6.718416e-03
570 7.372249e-05 9.154741e-03
571 1.126070e-05 9.366838e-03
572 1.932042e-04 1.157949e-02
573 6.200983e-06 1.156727e-02
574 2.244261e-06 6.287600e-03
575 7.926310e-05 1.039900e-02
576 2.353591e-06 8.404485e-03
577 2.109677e-04 2.201103e-02
578 7.259709e-05 4.185486e-02
579 3.848055e-04 4.137696e-02
580 1.350985e-05 1.059784e-02
581 2.209735e-04 7.289792e-02
582 2.500725e-04 3.296500e-02
583 5.130602e-04 2.641999e-02
584 5.106599e-04 1.928317e-02
585 1.447254e-03 7.785306e-02
586 1.402490e-05 1.664056e-02
587 2.346165e-04 2.538764e-02
588 1.352319e-05 1.197978e-02
589 1.276543e-05 4.759968e-03
590 2.120785e-04 6.981624e-02
591 1.784270e-04 2.206545e-02
592 3.954487e-04 4.300032e-02
593 1.053208e-04 1.139910e-01
594 2.387367e-06 7.782514e-03
595 4.271973e-05 3.114306e-02
596 2.477213e-03 8.507904e-02
597 2.878769e-07 4.277292e-03
598 6.284334e-07 3.084180e-03
599 2.761913e-07 3.044889e-03
600 8.854405e-07 6.789212e-03
