2 5.766708e-04 2.892923e-01
3 1.356477e-02 6.279658e-01
4 2.756732e-03 6.494788e-01
5 2.829654e-04 2.126996e-01
6 7.843107e-03 9.777716e-01
7 1.257305e-03 2.706133e-01
8 3.946883e-03 2.522624e-01
9 5.648020e-04 2.823156e-01
10 2.071323e-03 3.895847e-01
11 3.541164e-03 8.767187e-01
12 2.548469e-03 6.541166e-01
13 1.747992e-02 1.056714e+00
14 3.292933e-03 4.383763e-01
15 7.170955e-04 6.120595e-01
16 1.437521e-04 2.975783e-01
17 9.391759e-05 4.984392e-02
18 7.389965e-03 4.590529e-01
19 2.561368e-05 3.050018e-02
20 2.540365e-03 2.930611e-01
21 2.427139e-03 4.186341e-01
22 1.111545e-02 1.165361e+00
23 4.870290e-03 8.109665e-01
24 8.307332e-03 3.519801e-01
25 1.743557e-05 9.331752e-02
26 5.139513e-03 3.768686e-01
27 1.485197e-02 6.856538e-01
28 1.921368e-04 1.645600e-01
29 1.375589e-02 8.319647e-01
30 1.809398e-04 2.446845e-02
31 1.012796e-03 7.423032e-01
32 1.532529e-03 5.531967e-01
33 3.593803e-04 5.588593e-01
34 1.129310e-03 7.296943e-02
35 1.145823e-02 1.265094e+00
36 3.265136e-05 1.350925e-01
37 4.286169e-04 5.576570e-02
38 4.037656e-03 3.425285e-01
39 8.123946e-03 5.802635e-01
40 1.565158e-02 9.426237e-01
41 7.885909e-08 3.520649e-02
42 1.132007e-03 4.733336e-01
43 3.861640e-04 6.928758e-02
44 1.160697e-07 4.557336e-03
45 3.533661e-06 4.340087e-03
46 4.904744e-07 4.947981e-03
47 1.119714e-07 7.968476e-03
48 2.813879e-10 4.273826e-03
49 4.081134e-03 1.777313e-01
50 6.243148e-07 1.871256e-02
51 2.844670e-08 3.054348e-03
52 5.206686e-07 7.525855e-03
53 2.479110e-05 3.469901e-02
54 2.695107e-10 2.680092e-03
55 7.911234e-08 3.271886e-03
56 1.293211e-06 3.871640e-03
57 4.047246e-09 2.973039e-03
58 9.507161e-05 9.678310e-03
59 5.458708e-05 1.131623e-01
60 1.039376e-07 8.209825e-03
61 1.846246e-05 1.920382e-02
62 1.592546e-07 2.799614e-03
63 4.323248e-05 2.465811e-02
64 2.125692e-08 2.709096e-03
65 2.690938e-09 2.933332e-03
66 1.159522e-07 8.546193e-03
67 4.632633e-09 2.891991e-03
68 2.503603e-04 7.526467e-03
69 1.224300e-05 4.196298e-02
70 2.854057e-04 4.269964e-02
71 2.889950e-07 6.338320e-03
72 4.884601e-05 2.011635e-02
73 6.795984e-04 4.403917e-02
74 1.474051e-06 5.586777e-03
75 9.993833e-07 3.842761e-03
76 8.798493e-07 5.374765e-02
77 8.798934e-06 1.039381e-02
78 9.468760e-04 1.570612e-01
79 1.200269e-03 6.328000e-02
80 8.730406e-07 1.113303e-02
81 2.258161e-08 2.964170e-03
82 1.578020e-05 2.006444e-02
83 1.595075e-07 5.085739e-03
84 2.269238e-03 2.141786e-01
85 3.120194e-04 1.903771e-02
86 2.514478e-03 4.999565e-02
87 2.228849e-03 1.515635e-01
88 1.959686e-09 4.005215e-03
89 1.000915e-06 1.085318e-02
90 1.598441e-04 1.426166e-02
91 6.830541e-08 2.857235e-03
92 1.146173e-05 5.533398e-03
93 5.339231e-09 4.353081e-03
94 8.111831e-08 5.346737e-03
95 1.170783e-08 2.724130e-03
96 1.108858e-02 6.154742e-01
97 4.281617e-06 1.500876e-02
98 9.002571e-04 5.890779e-01
99 6.298124e-03 4.006338e-01
100 3.921579e-03 4.495529e-01
101 1.206248e-03 3.139884e-01
102 8.472883e-08 4.748783e-03
103 9.427996e-03 1.742688e-01
104 3.559786e-04 4.200631e-02
105 6.414650e-04 3.155835e-02
106 4.170306e-05 5.088482e-03
107 8.639129e-08 3.185236e-03
108 2.782640e-03 7.777283e-02
109 4.959067e-05 9.139050e-02
110 1.287110e-09 1.309763e-02
111 1.124730e-04 7.525640e-02
112 6.121245e-05 7.241797e-02
113 9.283354e-05 1.990713e-01
114 3.536368e-06 3.822413e-02
115 1.171449e-03 1.611013e-01
116 4.329945e-03 2.616520e-01
117 5.997891e-07 1.106930e-02
118 1.479265e-07 5.302753e-03
119 9.422857e-03 4.476055e-01
120 1.011752e-02 6.124201e-01
121 1.231867e-06 3.646734e-03
122 2.172022e-08 4.886246e-03
123 9.284411e-04 1.496381e-01
124 6.020976e-06 2.153966e-02
125 2.447143e-06 8.937455e-03
126 7.032395e-05 1.740096e-02
127 1.282108e-04 1.199337e-02
128 6.421416e-03 2.615829e-01
129 6.437947e-05 2.897397e-02
130 1.242098e-06 7.141875e-03
131 2.366308e-03 1.606950e-01
132 1.696850e-07 2.953985e-03
133 6.619057e-03 2.443191e-01
134 1.211926e-06 1.262644e-02
135 1.655174e-03 3.566100e-02
136 2.064964e-05 9.126094e-03
137 2.038905e-06 4.903994e-03
138 4.050094e-07 1.193715e-02
139 1.615980e-05 5.717331e-03
140 7.174044e-07 4.788936e-03
141 7.783185e-05 6.789009e-01
142 1.394490e-02 3.258098e-01
143 8.525598e-06 6.807121e-03
144 1.846382e-06 1.009738e-02
145 1.368599e-04 1.880829e-02
146 4.456757e-08 4.144311e-03
147 5.539150e-05 2.887521e-01
148 1.225664e-05 3.958120e-03
149 1.230737e-06 7.293542e-03
150 3.482385e-07 4.375303e-03
151 1.464452e-07 1.304635e-02
152 1.520390e-08 2.013575e-02
153 8.467378e-08 1.446066e-02
154 2.702385e-04 4.460074e-02
155 1.314479e-07 2.500714e-03
156 1.567136e-06 6.956607e-03
157 2.781125e-10 8.680755e-03
158 2.113191e-05 6.321318e-03
159 1.311523e-07 7.742803e-03
160 8.723569e-04 7.218825e-02
161 1.111760e-04 2.349351e-02
162 8.360229e-10 1.019457e-02
163 9.088330e-08 5.318014e-03
164 1.044756e-04 6.469240e-02
165 4.035342e-05 8.135765e-03
166 2.418498e-07 4.010107e-03
167 2.077817e-07 5.760931e-03
168 5.768055e-04 3.024016e-02
169 1.269578e-03 1.211762e-01
170 2.278291e-02 5.144840e-01
171 1.745506e-07 5.206605e-03
172 2.770540e-04 6.557203e-02
173 4.974459e-05 1.165622e-02
174 2.906816e-06 6.982707e-03
175 1.391569e-07 3.173896e-03
176 1.230876e-04 3.499736e-02
177 1.040120e-08 4.705757e-03
178 8.957133e-05 1.450348e-02
179 7.966539e-06 4.387805e-02
180 4.343824e-08 5.522023e-03
181 8.692029e-04 1.035352e-01
182 1.360634e-07 2.792040e-03
183 1.794449e-05 2.110241e-02
184 2.069033e-03 1.172274e-01
185 5.910569e-09 4.908113e-03
186 5.986803e-08 6.088073e-03
187 8.005282e-04 1.261274e-01
188 1.494930e-05 5.800128e-02
189 2.207860e-10 4.367817e-03
190 1.181844e-05 1.065938e-01
191 9.442075e-07 1.624471e-02
192 1.684232e-05 3.678409e-02
193 3.275218e-07 3.853776e-02
194 1.483087e-06 5.388472e-03
195 1.854195e-03 7.307403e-01
196 3.623144e-07 3.440068e-03
197 7.130840e-04 3.470288e-01
198 2.199159e-04 1.105206e-01
199 5.393899e-03 6.122761e-01
200 2.804669e-03 1.248640e-01
201 1.557296e-07 2.875819e-03
202 9.000134e-04 3.320677e-01
203 2.213191e-04 3.477043e-01
204 1.242607e-07 6.749650e-03
205 3.083908e-04 1.408515e-01
206 9.489789e-08 1.245488e-02
207 2.238132e-06 3.137243e-03
208 6.128447e-06 1.597974e-01
209 2.578302e-05 3.099592e-01
210 2.430487e-04 2.263202e-01
211 3.614443e-04 4.589068e-02
212 3.419246e-04 6.581958e-02
213 1.439435e-04 2.035403e-01
214 1.286486e-03 1.878927e-01
215 9.499698e-06 1.273374e-02
216 9.983978e-07 1.023749e-02
217 4.737237e-08 5.601628e-03
218 9.253140e-07 8.196109e-02
219 7.187603e-08 2.732544e-03
220 4.334033e-04 1.806558e-01
221 4.698343e-03 1.846177e-01
222 5.975118e-06 2.164155e-02
223 8.776349e-06 6.487462e-03
224 3.864631e-04 2.145003e-02
225 1.591853e-04 9.369373e-02
226 5.773182e-08 2.747657e-03
227 9.631679e-06 3.039258e-02
228 4.590520e-04 1.116678e-01
229 2.899380e-03 2.345661e-01
230 2.228003e-04 1.743454e-02
231 1.793908e-05 3.187802e-02
232 2.303455e-03 3.272048e-02
233 7.135686e-10 5.585549e-03
234 1.065670e-05 1.502310e-02
235 1.235299e-03 9.615460e-02
236 3.916610e-03 1.595843e-01
237 2.511641e-08 4.653504e-03
238 2.629793e-06 1.902225e-02
239 1.934252e-04 2.641002e-02
240 1.884804e-05 3.190954e-02
241 3.095756e-05 5.326407e-02
242 9.338375e-07 7.885170e-03
243 3.348748e-08 2.945723e-03
244 3.610006e-05 1.760809e-02
245 2.981984e-04 5.257710e-02
246 2.537720e-03 2.585968e-01
247 5.141107e-05 3.577774e-02
248 2.036458e-04 1.796400e-01
249 2.599378e-03 1.532628e-01
250 1.174112e-04 9.846492e-02
251 3.097870e-07 3.121947e-03
252 1.687882e-03 3.042054e-01
253 4.753036e-06 3.551018e-02
254 1.906675e-03 8.757282e-02
255 2.416663e-08 5.809446e-03
256 6.541097e-11 2.411318e-03
257 1.187141e-05 3.486560e-02
258 1.106586e-03 8.020425e-02
259 7.188136e-05 8.880299e-03
260 9.602914e-05 2.463096e-02
261 1.162063e-04 1.875382e-02
262 6.448474e-10 2.746111e-03
263 5.326983e-07 1.250884e-02
264 3.375950e-03 1.665481e-01
265 4.243345e-04 3.937459e-02
266 6.677946e-04 2.063508e-02
267 8.270504e-07 1.353933e-02
268 7.330597e-08 4.229288e-03
269 1.124729e-07 8.206612e-03
270 8.030614e-12 3.210816e-03
271 1.536765e-04 1.298346e-01
272 3.609505e-06 1.003200e-02
273 8.823811e-06 2.100119e-01
274 1.009203e-04 1.130696e-02
275 2.469706e-05 6.010253e-03
276 2.469855e-09 6.606322e-03
277 2.459682e-06 1.511963e-02
278 1.675410e-07 2.876258e-02
279 3.691116e-08 9.720287e-03
280 5.884773e-03 3.684217e-01
281 2.039998e-04 1.976294e-01
282 2.876721e-06 1.143892e-02
283 1.752404e-05 9.133314e-02
284 4.630191e-07 1.573583e-02
285 2.001201e-03 1.674574e-01
286 4.434853e-08 4.100670e-03
287 8.618293e-04 1.583362e-02
288 1.024835e-04 1.924043e-02
289 9.708383e-06 1.639464e-02
290 7.549349e-05 8.264582e-02
291 3.313104e-10 3.418389e-03
292 6.027916e-06 1.442410e-02
293 3.881881e-10 6.291492e-03
294 1.126968e-08 3.035235e-03
295 3.392979e-07 7.234301e-02
296 2.561412e-04 2.514142e-01
297 8.444004e-06 1.514936e-02
298 9.186350e-09 4.839855e-03
299 9.375550e-08 7.424980e-03
300 8.026692e-06 6.883725e-02
301 6.236646e-03 3.011866e-01
302 9.624452e-04 1.182442e-01
303 2.119788e-06 5.537508e-02
304 4.622333e-06 5.169627e-03
305 1.050254e-04 2.475698e-01
306 6.631383e-05 2.875062e-03
307 1.271704e-04 2.229432e-01
308 5.492902e-05 4.197012e-03
309 3.192568e-03 1.472285e-01
310 3.317227e-08 1.111001e-02
311 4.275031e-05 1.084404e-02
312 1.623388e-04 4.457142e-02
313 1.804355e-03 1.699194e-01
314 1.845601e-06 8.509105e-03
315 1.880556e-05 1.603816e-02
316 1.608240e-02 5.973016e-01
317 8.695484e-05 5.333339e-02
318 9.894374e-04 2.551257e-01
319 2.004481e-04 1.544279e-02
320 1.539959e-06 2.357804e-02
321 4.496922e-06 3.985791e-03
322 1.833662e-10 4.721321e-03
323 4.579341e-03 6.424421e-01
324 3.546359e-07 3.442787e-02
325 1.263957e-03 3.037787e-02
326 1.446420e-05 9.573103e-03
327 4.112453e-05 1.512878e-02
328 7.651850e-05 1.686939e-02
329 5.700094e-04 1.091124e-01
330 2.040987e-05 5.373255e-03
331 2.264539e-03 1.724177e-01
332 4.362161e-06 1.618910e-02
333 5.329008e-08 6.104384e-03
334 7.593085e-05 2.855037e-02
335 8.512242e-11 4.417453e-03
336 4.064094e-08 5.609395e-03
337 2.160508e-08 3.127860e-03
338 9.062661e-04 1.238283e-01
339 4.301119e-04 1.238001e-01
340 5.836447e-08 3.008958e-02
341 2.307898e-04 1.319556e-01
342 6.543137e-04 2.212779e-01
343 7.948469e-10 8.551395e-03
344 1.514153e-04 7.006118e-02
345 3.084394e-03 1.022273e+00
346 1.062450e-05 5.527139e-02
347 3.312672e-10 3.186260e-03
348 1.501529e-02 3.051098e-01
349 3.848944e-04 1.368764e-02
350 9.243870e-08 7.125430e-03
351 1.510914e-03 2.647070e-01
352 2.286395e-05 3.151649e-02
353 2.302360e-07 3.541685e-03
354 1.156391e-03 6.817278e-02
355 8.418375e-05 3.668358e-02
356 1.696774e-05 1.904690e-02
357 2.610724e-03 3.067481e-01
358 6.738952e-06 1.641170e-02
359 2.122936e-06 4.232725e-03
360 5.437767e-08 3.776171e-02
361 4.791107e-04 2.870014e-02
362 2.282499e-05 5.656263e-02
363 2.333775e-03 4.606950e-01
364 5.320866e-03 2.970966e-01
365 2.779978e-07 3.494207e-02
366 9.651262e-06 4.954452e-02
367 3.065524e-06 5.201421e-03
368 6.209732e-04 2.918814e-01
369 4.627709e-07 6.400375e-03
370 6.325741e-07 1.283410e-02
371 2.715178e-06 7.746753e-02
372 3.831409e-03 1.171106e-01
373 1.113792e-05 5.043694e-03
374 2.818546e-09 4.621848e-03
375 7.842543e-09 2.765915e-03
376 1.115246e-05 3.978332e-03
377 3.596000e-03 4.806931e-01
378 1.096489e-08 5.544069e-03
379 3.319540e-04 1.209799e-01
380 2.209166e-03 6.317491e-01
381 8.309825e-06 2.448848e-02
382 6.018841e-08 4.642439e-03
383 1.198916e-04 1.205492e-01
384 1.005753e-05 3.013856e-02
385 1.334511e-04 2.008885e-02
386 3.195578e-06 2.994261e-03
387 2.501237e-05 1.549265e-02
388 1.264536e-04 2.221681e-01
389 4.694768e-07 1.967150e-02
390 3.439807e-04 6.438458e-02
391 1.017775e-05 3.310654e-02
392 4.203806e-04 3.049750e-01
393 2.697177e-08 3.752361e-03
394 3.725600e-03 5.563285e-01
395 7.270006e-05 2.645289e-02
396 7.597609e-08 1.447998e-02
397 4.552459e-05 7.049481e-02
398 4.923174e-09 5.555223e-03
399 2.280907e-05 6.548683e-02
400 2.039816e-06 2.557400e-02
401 2.139489e-09 2.967357e-03
402 6.639281e-08 1.018928e-02
403 3.697456e-05 1.490250e-01
404 3.429896e-06 1.640595e-02
405 9.163909e-08 9.415931e-03
406 1.972939e-03 4.400698e-01
407 4.598329e-05 7.896980e-02
408 3.293264e-06 3.032490e-02
409 2.760909e-05 3.834120e-02
410 3.500887e-05 7.568543e-03
411 6.373497e-08 5.109610e-03
412 3.335530e-04 7.113841e-02
413 7.087949e-05 1.855135e-02
414 2.157845e-04 2.572523e-02
415 2.592124e-10 2.579056e-03
416 8.205638e-04 1.108851e-01
417 4.407387e-06 7.896717e-03
418 6.431024e-03 3.451779e-01
419 6.920792e-04 2.018341e-01
420 6.865349e-06 1.058138e-01
421 9.685846e-08 7.544757e-03
422 3.523637e-06 3.111890e-02
423 1.239736e-04 2.011111e-02
424 8.409077e-06 1.985112e-02
425 3.331300e-03 4.150028e-01
426 1.298300e-04 9.344730e-03
427 5.056384e-05 7.800864e-02
428 1.870323e-04 1.047342e-01
429 8.699588e-08 1.573331e-02
430 1.164401e-04 1.152582e-02
431 1.929454e-09 2.443173e-03
432 6.673110e-06 1.018967e-02
433 8.418281e-09 2.831335e-03
434 6.453105e-07 3.963665e-03
435 3.527251e-03 2.613929e-01
436 1.558974e-06 3.396528e-03
437 1.433006e-02 2.646573e-01
438 6.950082e-08 4.796710e-03
439 4.780070e-07 4.443742e-03
440 7.827619e-05 9.161192e-03
441 3.031786e-05 1.559837e-02
442 2.885449e-08 4.752979e-03
443 8.503262e-06 5.190058e-03
444 5.220213e-05 1.986803e-02
445 1.468457e-03 1.329012e-01
446 3.321460e-05 3.487294e-02
447 1.256619e-06 4.059477e-03
448 3.141682e-04 4.166266e-02
449 4.239572e-09 6.232192e-03
450 8.971970e-06 2.189928e-02
451 5.529119e-09 2.606687e-03
452 1.171042e-03 3.510646e-01
453 1.771431e-06 1.058559e-02
454 4.253634e-05 3.674736e-02
455 5.239541e-06 1.258816e-02
456 4.451815e-05 2.119033e-02
457 1.344765e-04 2.003395e-01
458 1.331090e-05 1.101307e-01
459 2.157208e-06 1.978116e-02
460 1.831755e-03 8.895354e-02
461 1.608626e-07 4.427712e-03
462 4.314870e-08 7.748273e-03
463 9.198884e-04 1.806939e-01
464 3.712113e-07 1.296292e-02
465 9.740917e-07 8.920429e-03
466 7.002670e-07 3.763490e-03
467 1.742894e-08 1.493763e-02
468 1.124454e-12 2.943654e-03
469 5.162446e-04 6.393560e-02
470 1.123516e-03 1.131669e-01
471 1.047439e-05 6.292992e-03
472 2.067729e-05 5.097138e-03
473 9.705187e-04 1.009357e-01
474 1.281342e-04 5.887089e-02
475 1.426857e-07 6.282593e-03
476 6.902898e-06 9.993288e-03
477 7.591152e-03 2.587410e-01
478 3.589332e-07 3.486318e-03
479 3.764477e-05 4.587983e-03
480 4.237982e-06 8.818280e-03
481 1.262762e-03 3.500546e-02
482 4.704354e-06 2.366910e-02
483 1.293094e-07 2.809595e-03
484 4.486874e-07 3.790930e-03
485 3.377755e-05 4.456246e-03
486 3.863708e-06 2.531652e-02
487 3.405144e-05 1.635761e-02
488 3.542976e-07 2.702231e-03
489 3.203430e-03 7.157469e-01
490 1.099219e-05 7.092286e-02
491 1.228649e-03 1.250683e-01
492 8.802181e-03 1.229794e-01
493 1.308060e-06 3.471266e-03
494 7.159349e-03 5.183933e-01
495 1.549013e-02 6.417488e-01
496 2.025818e-07 2.614276e-03
497 5.328258e-05 3.226945e-02
498 3.521886e-08 7.095660e-03
499 9.578389e-08 4.511018e-03
500 1.390256e-07 4.241472e-03
501 3.034319e-03 1.842678e-01
502 1.047569e-07 1.441487e-02
503 3.508018e-06 9.585901e-03
504 5.055787e-04 4.603651e-01
505 3.043406e-04 1.616342e-02
506 7.994887e-08 1.494390e-02
507 3.054670e-08 5.699050e-03
508 1.642297e-08 3.907826e-03
509 3.047175e-03 8.934856e-02
510 1.074016e-05 1.273299e-02
511 1.179334e-03 2.239895e-01
512 2.293273e-06 4.273262e-03
513 8.272200e-07 3.638590e-03
514 2.820105e-08 3.985764e-03
515 3.182920e-03 7.507387e-02
516 1.418321e-07 6.126956e-03
517 5.215528e-09 2.725376e-03
518 3.467032e-08 6.517635e-03
519 3.503594e-06 9.546841e-03
520 2.088671e-06 8.481740e-03
521 5.796266e-08 7.355340e-03
522 3.222525e-06 1.425310e-02
523 7.778717e-05 3.705182e-02
524 1.174464e-07 3.406462e-03
525 9.116907e-07 4.940163e-03
526 2.346150e-07 5.859514e-03
527 2.295470e-09 3.308503e-03
528 6.245105e-03 1.061995e-01
529 1.403194e-02 7.025910e-01
530 9.125164e-06 2.498482e-02
531 7.832915e-09 2.605439e-03
532 5.105524e-07 5.968292e-03
533 1.817140e-05 1.515505e-02
534 2.142869e-08 6.601792e-02
535 5.145993e-04 4.306021e-02
536 6.970924e-04 2.005407e-01
537 1.821739e-04 2.425305e-01
538 6.455592e-03 4.646928e-01
539 4.627520e-07 8.253269e-03
540 2.048079e-06 1.839621e-02
541 3.194433e-03 1.705385e-01
542 6.235508e-04 1.854279e-01
543 7.724763e-07 7.635580e-03
544 1.300620e-04 2.871206e-02
545 1.734765e-07 1.105876e-02
546 4.138795e-07 1.289383e-02
547 3.952418e-03 4.611301e-01
548 2.573558e-03 4.229852e-01
549 2.372122e-04 5.487107e-02
550 4.201261e-05 1.796651e-02
551 1.326346e-05 1.092124e-02
552 6.320724e-06 5.849260e-03
553 1.956602e-07 3.966546e-03
554 9.476786e-08 6.228916e-03
555 3.440685e-06 2.053958e-02
556 1.769610e-05 2.005975e-02
557 3.172305e-04 1.459086e-01
558 1.438951e-04 2.411633e-02
559 6.451181e-04 1.120060e-01
560 1.743758e-05 4.081764e-03
561 2.086802e-05 1.707224e-02
562 1.100556e-10 2.855362e-03
563 3.755687e-04 3.902069e-01
564 4.587490e-04 4.921556e-02
565 5.708023e-05 1.386280e-02
566 1.059256e-05 6.912825e-03
567 3.460171e-03 2.742365e-01
568 4.290846e-07 6.033073e-02
569 3.391686e-05 2.947760e-02
570 3.309320e-06 1.135708e-02
571 2.002098e-03 3.759351e-01
572 1.281607e-06 7.889031e-03
573 5.261331e-04 1.346274e-01
574 7.026166e-05 1.901997e-02
575 3.078925e-06 4.272444e-03
576 1.799990e-03 6.159678e-02
577 1.334489e-07 3.231102e-02
578 3.336879e-05 1.624633e-01
579 7.108243e-05 8.335513e-03
580 2.596986e-03 5.973429e-01
581 2.514281e-03 3.206861e-01
582 1.098724e-06 2.611933e-02
583 2.651318e-05 8.399403e-02
584 1.428962e-05 3.157279e-02
585 2.418067e-07 5.968161e-03
586 1.585363e-04 8.220845e-02
587 2.618449e-06 1.327513e-02
588 8.875368e-04 3.787752e-01
589 1.402070e-03 3.554527e-01
590 7.186772e-04 2.100170e-01
591 1.400812e-06 9.213341e-03
592 1.505367e-04 2.802504e-02
593 1.770932e-06 1.386116e-02
594 8.078147e-06 2.178313e-02
595 1.699101e-04 1.456556e-01
596 1.033535e-05 1.641560e-02
597 3.618715e-05 1.600421e-02
598 4.139648e-07 1.208409e-02
599 6.279488e-07 1.331692e-02
600 1.036485e-05 1.918167e-02
601 1.473109e-06 5.443341e-03
