2 3.705296e-03 3.561337e-01
3 7.749138e-03 9.861177e-01
4 1.140445e-02 9.501840e-01
5 2.008516e-05 2.164820e-01
6 1.056487e-02 1.369419e+00
7 1.918126e-02 4.778541e-01
8 6.685516e-03 4.900567e-01
9 2.517857e-04 3.053263e-01
10 1.013787e-03 5.018664e-01
11 7.347016e-03 1.102119e+00
12 1.259158e-03 7.200500e-01
13 1.111695e-02 1.344699e+00
14 3.398051e-03 5.866819e-01
15 6.070037e-03 8.827101e-01
16 7.943296e-03 3.339433e-01
17 2.245720e-05 5.190876e-02
18 1.970840e-02 1.100935e+00
19 2.037192e-04 3.755061e-02
20 3.176467e-03 4.344171e-01
21 3.148943e-03 7.596927e-01
22 1.287961e-02 2.218473e+00
23 8.689379e-04 8.607618e-01
24 1.776350e-03 4.523966e-01
25 4.178938e-05 9.438776e-02
26 5.781733e-03 4.928587e-01
27 4.063354e-03 9.286026e-01
28 7.600688e-06 1.658885e-01
29 6.752615e-03 1.098079e+00
30 3.053229e-04 3.734220e-02
31 7.828680e-03 8.523351e-01
32 2.130793e-03 6.817634e-01
33 9.844414e-04 5.817582e-01
34 5.079054e-03 2.811042e-01
35 1.059942e-02 1.636060e+00
36 2.447196e-06 1.352506e-01
37 2.898029e-03 8.687992e-02
38 9.345426e-03 5.758096e-01
39 1.001819e-02 8.797492e-01
40 3.960554e-03 1.103406e+00
41 8.789243e-09 3.520702e-02
42 3.325355e-03 6.160318e-01
43 3.799020e-03 1.520906e-01
44 1.365073e-10 4.558114e-03
45 5.662250e-08 4.367425e-03
46 5.630039e-08 4.952171e-03
47 2.176306e-09 7.969339e-03
48 1.699891e-12 4.273828e-03
49 2.048761e-03 3.275729e-01
50 2.981636e-09 1.871572e-02
51 3.812367e-09 3.054588e-03
52 1.115448e-08 7.528545e-03
53 5.173178e-07 3.503205e-02
54 5.162248e-12 2.680096e-03
55 7.762919e-09 3.272813e-03
56 2.392794e-08 3.877501e-03
57 7.678202e-11 2.973083e-03
58 2.463325e-05 1.221299e-02
59 1.022896e-04 1.169323e-01
60 1.409244e-08 8.211573e-03
61 9.681602e-05 2.213089e-02
62 1.086997e-07 2.802834e-03
63 8.387513e-05 3.014805e-02
64 1.296980e-10 2.709199e-03
65 1.983391e-11 2.933355e-03
66 3.504129e-09 8.546769e-03
67 1.152233e-09 2.892039e-03
68 1.476939e-04 1.372673e-02
69 9.400176e-07 4.221259e-02
70 4.294918e-04 6.049635e-02
71 4.780054e-09 6.339392e-03
72 5.613914e-06 2.056782e-02
73 2.915337e-05 5.713549e-02
74 8.590845e-07 5.637382e-03
75 1.613655e-08 3.852796e-03
76 2.901603e-07 5.375928e-02
77 2.413362e-06 1.083962e-02
78 2.440015e-04 1.967539e-01
79 1.045754e-04 7.327805e-02
80 5.483719e-09 1.114124e-02
81 6.922199e-11 2.964265e-03
82 5.548876e-07 2.017364e-02
83 2.373831e-08 5.087831e-03
84 1.197832e-04 2.595720e-01
85 6.268756e-04 6.817948e-02
86 2.323141e-03 1.529846e-01
87 1.101226e-03 2.261810e-01
88 4.897909e-12 4.005225e-03
89 3.414803e-07 1.088178e-02
90 1.695086e-05 1.555714e-02
91 2.605268e-09 2.857548e-03
92 2.760607e-08 5.583517e-03
93 3.634588e-11 4.353115e-03
94 2.356583e-10 5.346973e-03
95 1.835762e-10 2.724208e-03
96 1.235612e-03 8.130567e-01
97 1.701779e-06 1.509376e-02
98 7.068146e-05 6.034206e-01
99 4.001750e-04 4.696153e-01
100 3.224703e-03 5.008176e-01
101 3.588796e-03 3.643479e-01
102 1.853288e-08 4.750212e-03
103 5.343522e-04 3.412169e-01
104 3.793897e-05 4.800471e-02
105 7.919326e-04 5.838425e-02
106 1.190880e-05 5.565250e-03
107 2.105113e-10 3.185630e-03
108 4.092637e-04 1.169683e-01
109 6.188774e-07 9.180204e-02
110 3.043690e-12 1.309764e-02
111 5.573287e-05 7.848388e-02
112 5.405462e-06 7.452013e-02
113 3.515957e-05 2.014350e-01
114 2.432259e-08 3.824964e-02
115 1.657636e-04 1.786782e-01
116 2.553514e-04 3.861413e-01
117 3.246342e-09 1.107223e-02
118 3.125819e-09 5.303567e-03
119 9.473271e-03 7.113688e-01
120 3.364238e-03 9.476927e-01
121 2.560633e-08 3.652360e-03
122 5.176990e-09 4.886554e-03
123 6.521041e-05 2.209528e-01
124 2.277969e-08 2.161808e-02
125 5.137129e-07 9.030329e-03
126 8.690065e-07 1.790760e-02
127 6.104460e-06 1.307211e-02
128 1.010950e-03 3.904147e-01
129 5.349274e-06 2.998667e-02
130 7.429440e-09 7.146036e-03
131 1.173479e-03 2.905394e-01
132 3.289891e-09 2.956214e-03
133 5.230782e-04 4.021112e-01
134 5.530769e-08 1.263935e-02
135 7.395082e-05 5.015227e-02
136 4.846836e-08 9.264737e-03
137 9.330570e-08 4.917147e-03
138 7.162163e-09 1.193986e-02
139 7.152117e-07 5.833494e-03
140 4.589299e-09 4.792131e-03
141 1.436724e-06 6.801595e-01
142 2.588275e-04 3.981221e-01
143 1.196197e-07 6.860125e-03
144 7.432978e-08 1.010429e-02
145 3.698490e-04 2.951515e-02
146 2.056466e-08 4.144838e-03
147 6.034681e-04 2.999596e-01
148 1.053469e-06 4.233470e-03
149 5.191184e-09 7.301565e-03
150 1.626718e-07 4.391067e-03
151 1.091270e-08 1.304883e-02
152 6.143990e-10 2.013595e-02
153 1.234277e-09 1.446092e-02
154 1.445151e-04 4.957225e-02
155 5.899783e-08 2.506261e-03
156 8.555222e-05 8.181339e-03
157 1.095696e-12 8.680756e-03
158 3.073222e-07 6.659415e-03
159 3.891836e-08 7.744292e-03
160 4.629991e-03 1.237231e-01
161 4.585063e-06 2.402010e-02
162 3.446922e-10 1.019460e-02
163 7.343672e-08 5.321293e-03
164 1.930030e-05 6.591328e-02
165 1.593463e-04 1.463831e-02
166 2.474583e-08 4.016889e-03
167 8.835707e-09 5.761976e-03
168 5.037958e-04 4.499381e-02
169 2.228085e-03 2.176775e-01
170 2.113433e-03 7.568011e-01
171 2.254538e-08 5.208854e-03
172 1.010833e-03 9.962425e-02
173 2.725491e-05 1.237328e-02
174 3.993305e-06 7.129395e-03
175 6.871987e-09 3.175655e-03
176 3.916021e-04 4.419882e-02
177 1.698579e-10 4.705822e-03
178 7.837182e-06 1.542790e-02
179 1.025667e-05 4.432798e-02
180 5.340854e-09 5.522586e-03
181 4.019698e-04 1.484524e-01
182 3.590865e-08 2.810631e-03
183 4.733850e-07 2.131757e-02
184 3.017950e-03 2.638848e-01
185 5.034595e-10 4.908216e-03
186 1.560147e-08 6.089412e-03
187 2.008561e-03 1.543088e-01
188 1.848666e-05 5.881263e-02
189 2.197013e-13 4.367818e-03
190 8.338132e-06 1.068491e-01
191 2.271451e-07 1.628477e-02
192 3.761474e-06 3.705694e-02
193 1.127356e-08 3.854114e-02
194 8.484809e-07 5.418876e-03
195 3.429110e-03 7.921901e-01
196 1.958087e-07 3.453058e-03
197 6.153525e-05 3.495448e-01
198 2.582908e-05 1.125407e-01
199 4.196214e-03 8.100656e-01
200 6.217741e-04 1.480995e-01
201 1.488252e-08 2.877023e-03
202 6.813521e-03 4.639997e-01
203 1.167192e-04 3.514335e-01
204 8.942306e-09 6.752895e-03
205 4.459872e-04 1.519104e-01
206 1.766306e-10 1.245561e-02
207 1.163795e-06 3.213637e-03
208 2.942107e-04 1.634999e-01
209 1.778297e-03 3.212156e-01
210 3.949159e-04 2.405651e-01
211 4.913862e-04 6.809309e-02
212 7.382194e-04 7.876618e-02
213 5.397363e-06 2.042044e-01
214 9.638783e-04 2.072375e-01
215 2.109031e-06 1.306075e-02
216 1.118138e-06 1.040246e-02
217 1.599778e-09 5.602248e-03
218 1.197002e-06 8.204443e-02
219 2.132372e-08 2.733444e-03
220 1.463585e-05 1.914283e-01
221 1.147600e-03 2.736138e-01
222 8.558847e-06 2.200919e-02
223 2.052775e-06 6.585062e-03
224 3.185011e-05 2.650854e-02
225 1.433226e-04 9.860478e-02
226 2.609100e-10 2.748371e-03
227 9.526575e-06 3.080794e-02
228 3.158430e-04 1.196599e-01
229 1.979367e-03 3.921819e-01
230 4.865801e-03 7.843857e-02
231 6.114082e-07 3.215079e-02
232 1.589020e-03 1.117445e-01
233 1.495190e-10 5.585562e-03
234 3.696428e-06 1.522122e-02
235 1.516495e-03 1.540228e-01
236 6.972148e-03 3.036978e-01
237 1.666586e-09 4.653866e-03
238 1.000609e-05 1.985836e-02
239 3.899928e-05 2.884310e-02
240 3.502687e-06 3.239775e-02
241 3.179477e-05 5.488380e-02
242 1.649198e-06 7.919634e-03
243 6.453534e-10 2.945884e-03
244 1.060118e-05 1.810851e-02
245 2.302698e-04 6.703384e-02
246 7.776306e-06 2.769479e-01
247 5.630326e-06 3.662545e-02
248 3.512331e-05 1.811471e-01
249 4.465089e-03 1.990057e-01
250 1.907149e-04 1.017921e-01
251 2.618254e-08 3.129491e-03
252 2.090209e-03 3.755771e-01
253 9.644595e-06 3.569083e-02
254 1.362424e-03 1.796296e-01
255 7.680808e-10 5.809960e-03
256 5.080541e-14 2.411318e-03
257 1.397067e-06 3.500798e-02
258 2.520238e-04 1.033591e-01
259 1.205447e-04 1.316030e-02
260 5.001352e-05 2.579511e-02
261 8.061131e-05 2.173830e-02
262 2.201252e-11 2.746119e-03
263 2.323432e-08 1.251449e-02
264 6.651304e-04 2.973586e-01
265 3.090146e-03 1.184739e-01
266 5.365287e-05 2.443829e-02
267 4.897731e-07 1.359015e-02
268 9.794245e-10 4.230376e-03
269 5.019178e-08 8.207882e-03
270 7.179382e-15 3.210816e-03
271 1.731128e-04 1.339432e-01
272 4.541931e-06 1.018045e-02
273 2.250866e-06 2.101808e-01
274 2.835348e-05 1.614960e-02
275 5.587522e-06 7.648981e-03
276 8.356730e-11 6.606334e-03
277 2.440885e-05 1.543425e-02
278 1.794070e-07 2.877467e-02
279 6.239362e-08 9.721620e-03
280 1.091949e-03 5.387851e-01
281 4.120436e-05 2.128204e-01
282 3.357456e-08 1.144783e-02
283 3.644850e-06 9.177435e-02
284 2.696847e-09 1.573890e-02
285 1.805576e-04 1.861835e-01
286 5.502056e-10 4.100807e-03
287 4.875896e-04 4.696883e-02
288 2.813974e-05 2.173583e-02
289 2.190099e-08 1.650179e-02
290 6.535046e-06 8.330271e-02
291 2.053634e-10 3.418398e-03
292 9.903651e-08 1.445310e-02
293 9.124504e-13 6.291494e-03
294 9.553539e-10 3.035309e-03
295 2.293861e-08 7.235279e-02
296 8.962497e-06 2.561437e-01
297 2.617732e-06 1.543832e-02
298 1.883331e-09 4.840025e-03
299 1.604445e-07 7.428180e-03
300 7.765246e-06 6.916440e-02
301 2.596611e-02 9.511449e-01
302 9.490928e-05 1.258428e-01
303 9.974921e-08 5.543776e-02
304 4.491144e-06 5.410238e-03
305 1.354032e-04 2.711883e-01
306 9.651358e-05 7.982620e-03
307 2.490774e-03 2.818594e-01
308 4.552444e-04 9.263804e-03
309 1.871168e-03 4.076000e-01
310 1.108135e-08 1.111182e-02
311 2.291441e-05 1.144586e-02
312 5.483158e-06 4.542116e-02
313 3.942633e-03 2.573946e-01
314 2.983628e-08 8.522801e-03
315 4.934874e-04 2.503953e-02
316 4.346953e-04 6.541908e-01
317 1.439622e-04 5.776462e-02
318 2.271645e-04 2.838360e-01
319 2.061896e-03 6.281842e-02
320 3.777225e-06 2.386140e-02
321 3.678670e-07 4.030172e-03
322 3.538131e-11 4.721324e-03
323 7.600289e-03 9.719604e-01
324 6.013374e-09 3.442921e-02
325 3.048871e-06 4.286986e-02
326 7.592166e-08 9.621571e-03
327 2.459678e-05 1.548710e-02
328 1.136293e-06 1.755176e-02
329 7.225811e-04 1.294160e-01
330 3.845490e-06 5.929439e-03
331 1.763460e-04 1.851350e-01
332 7.276690e-06 1.635438e-02
333 1.614954e-07 6.107941e-03
334 1.466311e-04 3.030272e-02
335 1.079271e-10 4.417457e-03
336 1.785711e-07 5.614083e-03
337 1.376751e-10 3.127974e-03
338 1.099206e-03 2.323186e-01
339 1.265491e-04 1.333430e-01
340 2.850828e-08 3.009210e-02
341 1.206757e-04 1.344574e-01
342 1.132378e-04 2.386945e-01
343 9.863343e-12 8.551407e-03
344 2.265073e-04 8.602541e-02
345 8.361866e-03 1.260723e+00
346 4.629998e-05 5.588103e-02
347 1.916531e-12 3.186263e-03
348 3.229954e-03 5.120766e-01
349 1.783214e-04 2.223685e-02
350 1.520640e-09 7.126401e-03
351 1.349286e-03 4.366830e-01
352 4.677333e-08 3.180936e-02
353 1.723540e-07 3.566748e-03
354 3.093488e-03 1.381360e-01
355 1.140273e-04 4.671498e-02
356 4.932431e-06 2.012170e-02
357 9.724606e-05 3.430772e-01
358 3.599887e-08 1.647006e-02
359 1.297622e-08 4.246192e-03
360 1.298151e-09 3.776225e-02
361 4.207171e-04 7.001139e-02
362 7.098729e-05 5.784598e-02
363 3.475839e-03 6.659951e-01
364 2.816289e-03 3.800824e-01
365 3.618244e-09 3.494657e-02
366 2.728404e-07 4.970724e-02
367 1.187987e-06 5.239496e-03
368 4.810912e-04 3.429645e-01
369 1.367966e-07 6.409742e-03
370 1.355544e-07 1.284967e-02
371 3.424056e-07 7.753578e-02
372 1.777635e-03 1.848757e-01
373 7.711901e-07 5.143473e-03
374 3.853467e-13 4.621856e-03
375 2.588932e-10 2.766082e-03
376 3.905168e-05 5.230845e-03
377 7.793543e-03 7.150827e-01
378 2.496322e-09 5.544371e-03
379 9.317347e-05 1.252437e-01
380 3.269659e-03 7.830361e-01
381 5.164209e-07 2.466522e-02
382 1.278894e-08 4.644560e-03
383 2.421518e-04 1.271870e-01
384 3.940245e-07 3.020511e-02
385 5.154399e-05 3.067009e-02
386 1.822853e-08 3.011478e-03
387 5.726054e-04 2.020439e-02
388 1.953678e-04 2.270712e-01
389 7.320642e-07 1.970580e-02
390 7.579686e-05 6.845010e-02
391 8.302400e-06 3.346473e-02
392 1.244162e-03 3.295583e-01
393 1.425428e-10 3.752593e-03
394 4.859896e-03 6.925865e-01
395 6.813180e-06 2.846397e-02
396 2.616366e-09 1.448073e-02
397 1.752825e-04 7.379969e-02
398 6.572670e-11 5.555251e-03
399 8.882138e-05 6.689080e-02
400 9.478566e-06 2.568984e-02
401 7.933559e-11 2.967370e-03
402 2.786402e-07 1.020570e-02
403 2.025587e-05 1.506331e-01
404 2.803332e-07 1.643321e-02
405 3.716589e-09 9.416589e-03
406 5.085293e-03 5.849850e-01
407 2.872835e-05 7.997127e-02
408 1.141695e-06 3.044082e-02
409 6.494913e-07 3.861944e-02
410 4.382019e-05 8.222551e-03
411 1.075607e-08 5.111713e-03
412 3.370586e-04 7.909146e-02
413 2.910985e-05 3.177898e-02
414 4.191958e-05 2.946514e-02
415 4.693064e-12 2.579059e-03
416 1.173948e-03 1.252103e-01
417 8.738894e-06 8.460685e-03
418 2.475078e-04 3.862137e-01
419 1.097063e-03 2.230329e-01
420 1.892588e-07 1.058850e-01
421 9.279921e-09 7.546319e-03
422 4.344778e-05 3.171749e-02
423 9.019606e-04 2.602244e-02
424 6.630038e-06 2.004374e-02
425 1.986492e-04 4.683062e-01
426 1.537583e-05 1.250035e-02
427 7.210057e-05 8.004777e-02
428 1.689051e-05 1.063334e-01
429 1.894110e-08 1.573445e-02
430 2.006824e-04 3.567816e-02
431 2.245288e-11 2.443199e-03
432 8.475543e-06 1.052715e-02
433 1.650225e-10 2.831436e-03
434 7.596739e-08 3.976459e-03
435 5.070929e-03 3.773337e-01
436 5.108427e-08 3.406145e-03
437 2.673385e-03 6.308804e-01
438 5.586207e-11 4.796904e-03
439 4.564662e-08 4.449390e-03
440 4.739669e-05 1.409558e-02
441 6.769182e-06 1.642999e-02
442 9.359637e-09 4.754116e-03
443 1.527802e-07 5.268716e-03
444 6.419239e-04 2.840559e-02
445 2.692242e-04 1.635666e-01
446 4.722761e-05 3.542397e-02
447 2.737632e-06 4.142287e-03
448 1.337394e-04 6.576519e-02
449 1.363234e-10 6.232267e-03
450 6.069581e-06 2.207148e-02
451 7.969088e-11 2.606730e-03
452 2.001259e-04 3.759707e-01
453 9.640078e-07 1.061532e-02
454 6.152489e-05 4.364538e-02
455 1.156183e-06 1.266327e-02
456 1.834233e-03 3.462716e-02
457 4.685702e-04 2.056872e-01
458 3.084427e-06 1.102873e-01
459 7.231010e-08 1.980642e-02
460 1.149576e-03 1.490672e-01
461 9.639682e-08 4.430804e-03
462 2.765644e-08 7.750055e-03
463 2.343302e-03 3.077780e-01
464 2.056578e-07 1.297253e-02
465 7.647160e-07 8.996007e-03
466 6.556273e-07 3.825456e-03
467 1.380855e-07 1.494024e-02
468 4.176567e-14 2.943654e-03
469 3.197033e-04 8.402936e-02
470 8.215674e-03 2.810389e-01
471 1.223455e-06 6.403227e-03
472 5.436000e-06 5.839507e-03
473 4.853985e-03 3.077958e-01
474 1.191673e-03 1.358941e-01
475 1.789720e-09 6.283968e-03
476 2.760982e-07 1.010044e-02
477 1.251505e-03 4.222770e-01
478 3.546125e-08 3.494202e-03
479 1.490081e-07 4.741930e-03
480 2.024985e-06 9.077083e-03
481 1.041017e-04 5.142354e-02
482 3.056948e-08 2.372185e-02
483 7.683269e-10 2.810321e-03
484 1.538005e-08 3.796812e-03
485 7.189982e-06 5.317268e-03
486 3.085753e-05 2.576017e-02
487 3.206774e-04 1.998290e-02
488 4.825936e-09 2.705566e-03
489 9.638219e-03 1.072927e+00
490 1.870158e-05 7.153159e-02
491 6.016725e-04 1.787396e-01
492 1.711832e-03 2.614187e-01
493 4.119887e-07 3.495933e-03
494 6.143390e-03 7.422471e-01
495 3.555240e-03 8.405659e-01
496 1.039910e-09 2.616618e-03
497 2.601412e-04 3.610100e-02
498 7.991239e-11 7.096006e-03
499 1.784850e-08 4.516599e-03
500 1.631841e-09 4.242581e-03
501 5.572332e-03 3.100148e-01
502 3.259575e-09 1.441634e-02
503 5.513766e-06 9.657998e-03
504 7.344268e-04 4.710333e-01
505 3.103486e-03 1.294661e-01
506 3.044879e-08 1.494571e-02
507 4.191536e-08 5.700526e-03
508 1.116513e-09 3.908041e-03
509 2.675161e-04 1.318192e-01
510 2.525103e-06 1.286198e-02
511 6.021637e-04 2.608971e-01
512 4.525251e-08 4.294131e-03
513 2.189636e-07 3.652784e-03
514 1.574617e-08 3.986439e-03
515 2.126644e-03 1.928362e-01
516 1.861964e-09 6.129496e-03
517 6.069551e-10 2.725709e-03
518 1.473994e-08 6.520355e-03
519 4.222393e-07 9.574855e-03
520 3.832579e-06 8.622490e-03
521 7.866076e-08 7.361724e-03
522 5.056822e-06 1.485197e-02
523 7.307506e-06 3.797748e-02
524 1.740329e-08 3.409541e-03
525 7.250088e-07 4.959096e-03
526 4.232699e-08 5.862752e-03
527 9.198622e-11 3.308529e-03
528 1.344021e-03 2.245906e-01
529 1.438287e-02 1.030796e+00
530 6.358989e-06 2.566291e-02
531 9.154527e-11 2.605535e-03
532 2.043260e-09 5.971068e-03
533 7.069587e-05 2.124905e-02
534 1.573433e-09 6.601804e-02
535 4.399522e-05 5.023859e-02
536 7.032403e-05 2.147385e-01
537 5.680523e-04 2.900213e-01
538 3.575641e-03 5.965635e-01
539 1.863590e-08 8.259739e-03
540 3.623181e-07 1.843625e-02
541 1.413727e-03 2.773014e-01
542 1.475876e-04 1.911720e-01
543 1.242110e-08 7.641943e-03
544 1.543086e-06 3.028852e-02
545 5.011145e-10 1.105951e-02
546 4.265352e-08 1.289795e-02
547 1.655515e-03 6.482080e-01
548 6.631596e-03 6.959733e-01
549 2.662541e-05 5.700754e-02
550 6.011890e-05 1.962525e-02
551 2.886209e-06 1.160130e-02
552 1.617572e-06 6.121693e-03
553 1.014102e-07 3.981323e-03
554 2.138460e-08 6.229849e-03
555 9.317714e-06 2.073146e-02
556 7.891125e-05 2.213940e-02
557 6.226789e-03 2.132704e-01
558 1.908286e-04 4.030205e-02
559 8.228857e-04 1.377360e-01
560 2.934810e-05 6.258988e-03
561 1.073054e-05 1.748078e-02
562 2.179709e-13 2.855363e-03
563 1.382672e-03 4.351127e-01
564 4.879595e-03 1.013936e-01
565 3.748508e-05 1.538991e-02
566 2.940899e-07 6.986207e-03
567 1.056166e-02 4.842393e-01
568 7.030652e-09 6.033310e-02
569 1.520067e-05 3.098250e-02
570 2.462151e-05 1.183954e-02
571 5.174468e-04 4.779297e-01
572 6.958011e-07 7.914942e-03
573 5.346127e-05 1.387613e-01
574 1.435546e-05 2.020154e-02
575 5.465082e-06 4.649095e-03
576 1.228166e-03 1.218478e-01
577 2.757872e-08 3.231225e-02
578 1.239826e-04 1.662138e-01
579 4.342889e-05 1.111471e-02
580 2.645145e-03 6.927183e-01
581 5.414215e-03 5.682653e-01
582 4.498589e-06 2.625816e-02
583 1.523115e-05 8.464240e-02
584 7.098459e-06 3.170439e-02
585 8.590000e-09 5.970250e-03
586 4.086569e-04 8.896821e-02
587 1.675604e-08 1.330636e-02
588 5.244930e-04 4.224711e-01
589 2.112173e-03 5.388471e-01
590 6.574713e-05 2.138742e-01
591 3.207944e-07 9.240780e-03
592 2.013609e-03 4.465172e-02
593 5.203016e-07 1.388968e-02
594 8.328746e-05 2.253808e-02
595 8.595787e-05 1.478624e-01
596 4.611829e-06 1.664790e-02
597 2.856439e-06 1.647695e-02
598 9.106932e-08 1.209204e-02
599 4.442393e-08 1.333572e-02
600 1.461235e-05 1.976948e-02
601 1.181445e-06 5.502165e-03
