2 1.293284e-03 7.569527e-02
3 5.801518e-03 6.827236e-02
4 3.358251e-03 2.176784e-01
5 4.978913e-04 4.836632e-02
6 1.181645e-02 1.523534e-01
7 3.080919e-03 1.029039e-01
8 3.710998e-03 8.949443e-02
9 3.128062e-04 2.316780e-02
10 7.183935e-04 6.002910e-03
11 9.769492e-03 2.826204e-01
12 3.797095e-03 9.623537e-02
13 1.318836e-02 1.194611e-01
14 2.238728e-03 6.959587e-02
15 7.119311e-03 1.240169e-01
16 1.441527e-03 1.319200e-01
17 1.289766e-03 2.012483e-02
18 3.789293e-03 1.037722e-01
19 2.660845e-04 2.757397e-02
20 2.944105e-04 5.485984e-02
21 6.507431e-04 1.636488e-02
22 7.835328e-03 1.357835e-01
23 6.437313e-04 1.498874e-01
24 3.226647e-03 8.715732e-02
25 1.785133e-03 5.133254e-02
26 6.375082e-04 9.139446e-02
27 2.897373e-03 1.496313e-01
28 3.917057e-03 6.801041e-02
29 5.664332e-03 7.873562e-02
30 3.136456e-04 8.737842e-03
31 2.831204e-03 6.480985e-02
32 4.263706e-03 1.015436e-01
33 6.851205e-03 8.900469e-02
34 1.464572e-04 9.876900e-03
35 4.282920e-03 2.233740e-01
36 3.537248e-04 3.237077e-02
37 3.226087e-04 1.493509e-02
38 2.756152e-03 9.142788e-02
39 4.776670e-03 2.762469e-01
40 5.191368e-03 2.186706e-01
41 7.625971e-05 2.321201e-02
42 2.036766e-03 5.603921e-02
43 8.663157e-04 3.129147e-02
44 9.881644e-06 4.285835e-03
45 3.428444e-06 3.930264e-03
46 9.039924e-06 4.686254e-03
47 8.744928e-06 7.564250e-03
48 2.438683e-06 4.247987e-03
49 1.738247e-03 5.804360e-02
50 1.280708e-04 1.000081e-02
51 1.063199e-06 3.013401e-03
52 4.501161e-05 5.159592e-03
53 2.221865e-04 1.784020e-02
54 1.091925e-06 2.669821e-03
55 6.291919e-06 3.117319e-03
56 2.707859e-06 3.781178e-03
57 1.102812e-06 2.949466e-03
58 4.668480e-05 4.303794e-03
59 3.196540e-04 1.391887e-02
60 1.189928e-04 6.710996e-03
61 1.399094e-04 1.261734e-02
62 9.364078e-07 2.697591e-03
63 5.602716e-05 9.879485e-03
64 2.494743e-06 2.679978e-03
65 2.122179e-06 2.870511e-03
66 1.761918e-05 8.466582e-03
67 2.122179e-06 2.870511e-03
68 2.008109e-05 3.413097e-03
69 1.539168e-04 1.758777e-02
70 3.500593e-04 1.286332e-02
71 5.218999e-05 5.534786e-03
72 1.284494e-04 9.300070e-03
73 2.301981e-05 9.394258e-03
74 8.129149e-06 4.999581e-03
75 2.497582e-06 3.441943e-03
76 1.674169e-04 4.705707e-02
77 9.680079e-06 9.854320e-03
78 7.838120e-04 4.834118e-02
79 7.326409e-04 1.500204e-02
80 4.612688e-05 9.587987e-03
81 1.102812e-06 2.949466e-03
82 5.837134e-05 1.724712e-02
83 3.732634e-06 5.034075e-03
84 1.816927e-04 3.685581e-02
85 6.157901e-05 1.178251e-02
86 6.743628e-06 4.803138e-03
87 9.443590e-04 1.632333e-02
88 6.701183e-06 3.910818e-03
89 5.480636e-05 8.091317e-03
90 1.616280e-04 6.636062e-03
91 2.855563e-06 2.812247e-03
92 8.125226e-06 4.647801e-03
93 3.159225e-06 4.330143e-03
94 8.893649e-06 5.259959e-03
95 3.638234e-07 2.688197e-03
96 7.796305e-03 6.795732e-02
97 4.300201e-05 8.845671e-03
98 1.085345e-02 1.762433e-01
99 1.580252e-03 4.297464e-02
100 1.776236e-03 1.445931e-02
101 3.594910e-04 1.068602e-02
102 8.298761e-06 4.651504e-03
103 1.843238e-03 3.524253e-02
104 5.959068e-05 1.153805e-02
105 1.594293e-04 2.154515e-02
106 1.973576e-05 3.902768e-03
107 2.912426e-06 3.098243e-03
108 3.382814e-04 1.212785e-02
109 4.770578e-04 3.345732e-02
110 7.853479e-05 1.175099e-02
111 1.063465e-03 5.701543e-02
112 5.896618e-04 5.674613e-02
113 3.209041e-03 9.121913e-02
114 4.370561e-04 1.438251e-02
115 1.929152e-03 4.947978e-02
116 3.916698e-03 6.891630e-02
117 3.489719e-05 1.050445e-02
118 2.773995e-06 5.237852e-03
119 1.206165e-03 5.031024e-02
120 4.585434e-03 7.057189e-02
121 2.211206e-05 3.334406e-03
122 1.677706e-05 4.789157e-03
123 7.798065e-04 2.734057e-02
124 2.926863e-04 7.869310e-03
125 1.230625e-04 6.951180e-03
126 4.486453e-05 7.896950e-03
127 2.285951e-05 7.878370e-03
128 9.763022e-05 5.429549e-03
129 2.733741e-04 7.611464e-03
130 8.953784e-06 6.797666e-03
131 1.242474e-03 9.168577e-02
132 1.674296e-05 2.845106e-03
133 2.922217e-03 1.213393e-01
134 1.267425e-04 1.092144e-02
135 5.217224e-05 5.634252e-03
136 1.253465e-04 7.185586e-03
137 2.158541e-05 4.417580e-03
138 3.057652e-05 1.159806e-02
139 7.104903e-06 5.438822e-03
140 3.628944e-05 3.909328e-03
141 1.221247e-02 1.594978e-01
142 4.204721e-04 3.563207e-02
143 4.876725e-05 4.957125e-03
144 1.443272e-04 7.516772e-03
145 2.502710e-04 1.058726e-02
146 3.210206e-06 3.965376e-03
147 2.415964e-03 5.638557e-02
148 1.631179e-05 2.703417e-03
149 5.345091e-05 6.120401e-03
150 3.284603e-05 3.100598e-03
151 2.000710e-05 9.496044e-03
152 2.233388e-05 1.987326e-02
153 3.313409e-04 1.044657e-02
154 3.027134e-04 2.625981e-02
155 1.046310e-06 2.435087e-03
156 4.934131e-05 6.061729e-03
157 1.232869e-04 7.648640e-03
158 3.443983e-05 4.252879e-03
159 1.739431e-05 5.339455e-03
160 5.115704e-04 4.025399e-02
161 4.859119e-05 6.863636e-03
162 5.240380e-06 1.008684e-02
163 8.347884e-06 4.750164e-03
164 2.692035e-04 2.362150e-02
165 2.610482e-06 2.875900e-03
166 2.887649e-06 3.657943e-03
167 2.175013e-05 5.088666e-03
168 4.576127e-05 4.499891e-03
169 1.157113e-03 3.518321e-02
170 4.675058e-03 1.118308e-01
171 2.724400e-06 4.974588e-03
172 2.194945e-04 1.052548e-02
173 4.983115e-05 4.574295e-03
174 3.589440e-05 2.994096e-03
175 6.239100e-06 3.046256e-03
176 1.205651e-04 6.895456e-03
177 3.173088e-05 4.225336e-03
178 6.232727e-04 8.139096e-03
179 3.725011e-04 2.790236e-02
180 2.024919e-05 5.087778e-03
181 1.483388e-03 5.325071e-02
182 2.106512e-06 2.690185e-03
183 7.394715e-04 1.431241e-02
184 7.183048e-04 2.419619e-02
185 1.966313e-05 4.723014e-03
186 6.311566e-06 5.630016e-03
187 2.085085e-03 4.880632e-02
188 4.885396e-04 2.822589e-02
189 5.243791e-06 4.339209e-03
190 1.227149e-03 6.726480e-02
191 3.116316e-04 7.950110e-03
192 5.183433e-04 2.054952e-02
193 1.670991e-04 3.344206e-02
194 4.674283e-05 4.641257e-03
195 3.479836e-03 2.136696e-01
196 2.014869e-05 3.041287e-03
197 1.933852e-03 1.093670e-01
198 8.791341e-04 2.119366e-02
199 6.099327e-03 1.926738e-01
200 3.803157e-04 9.745632e-03
201 2.281337e-06 2.624481e-03
202 8.209755e-03 1.140128e-01
203 2.877128e-03 8.944786e-02
204 4.325667e-05 5.577276e-03
205 1.333668e-03 5.518577e-02
206 2.649165e-05 1.174190e-02
207 1.602967e-05 2.735373e-03
208 1.964191e-04 4.031143e-02
209 3.336375e-03 7.626421e-02
210 1.751425e-03 6.906175e-02
211 5.252198e-04 2.864458e-02
212 3.846725e-04 2.274917e-02
213 1.682299e-03 5.032398e-02
214 5.578695e-04 6.501974e-02
215 5.387925e-05 1.217717e-02
216 4.711296e-05 7.975261e-03
217 1.732096e-05 4.588655e-03
218 1.153033e-04 8.133476e-02
219 1.052703e-06 2.694360e-03
220 7.742189e-04 5.918482e-02
221 7.804766e-04 1.738490e-02
222 2.489983e-04 1.313600e-02
223 2.114318e-05 5.246219e-03
224 2.406127e-04 3.663770e-03
225 1.964262e-04 3.000811e-02
226 9.878566e-07 2.658823e-03
227 1.653386e-04 1.242730e-02
228 1.425440e-03 6.199367e-02
229 1.274611e-03 3.989617e-02
230 5.258877e-05 5.141267e-03
231 6.059987e-04 2.390921e-02
232 9.526704e-05 4.043117e-03
233 2.069714e-06 5.559931e-03
234 6.498999e-05 1.005095e-02
235 2.703968e-04 1.261828e-02
236 2.618117e-04 3.499832e-02
237 3.825670e-05 3.962513e-03
238 1.383362e-04 1.378645e-02
239 4.817656e-05 6.540540e-03
240 3.960074e-04 1.630328e-02
241 6.323340e-04 4.232196e-02
242 8.623851e-06 7.615292e-03
243 1.524469e-05 2.816981e-03
244 7.444460e-05 1.252195e-02
245 1.192263e-04 2.473967e-02
246 2.719627e-03 4.742596e-02
247 3.553927e-04 9.011415e-03
248 1.598325e-03 1.023346e-01
249 3.469428e-04 1.953036e-02
250 2.576559e-04 8.231647e-02
251 2.730793e-06 3.020852e-03
252 1.503804e-03 7.163191e-02
253 6.596754e-05 3.041333e-02
254 4.542104e-04 2.644989e-02
255 7.003126e-06 5.753943e-03
256 6.505090e-07 2.397334e-03
257 3.281857e-05 2.685760e-02
258 3.503411e-04 1.451255e-02
259 6.046035e-06 2.739324e-03
260 1.029390e-03 1.852800e-02
261 1.863283e-05 5.788514e-03
262 5.749971e-06 2.722950e-03
263 3.453539e-04 9.715700e-03
264 6.865579e-04 9.225868e-03
265 8.982776e-05 2.644388e-02
266 5.599739e-05 6.677896e-03
267 5.381811e-05 8.828520e-03
268 6.765518e-06 4.127625e-03
269 4.146320e-05 7.765287e-03
270 5.889446e-06 3.187108e-03
271 8.883018e-04 2.557222e-02
272 9.621943e-05 6.886446e-03
273 2.979662e-03 4.932603e-02
274 7.705521e-06 8.970636e-03
275 5.314481e-06 3.775778e-03
276 1.256738e-05 6.113137e-03
277 5.510144e-05 1.346704e-02
278 5.519216e-05 2.650109e-02
279 2.689555e-04 7.283623e-03
280 4.556028e-03 6.347495e-02
281 1.152157e-04 1.494582e-02
282 7.855512e-06 1.111318e-02
283 8.800071e-04 7.779183e-02
284 5.077472e-05 1.439130e-02
285 9.396261e-04 2.503831e-02
286 8.460358e-06 3.879261e-03
287 9.414839e-05 5.772306e-03
288 4.041892e-05 1.281104e-02
289 5.779589e-05 1.018192e-02
290 1.800630e-03 1.680417e-02
291 2.279231e-06 3.361141e-03
292 5.022436e-05 1.155380e-02
293 4.666243e-05 5.950942e-03
294 1.561960e-06 3.005635e-03
295 1.421614e-03 6.720902e-02
296 4.203519e-03 7.791547e-02
297 2.566211e-05 1.340933e-02
298 3.660076e-05 4.681767e-03
299 6.987502e-06 7.243169e-03
300 1.164532e-03 6.065679e-02
301 1.175375e-03 2.769560e-02
302 1.682379e-04 1.348337e-02
303 5.676670e-04 4.704524e-02
304 5.129586e-06 3.356439e-03
305 8.979706e-04 5.286715e-02
306 8.733432e-07 2.388914e-03
307 1.679419e-03 8.418372e-02
308 5.757021e-06 2.803861e-03
309 1.167922e-04 1.649989e-02
310 3.121065e-04 9.071562e-03
311 5.011803e-05 9.992192e-03
312 2.347449e-04 3.854400e-02
313 2.789681e-04 3.591983e-02
314 4.652232e-05 6.115403e-03
315 8.738967e-05 9.334771e-03
316 1.069119e-02 2.192978e-01
317 2.605826e-04 4.205130e-02
318 7.694940e-04 5.473870e-02
319 1.109564e-04 9.669997e-03
320 5.893135e-05 1.944581e-02
321 2.169527e-06 2.892986e-03
322 8.261140e-07 4.705726e-03
323 5.372685e-03 5.293204e-02
324 3.854134e-04 2.578027e-02
325 2.030266e-04 3.324170e-03
326 1.817105e-05 6.578918e-03
327 5.183233e-05 5.049631e-03
328 3.581960e-05 4.680781e-03
329 2.942132e-04 6.185393e-02
330 1.378713e-05 3.212645e-03
331 5.616417e-04 5.297316e-02
332 3.123248e-05 1.551463e-02
333 1.543524e-05 5.956880e-03
334 8.288959e-05 1.487134e-02
335 5.765802e-06 4.319938e-03
336 1.791626e-05 5.417399e-03
337 5.165613e-06 3.083934e-03
338 2.598574e-03 5.259733e-02
339 3.619968e-04 8.407208e-03
340 2.515103e-04 2.529654e-02
341 2.856563e-04 1.261843e-02
342 7.393057e-04 2.564309e-02
343 3.171923e-06 8.497906e-03
344 1.251458e-03 4.061957e-02
345 2.529891e-02 2.450684e-01
346 9.155901e-05 4.574035e-02
347 5.522913e-06 3.157551e-03
348 1.369019e-03 3.402205e-02
349 3.734899e-05 4.627792e-03
350 6.174964e-05 6.233537e-03
351 4.658902e-03 1.379642e-01
352 3.567351e-04 1.982551e-02
353 6.864681e-06 3.073633e-03
354 1.106242e-04 1.290940e-02
355 1.869541e-04 2.684371e-02
356 5.918294e-05 1.379737e-02
357 1.693584e-03 5.303837e-02
358 3.799741e-04 1.292645e-02
359 2.504981e-06 3.999016e-03
360 1.373155e-05 3.715457e-02
361 2.027064e-05 1.421408e-02
362 7.806145e-05 5.468202e-02
363 2.773257e-03 7.155537e-02
364 7.482584e-03 9.430819e-02
365 8.184769e-05 3.174201e-02
366 2.238474e-04 2.898991e-02
367 3.281982e-05 3.834644e-03
368 2.162615e-03 3.839712e-02
369 2.291263e-05 5.641558e-03
370 1.118398e-04 1.214862e-02
371 2.624569e-04 4.379488e-02
372 1.584943e-04 3.822410e-02
373 4.920685e-06 4.273057e-03
374 2.694351e-06 4.607900e-03
375 2.405133e-06 2.704153e-03
376 1.185186e-05 3.218805e-03
377 3.408956e-03 8.231906e-02
378 1.587681e-05 5.430920e-03
379 1.597780e-03 3.004923e-02
380 2.977426e-03 8.796117e-02
381 9.700367e-04 1.554071e-02
382 4.317213e-05 3.360558e-03
383 2.613339e-03 5.541811e-02
384 3.468244e-04 9.761477e-03
385 1.380215e-04 1.397051e-02
386 6.348458e-06 2.852285e-03
387 1.466181e-04 1.394683e-02
388 4.527263e-03 1.109043e-01
389 2.299858e-04 1.636751e-02
390 2.014092e-04 4.490900e-02
391 6.550051e-05 2.544511e-02
392 5.042722e-03 1.232691e-01
393 6.258296e-06 3.421415e-03
394 4.668199e-03 3.741709e-02
395 9.118584e-05 4.837246e-03
396 7.427832e-05 1.360583e-02
397 1.827162e-04 2.125085e-02
398 9.620702e-07 5.545326e-03
399 9.416960e-04 1.708853e-02
400 7.939892e-05 2.316781e-02
401 8.069827e-06 2.864442e-03
402 2.281005e-06 9.644612e-03
403 4.783015e-03 1.092799e-01
404 9.741502e-05 9.012709e-03
405 1.401472e-04 7.529764e-03
406 2.415132e-03 2.507545e-02
407 4.515852e-04 4.565823e-02
408 5.953331e-05 2.638539e-02
409 1.081053e-04 3.442018e-02
410 3.699217e-05 5.688818e-03
411 4.765096e-06 4.804319e-03
412 8.099556e-05 9.942936e-03
413 4.475366e-05 5.464759e-03
414 6.409601e-05 1.532844e-02
415 3.709890e-07 2.574491e-03
416 5.409993e-03 4.990591e-02
417 1.841490e-05 4.987597e-03
418 4.285655e-04 1.545399e-02
419 8.129303e-04 1.617014e-02
420 2.053375e-04 9.340195e-02
421 9.740084e-06 6.587919e-03
422 4.194721e-04 2.033935e-02
423 2.976909e-04 7.263547e-03
424 1.268267e-04 1.357191e-02
425 3.112169e-03 8.670692e-02
426 5.438570e-05 4.692155e-03
427 1.909516e-03 5.220404e-02
428 4.965288e-04 5.938190e-02
429 1.212500e-04 1.507909e-02
430 8.155406e-06 5.712647e-03
431 4.536603e-06 2.416253e-03
432 2.241845e-06 6.247650e-03
433 2.405133e-06 2.704153e-03
434 2.887649e-06 3.657943e-03
435 1.585972e-03 6.866973e-02
436 1.121108e-05 2.797824e-03
437 3.140615e-03 3.809540e-02
438 4.076829e-05 4.629243e-03
439 4.775502e-05 3.843514e-03
440 1.217383e-04 5.513614e-03
441 4.517485e-05 9.528535e-03
442 2.176154e-05 4.473509e-03
443 4.775502e-05 3.843514e-03
444 1.309846e-04 1.283575e-02
445 5.383625e-05 7.263111e-03
446 8.664069e-04 2.626999e-02
447 2.730793e-06 3.020852e-03
448 3.098891e-04 8.410626e-03
449 1.574422e-05 6.113686e-03
450 1.611615e-04 1.353990e-02
451 6.283046e-07 2.602226e-03
452 3.548959e-03 1.377340e-01
453 1.046341e-04 1.020150e-02
454 9.910261e-04 1.740327e-02
455 5.749915e-05 9.322833e-03
456 4.254343e-04 1.513828e-02
457 4.269593e-03 7.034940e-02
458 7.390966e-04 8.610179e-02
459 6.862185e-05 1.807195e-02
460 1.677543e-04 1.013927e-02
461 6.817130e-06 4.379919e-03
462 5.585081e-06 7.596074e-03
463 2.497132e-03 6.596014e-02
464 1.008126e-04 3.881076e-03
465 1.358414e-04 7.225036e-03
466 7.366746e-06 3.605635e-03
467 8.759294e-05 1.470078e-02
468 2.958249e-07 2.942406e-03
469 4.610209e-05 7.344774e-03
470 5.287567e-04 4.887633e-02
471 8.191210e-06 5.055908e-03
472 2.887649e-06 3.657943e-03
473 1.045982e-03 2.055636e-02
474 1.297442e-04 8.628915e-03
475 1.651182e-05 5.791869e-03
476 1.410807e-04 6.807972e-03
477 1.907439e-04 2.009061e-02
478 2.566835e-06 3.278960e-03
479 9.731794e-06 2.592057e-03
480 1.638089e-05 7.950575e-03
481 1.014448e-04 1.115806e-02
482 1.990866e-05 3.366186e-03
483 5.060389e-06 2.739735e-03
484 8.327516e-06 3.301103e-03
485 6.781055e-06 2.693475e-03
486 5.104435e-05 1.548881e-02
487 2.674067e-04 9.473032e-03
488 4.926620e-06 2.526158e-03
489 3.769387e-03 7.523724e-02
490 7.638677e-05 5.041045e-02
491 5.599140e-04 2.828112e-02
492 2.894067e-04 6.690967e-03
493 2.730793e-06 3.020852e-03
494 2.903372e-03 9.586735e-02
495 1.101489e-03 2.900945e-02
496 4.977973e-06 2.518764e-03
497 1.382910e-04 2.228222e-02
498 1.338478e-04 5.484797e-03
499 1.344645e-05 4.236813e-03
500 6.280754e-06 4.174953e-03
501 1.751416e-04 1.811809e-02
502 5.553881e-05 1.374373e-02
503 3.122023e-04 5.128277e-03
504 8.025537e-03 7.923974e-02
505 1.077558e-04 6.755981e-03
506 1.853514e-04 1.410257e-02
507 3.261380e-05 4.909388e-03
508 2.050886e-06 3.892681e-03
509 3.107496e-04 1.928412e-02
510 2.637363e-04 1.114597e-02
511 5.543375e-03 8.521600e-02
512 4.044980e-05 3.148615e-03
513 3.868294e-05 3.164216e-03
514 5.566331e-06 3.950936e-03
515 1.326637e-04 2.233782e-02
516 2.111591e-05 5.494291e-03
517 1.052703e-06 2.694360e-03
518 2.317882e-06 6.459799e-03
519 1.310493e-04 5.995819e-03
520 4.300757e-05 6.981128e-03
521 7.461282e-06 6.994745e-03
522 2.354210e-05 5.545637e-03
523 3.984422e-04 2.516850e-02
524 1.977175e-06 3.371147e-03
525 3.914063e-05 4.648972e-03
526 1.886659e-05 5.554661e-03
527 2.518747e-06 3.287849e-03
528 5.501938e-04 4.127928e-03
529 4.074727e-04 1.115910e-02
530 2.046991e-05 6.053424e-03
531 2.127860e-06 2.513245e-03
532 3.031472e-05 5.127676e-03
533 1.307248e-04 9.122239e-03
534 3.320667e-05 6.180451e-02
535 2.087074e-05 9.538339e-03
536 2.495350e-04 2.428687e-02
537 6.233837e-04 2.002441e-02
538 5.140234e-04 1.168768e-01
539 8.008333e-06 4.633819e-03
540 1.949451e-04 1.112440e-02
541 2.313594e-04 3.143716e-02
542 8.960694e-04 2.596896e-02
543 4.142634e-05 5.810065e-03
544 3.178760e-04 9.104905e-03
545 7.952852e-06 1.048073e-02
546 1.053441e-04 1.191053e-02
547 3.096335e-03 5.881050e-02
548 1.264363e-02 1.107142e-01
549 3.801582e-04 2.298621e-02
550 4.131787e-05 6.357321e-03
551 1.387228e-04 7.863679e-03
552 4.695645e-05 4.674101e-03
553 1.815417e-06 3.782414e-03
554 5.407603e-06 6.085533e-03
555 4.016578e-04 1.614497e-02
556 4.675284e-05 6.922281e-03
557 3.620770e-04 6.619969e-02
558 6.415939e-05 1.479206e-02
559 9.547518e-04 3.625305e-02
560 6.705079e-06 2.835967e-03
561 2.386373e-05 1.351819e-02
562 2.769298e-06 2.817900e-03
563 9.286802e-05 7.685741e-02
564 1.955446e-04 2.248451e-02
565 2.445392e-05 9.057208e-03
566 5.184068e-06 2.499343e-03
567 1.950839e-03 3.428580e-02
568 2.769961e-04 4.875757e-02
569 1.980768e-04 2.164623e-02
570 3.870448e-05 6.805951e-03
571 2.061233e-03 1.527744e-01
572 1.855392e-05 7.271113e-03
573 2.154024e-03 5.628689e-02
574 7.369419e-05 1.102808e-02
575 7.624446e-06 3.758778e-03
576 5.557748e-05 6.267695e-03
577 2.146737e-04 2.396298e-02
578 6.289981e-04 7.488358e-02
579 2.515415e-05 4.817710e-03
580 5.659555e-03 1.857864e-01
581 8.550063e-04 3.270535e-02
582 1.189472e-04 2.404905e-02
583 8.097229e-05 4.784770e-02
584 2.746247e-04 2.268626e-02
585 1.409439e-05 5.758680e-03
586 1.458666e-04 2.688248e-02
587 6.532591e-05 1.202452e-02
588 7.571214e-04 4.826454e-02
589 1.368885e-03 4.326799e-02
590 8.023623e-04 4.231998e-02
591 2.595739e-05 6.358802e-03
592 6.322412e-05 1.390053e-02
593 1.325924e-04 7.845214e-03
594 7.339190e-04 1.077201e-02
595 1.261182e-03 8.552667e-02
596 8.030860e-05 1.331550e-02
597 1.159860e-04 5.855611e-03
598 2.190663e-05 1.165376e-02
599 7.813917e-05 1.200519e-02
600 7.146662e-05 1.613479e-02
601 9.587148e-06 5.060233e-03
