1 8.882399e-05 1.369319e-01
2 2.866909e-06 5.640205e-02
3 1.050286e-03 1.372643e-01
4 2.922867e-05 8.321529e-03
5 1.085462e-08 2.620604e-03
6 2.154291e-02 1.504468e+00
7 1.220785e-02 2.242452e+00
8 1.094322e-04 2.679355e-01
9 3.034435e-08 3.477681e-02
10 6.134057e-05 2.058674e-01
11 1.408875e-10 4.792365e-03
12 8.886391e-05 1.366105e-02
13 8.695375e-04 5.861155e-01
14 3.321586e-08 1.226304e-02
15 1.417537e-03 3.190066e-01
16 7.452236e-04 4.189243e-01
17 6.767990e-10 6.384347e-03
18 9.910167e-04 1.656405e-01
19 5.022968e-04 2.587521e-01
20 1.026131e-10 3.055919e-03
21 6.689738e-03 1.487456e+00
22 1.717777e-03 5.809526e-02
23 6.982112e-06 4.790419e-03
24 2.886319e-03 1.130782e-01
25 3.191875e-05 1.574173e-02
26 3.908742e-03 9.820394e-02
27 9.471532e-05 1.282462e-02
28 7.308281e-11 4.315920e-03
29 2.692266e-02 8.693997e-01
30 5.300391e-03 1.726530e+00
31 1.896900e-05 7.808293e-02
32 7.241420e-04 4.711462e-01
33 3.436005e-08 2.850305e-03
34 4.162378e-10 4.800495e-03
35 4.303113e-04 6.923447e-02
36 6.441614e-03 9.852575e-01
37 3.066583e-09 3.821954e-03
38 6.743913e-07 5.247022e-02
39 2.889045e-10 2.540390e-03
40 2.838986e-09 4.967522e-03
41 2.469087e-04 1.715245e-01
42 1.365273e-06 9.860425e-02
43 2.796942e-07 4.888899e-02
44 1.480093e-08 8.001782e-03
45 9.967395e-03 2.743592e-01
46 4.957194e-06 9.175768e-03
47 1.251455e-03 4.788126e-01
48 7.872154e-10 2.121761e-02
49 3.228675e-06 6.423898e-03
50 4.718991e-03 1.394960e+00
51 6.135262e-04 4.317387e-01
52 1.265174e-04 5.337127e-02
53 1.799123e-07 2.819312e-03
54 2.091601e-08 3.166178e-03
55 2.153329e-05 2.388549e-02
56 5.195592e-03 3.254244e-01
57 1.279307e-06 6.554940e-02
58 1.760353e-03 9.223321e-02
59 1.965144e-03 3.412163e-01
60 2.483708e-06 5.227790e-02
61 3.014737e-03 7.685692e-01
62 6.028766e-03 6.391501e-01
63 6.287470e-10 3.773066e-03
64 6.044460e-05 4.480138e-02
65 7.977687e-05 1.949103e-01
66 8.585102e-12 2.676713e-03
67 9.798128e-08 3.924077e-02
68 5.113242e-08 6.697832e-03
69 8.396164e-08 8.551184e-03
70 1.001318e-09 1.156330e-02
71 5.688799e-03 2.727734e-01
72 9.874569e-07 4.757909e-03
73 1.984568e-09 4.359132e-03
74 1.703888e-04 1.256960e-01
75 1.013786e-08 3.041924e-03
76 2.858595e-06 1.158715e-02
77 2.585914e-11 5.688700e-03
78 1.490677e-02 8.574581e-01
79 1.245607e-02 8.300879e-01
80 2.944377e-07 6.044489e-02
81 3.780571e-11 4.248597e-03
82 8.402539e-07 4.115931e-03
83 2.890184e-07 4.347296e-03
84 2.665559e-06 7.254373e-03
85 1.720460e-03 1.901652e-01
86 1.037283e-04 3.593098e-02
87 1.462871e-10 3.814865e-03
88 1.406138e-09 7.631850e-03
89 2.037302e-04 3.256796e-01
90 2.696170e-04 9.829954e-02
91 7.170106e-06 4.165842e-03
92 9.233437e-03 1.030080e+00
93 1.985371e-06 5.801105e-03
94 3.228144e-08 6.105912e-03
95 9.635783e-04 8.939613e-02
96 2.906539e-09 4.638317e-03
97 1.831331e-06 1.442713e-02
98 1.367093e-07 5.209950e-03
99 1.813066e-07 3.889744e-03
100 1.569620e-02 2.555268e+00
101 7.757128e-08 9.947701e-03
102 3.110380e-09 7.142396e-03
103 1.585313e-03 3.239722e-01
104 4.561539e-04 1.827599e-01
105 8.809032e-05 7.780575e-02
106 5.234620e-05 1.494022e-02
107 5.912309e-08 4.152398e-03
108 2.675602e-08 4.794776e-03
109 3.732456e-09 1.117883e-02
110 1.735568e-05 7.589288e-02
111 7.638769e-10 9.035299e-03
112 3.214248e-05 6.772326e-03
113 3.909388e-04 1.409451e-01
114 3.970801e-03 3.228509e-01
115 1.239730e-02 1.082816e+00
116 2.250959e-03 5.058908e-01
117 9.540814e-05 1.818791e-01
118 1.171827e-02 1.588168e+00
119 2.485198e-06 3.164711e-02
120 7.152294e-06 6.511134e-02
121 3.467971e-04 2.204477e-01
122 9.240110e-04 1.190915e-01
123 1.697741e-08 6.350715e-03
124 8.727371e-04 3.533359e-02
125 7.537063e-07 1.004222e-02
126 1.227279e-05 1.034248e-01
127 1.508468e-07 9.094473e-03
128 4.514969e-04 4.774924e-02
129 2.581104e-05 3.253718e-02
130 2.683622e-08 7.325332e-03
131 4.098676e-07 8.142898e-03
132 1.903914e-05 2.430838e-02
133 1.654828e-05 2.454552e-02
134 7.004490e-05 9.685027e-02
135 6.393305e-08 8.446016e-03
136 3.783200e-05 1.981787e-02
137 8.046841e-08 1.480584e-02
138 2.783479e-08 1.127296e-02
139 2.982013e-08 1.192966e-02
140 3.368123e-09 5.667052e-03
141 7.574317e-08 1.120058e-02
142 1.584261e-07 1.050227e-02
143 9.633791e-07 7.479589e-03
144 1.832220e-07 1.444574e-02
145 6.710364e-08 8.293862e-03
146 9.361484e-10 6.847151e-03
147 1.995614e-07 1.733864e-02
148 1.747663e-07 1.100456e-02
149 1.851603e-07 1.201890e-02
150 1.224811e-08 6.165237e-03
151 3.537364e-08 1.434567e-02
152 2.678327e-08 6.322976e-03
153 7.357354e-06 1.460860e-02
154 5.020358e-09 1.323542e-02
155 4.970195e-09 1.252735e-02
156 1.882763e-05 5.741713e-02
157 7.149171e-08 8.671620e-03
158 1.153191e-04 2.375496e-02
159 1.947453e-05 4.106234e-02
160 5.241390e-05 4.002209e-02
161 2.505901e-06 2.149667e-02
162 3.170557e-05 2.232648e-02
163 2.188897e-06 2.387223e-02
164 1.632406e-06 1.048023e-02
165 6.539008e-07 5.552294e-03
166 8.338188e-06 9.399443e-03
167 3.214583e-04 2.842515e-02
168 1.095807e-05 1.315629e-02
169 1.089759e-04 2.152908e-02
170 5.702986e-06 3.285361e-02
171 9.510416e-06 2.241293e-02
172 3.888133e-07 7.861932e-03
173 6.977070e-06 2.596127e-02
174 1.965533e-03 2.973627e-01
175 6.031570e-07 1.830072e-02
176 6.311621e-06 3.304802e-02
177 1.731742e-05 2.355942e-02
178 1.122278e-06 2.620833e-02
179 3.226713e-06 3.266071e-02
180 6.436943e-07 3.332136e-02
181 4.143426e-07 1.015140e-02
182 2.207200e-06 3.077058e-02
183 1.564445e-05 2.743219e-02
184 2.023745e-05 4.922573e-02
185 2.366930e-04 4.926462e-02
186 2.127577e-05 4.349448e-02
187 8.499061e-06 1.723788e-02
188 2.377861e-06 1.178241e-02
189 5.692473e-05 4.358512e-02
190 3.251304e-06 1.743991e-02
191 8.133638e-05 5.790489e-02
192 3.354582e-06 1.384492e-02
193 7.037748e-05 4.101149e-02
194 2.384643e-05 1.341690e-02
195 1.630945e-05 2.452066e-02
196 8.218913e-05 4.400330e-02
197 2.058778e-04 3.928823e-02
198 8.011191e-05 3.333209e-02
199 9.035391e-06 1.973362e-02
200 6.174383e-09 5.390093e-03
201 8.951798e-07 1.261526e-02
202 1.190630e-05 2.295375e-02
203 1.789066e-06 5.932469e-03
204 3.124198e-06 1.886873e-02
205 5.368637e-06 2.670488e-02
206 2.092926e-08 1.185165e-02
207 4.741391e-06 9.416782e-03
208 1.004139e-08 2.564680e-02
209 2.082855e-06 1.311638e-02
210 1.218020e-05 1.970442e-02
211 5.922758e-07 1.553800e-02
212 7.084290e-04 6.264059e-02
213 1.660330e-05 5.411318e-02
214 2.980364e-08 3.770159e-03
215 1.601670e-04 2.569030e-02
216 8.257167e-07 6.536073e-02
217 1.581029e-06 1.617662e-02
218 4.236356e-04 3.745401e-02
219 4.158040e-05 1.588422e-02
220 3.366161e-09 1.511450e-02
221 2.982832e-05 4.509310e-02
222 1.470657e-06 3.024394e-02
223 2.908342e-03 4.406040e-01
224 1.302050e-04 5.050149e-02
225 8.622338e-06 1.184606e-02
226 7.328686e-08 3.549175e-03
227 1.139784e-06 7.489512e-03
228 4.557001e-05 1.862574e-02
229 2.057463e-05 1.904984e-02
230 4.728679e-05 2.563807e-02
231 7.166215e-05 2.450176e-02
232 7.788511e-05 2.907722e-02
233 3.360745e-06 8.101460e-03
234 5.845298e-06 5.305351e-03
235 4.153442e-05 1.071920e-02
236 1.139198e-08 5.317036e-03
237 2.688062e-04 2.277497e-02
238 1.280661e-05 1.100252e-02
239 2.574318e-06 8.286493e-03
240 1.606988e-07 7.082365e-03
241 1.426740e-05 5.805132e-03
242 8.133903e-05 2.819068e-02
243 4.603557e-06 5.326514e-03
244 7.295326e-08 7.785766e-03
245 1.802497e-05 1.088104e-02
246 2.688062e-04 2.277497e-02
247 3.570547e-05 7.066764e-03
248 1.788372e-05 1.071753e-02
249 2.247352e-04 3.527681e-02
250 4.809742e-05 1.143974e-02
251 5.569994e-06 8.161296e-03
252 1.114724e-04 1.285379e-02
253 3.485050e-05 6.205401e-03
254 4.852540e-04 3.383844e-02
255 8.870678e-05 1.325077e-02
256 4.608447e-08 4.759084e-03
257 3.729619e-05 1.032520e-02
258 3.624443e-04 9.343901e-02
259 2.203859e-05 3.685348e-02
260 1.137075e-04 4.926727e-02
261 1.736859e-04 8.730244e-02
262 5.582006e-07 1.496349e-02
263 1.720060e-05 3.555438e-02
264 9.389025e-05 1.350592e-01
265 2.011284e-05 7.582013e-02
266 7.463444e-04 2.482143e-01
267 7.723318e-06 1.396422e-02
268 1.709665e-07 7.309901e-03
269 3.495294e-06 1.796429e-02
270 2.490629e-06 1.389136e-02
271 6.521421e-08 5.959969e-03
272 4.007385e-07 1.141530e-02
273 2.843566e-06 1.679473e-02
274 1.667435e-06 1.254974e-02
275 7.681537e-06 3.239458e-02
276 3.538600e-06 7.041502e-02
277 2.892257e-06 3.143566e-02
278 5.458459e-05 4.375469e-02
279 5.312513e-07 2.463653e-02
280 6.417069e-06 1.458001e-02
281 4.320683e-07 1.220038e-02
282 4.852249e-07 8.003979e-03
283 2.548442e-07 6.104251e-03
284 1.389266e-04 5.393293e-02
285 8.276433e-04 4.376483e-01
286 7.166858e-04 4.342703e-01
287 7.112450e-06 8.242106e-02
288 1.031707e-06 1.202176e-02
289 1.087214e-04 6.723302e-02
290 3.180615e-04 1.886874e-01
291 5.144792e-05 8.923629e-02
292 9.972800e-05 4.191742e-02
293 4.517530e-03 9.403437e-01
294 9.500001e-07 1.405190e-02
295 6.730093e-03 6.559374e-01
296 2.173847e-04 2.530918e-01
297 1.771933e-03 1.045568e+00
298 3.384019e-03 5.818626e-01
299 1.339952e-04 3.401638e-01
300 2.176930e-07 1.637338e-02
301 4.155416e-03 1.807335e-01
302 3.102774e-06 4.499031e-02
303 1.265804e-04 2.390839e-02
304 1.414649e-04 4.242188e-02
305 2.994416e-04 5.442639e-02
306 1.134730e-07 4.080850e-03
307 3.416345e-05 8.389409e-03
308 2.632189e-06 3.710868e-02
309 5.816052e-03 2.143806e-01
310 1.451074e-09 7.458853e-03
311 4.960939e-06 1.344486e-02
312 1.972881e-05 3.654661e-02
313 4.423980e-07 6.071880e-03
314 4.589793e-06 8.827635e-03
315 1.492049e-09 7.108191e-03
316 8.358391e-04 1.484477e-01
317 2.615373e-10 4.955158e-03
318 9.393662e-09 5.489110e-03
319 1.257211e-04 8.555928e-02
320 4.548496e-09 4.106560e-03
321 3.113878e-09 1.290918e-02
322 1.177407e-03 1.002285e-01
323 3.882864e-04 5.018712e-01
324 5.534937e-05 9.510526e-03
325 4.115900e-06 9.994219e-03
326 2.229861e-06 2.022870e-02
327 6.965868e-07 4.786034e-02
328 1.003363e-03 1.128536e-01
329 3.036511e-03 3.093098e-01
330 8.263605e-04 3.018728e-01
331 3.097142e-03 2.546798e-01
332 2.503753e-03 8.325710e-01
333 5.336121e-04 3.136386e-01
334 1.148053e-05 8.845899e-02
335 6.223203e-05 2.310147e-02
336 3.677412e-03 9.389718e-01
337 4.921574e-03 3.835609e-01
338 4.909108e-06 1.686403e-02
339 1.856845e-04 4.788645e-02
340 5.857407e-09 5.485422e-03
341 3.371264e-09 4.299503e-03
342 1.187567e-07 8.895057e-03
343 8.699856e-07 1.524086e-02
344 4.097196e-06 1.080851e-02
345 5.345849e-08 3.221720e-03
346 1.807422e-06 6.958610e-03
347 6.024937e-06 1.001669e-02
348 2.046607e-06 8.794307e-03
349 8.518524e-05 1.417783e-02
350 3.019865e-07 4.564378e-03
351 8.746509e-06 6.537329e-03
352 1.704337e-08 3.026830e-03
353 3.355833e-07 4.966834e-03
354 3.136038e-07 3.890127e-03
355 1.278690e-04 4.727964e-02
356 7.433883e-09 2.709705e-03
357 1.170391e-04 9.867467e-03
358 7.623809e-03 1.524586e-01
359 6.317237e-07 5.719950e-03
360 3.446495e-06 5.659309e-03
361 3.626295e-06 6.703920e-03
362 2.748306e-06 1.592579e-02
363 6.708814e-06 3.916632e-03
364 1.704337e-08 3.026830e-03
365 6.068474e-05 1.722308e-02
366 3.261974e-04 3.138308e-02
367 1.258328e-05 1.280001e-02
368 8.518524e-05 1.417783e-02
369 1.824514e-04 2.974071e-02
370 1.809942e-05 1.088815e-02
371 4.880690e-05 8.953397e-03
372 1.491350e-03 8.144810e-01
373 1.189025e-03 7.911097e-02
374 1.722273e-02 9.308480e-01
375 4.870291e-05 4.418871e-02
376 5.602466e-03 3.956567e-01
377 2.736685e-05 5.655553e-02
378 4.146330e-04 1.557762e-01
379 1.576169e-08 3.501033e-03
380 4.238457e-06 1.110862e-02
381 2.987840e-06 8.932310e-03
382 1.451389e-03 2.885190e-01
383 1.928934e-05 1.579498e-02
384 4.430490e-05 9.929567e-03
385 6.472610e-07 1.731006e-02
386 1.452657e-04 1.339297e-01
387 8.164013e-06 1.513254e-02
388 2.655128e-03 3.164504e-01
389 2.638901e-03 7.808772e-01
390 6.231974e-04 1.243786e-01
391 4.351056e-04 1.517656e-01
392 1.021085e-02 7.851894e-01
393 2.116350e-03 8.362767e-01
394 2.106085e-06 4.074500e-02
395 1.238109e-05 5.053953e-02
396 9.263931e-07 1.309702e-02
397 1.956615e-06 8.317380e-03
398 2.786765e-04 1.359070e-01
399 3.164118e-07 1.286780e-02
400 3.618380e-05 3.018334e-02
401 7.312206e-07 9.261877e-03
402 1.237672e-05 1.245758e-02
403 3.252772e-07 1.104324e-02
404 6.557071e-07 8.911674e-03
405 7.526658e-05 3.409367e-02
406 2.698089e-05 4.167765e-02
407 2.039480e-06 9.270261e-03
408 2.041630e-04 7.419695e-02
409 6.375684e-03 1.063000e+00
410 2.879572e-07 6.932782e-03
411 3.034197e-05 1.245990e-02
412 2.222146e-05 1.763722e-02
413 3.113478e-05 1.211435e-02
414 1.111032e-05 1.624172e-02
415 7.625888e-05 3.638999e-02
416 3.154494e-07 7.044727e-03
417 1.297350e-07 6.533718e-03
418 3.326132e-03 1.881079e-01
419 4.774404e-04 1.535273e-01
420 1.407272e-04 1.302836e-02
421 3.108619e-05 1.549398e-02
422 3.058518e-05 2.615099e-02
423 3.048060e-07 6.084928e-03
424 1.937229e-04 4.736821e-02
425 1.933074e-04 7.666945e-02
426 1.821952e-04 3.030465e-02
427 4.201605e-04 5.082889e-02
428 1.364333e-05 1.033730e-02
429 3.422420e-07 7.722225e-03
430 2.773301e-05 2.602923e-02
431 1.096813e-05 1.047853e-02
432 1.142290e-07 6.082970e-03
433 4.543661e-04 6.406117e-02
434 2.966610e-05 1.603278e-02
435 6.930677e-07 5.840883e-03
436 1.478394e-03 1.303160e-01
437 7.117993e-05 1.241809e-02
438 2.006884e-06 8.929768e-03
439 2.604094e-03 3.354181e-01
440 2.916700e-05 2.065637e-02
441 6.588294e-05 9.568726e-02
442 5.519076e-03 1.229676e+00
443 2.105319e-03 6.641563e-01
444 1.231199e-02 1.053546e+00
445 2.013131e-03 2.901320e-01
446 5.513822e-10 2.677543e-03
447 1.330797e-07 4.183612e-03
448 7.974799e-09 4.037207e-03
449 5.106100e-09 4.521622e-03
450 3.878554e-09 3.048895e-03
451 2.647001e-05 1.160765e-02
452 4.642550e-03 1.720066e-01
453 9.276319e-10 4.228786e-03
454 9.031557e-07 1.198906e-02
455 3.263573e-09 6.460809e-03
456 7.888794e-09 3.616378e-03
457 1.654754e-09 2.951561e-03
458 1.210508e-07 4.183998e-03
459 7.157918e-03 5.868291e-01
460 2.044858e-05 7.168547e-02
461 2.156814e-06 3.610911e-02
462 4.914245e-06 1.464717e-02
463 1.225630e-07 4.490721e-03
464 1.661733e-08 4.279633e-03
465 2.572306e-08 7.674993e-03
466 1.179295e-07 4.318744e-03
467 6.008697e-06 8.797520e-03
468 1.807803e-06 6.212583e-03
469 2.011506e-06 5.418432e-03
470 3.564488e-07 3.348358e-03
471 1.982698e-08 4.489998e-03
472 1.688377e-08 3.597368e-03
473 2.674277e-09 4.014743e-03
474 2.727641e-09 3.582401e-03
475 1.774337e-04 3.169656e-02
476 9.112472e-06 1.701714e-02
477 1.346574e-06 1.074908e-02
478 8.839677e-04 1.682905e-01
479 7.707397e-08 9.074384e-03
480 1.415001e-04 3.050899e-02
481 1.432060e-05 3.478610e-02
482 9.947991e-07 2.357018e-02
483 6.130829e-06 1.675001e-02
484 6.023836e-10 4.134791e-03
485 3.493212e-08 6.564423e-03
486 1.231920e-05 1.775621e-02
487 7.387699e-07 1.182799e-02
488 2.238465e-07 7.368766e-03
489 2.805481e-03 6.403633e-01
490 1.866445e-08 9.437636e-03
491 2.510684e-07 9.497010e-03
492 1.758385e-07 6.105904e-03
493 4.810084e-07 9.844954e-03
494 1.834339e-07 5.072679e-03
495 5.084569e-06 1.194063e-02
496 7.172463e-09 4.195639e-03
497 5.003793e-06 1.456004e-02
498 2.708762e-07 4.618276e-03
499 3.665386e-08 6.054862e-03
500 1.382281e-08 4.501954e-03
501 8.145971e-04 5.048689e-01
502 1.354908e-06 8.892978e-03
503 6.242585e-07 1.731406e-02
504 2.748097e-07 2.065402e-02
505 1.102741e-07 9.419409e-03
506 7.219731e-04 3.409108e-01
507 1.407145e-06 9.256470e-03
508 2.804651e-07 4.499988e-03
509 1.842350e-06 4.668276e-02
510 1.098628e-07 4.453100e-03
511 2.214867e-05 7.494391e-02
512 3.323769e-06 2.512998e-02
513 2.045798e-05 9.480562e-02
514 2.972189e-03 7.090278e-01
515 3.305458e-05 4.406113e-02
516 1.061500e-05 3.120718e-02
517 6.587887e-05 7.059624e-02
518 2.504100e-05 3.398455e-02
519 9.671822e-06 1.812598e-02
520 7.310723e-07 2.457828e-02
521 1.257790e-05 2.677882e-02
522 5.967379e-06 2.553924e-02
523 1.861184e-06 1.928502e-02
524 7.630845e-05 3.188252e-02
525 1.632415e-04 3.657488e-02
526 1.686232e-04 3.744395e-02
527 3.992609e-05 5.602919e-02
528 2.782825e-05 3.405421e-02
529 3.871784e-04 5.383337e-02
530 2.693027e-05 5.800484e-02
531 9.170544e-05 8.064707e-02
532 1.225050e-05 3.574958e-02
533 9.095046e-05 5.153528e-02
534 9.557520e-05 5.229507e-02
535 4.576322e-06 2.692752e-02
536 2.633761e-04 5.765099e-02
537 9.994194e-05 1.078883e-01
538 8.711148e-05 7.602690e-02
539 2.905910e-05 2.758673e-02
540 8.973626e-05 6.848822e-02
541 9.585957e-05 6.334012e-02
542 2.638457e-05 2.495033e-02
543 1.674465e-04 6.760975e-02
544 2.493408e-05 3.160994e-02
545 3.387671e-06 1.335628e-02
546 4.568362e-06 2.793913e-02
547 3.313022e-07 8.061651e-03
548 1.799952e-05 2.005348e-02
549 8.355751e-09 3.520691e-03
550 1.138566e-04 5.420518e-02
551 3.386869e-06 1.420584e-02
552 9.633934e-06 2.744240e-02
553 1.454498e-04 3.321298e-02
554 3.494282e-06 1.778223e-02
555 2.856544e-04 7.100583e-02
556 9.410555e-07 5.138582e-03
557 8.332387e-08 6.759188e-03
558 4.551092e-07 1.291707e-02
559 2.980677e-06 9.209338e-03
560 2.222627e-07 1.052888e-02
561 3.461046e-05 2.488779e-02
562 1.566112e-05 9.191557e-03
563 4.893927e-05 7.452572e-02
564 4.154530e-07 5.407899e-03
565 1.040355e-05 2.372119e-02
566 1.099991e-05 4.677449e-02
567 1.284633e-06 7.451602e-03
568 1.762610e-05 1.219585e-02
569 4.777703e-05 9.313810e-03
570 6.854688e-06 1.053943e-02
571 2.799995e-06 9.611886e-03
572 2.253093e-04 2.524998e-02
573 1.352829e-06 1.180027e-02
574 2.853134e-06 6.408496e-03
575 3.852564e-05 1.348384e-02
576 6.078151e-06 8.850290e-03
577 2.386195e-04 3.700186e-02
578 5.404261e-04 6.693570e-02
579 1.149817e-03 1.470706e-01
580 1.610048e-05 1.227590e-02
581 2.582760e-04 9.172893e-02
582 1.815225e-03 1.096058e-01
583 7.057865e-04 6.618941e-02
584 1.042751e-04 4.675259e-02
585 7.490123e-04 1.726654e-01
586 2.492920e-04 3.218326e-02
587 7.427426e-04 5.505582e-02
588 2.090416e-05 1.432935e-02
589 5.471401e-07 5.133019e-03
590 9.849290e-04 9.371740e-02
591 2.563607e-04 3.775232e-02
592 1.782803e-04 1.020695e-01
593 1.657627e-03 1.756288e-01
594 2.719772e-06 8.026255e-03
595 6.375749e-05 3.648613e-02
596 1.206549e-04 2.222988e-01
597 1.621871e-08 4.283518e-03
598 1.388800e-08 3.094029e-03
599 5.499735e-09 3.052831e-03
600 1.087176e-07 6.815436e-03
