2 1.263749e-03 1.796613e-01
3 1.476369e-02 3.494337e-01
4 2.037333e-03 5.322147e-01
5 2.590202e-04 2.071756e-01
6 2.867685e-03 7.205781e-01
7 1.082346e-03 2.192438e-01
8 4.985809e-04 2.069063e-01
9 3.068677e-03 1.915347e-01
10 3.866504e-03 2.624638e-01
11 8.860557e-03 6.436715e-01
12 2.422551e-03 4.921311e-01
13 1.557649e-02 6.466645e-01
14 1.162670e-03 3.653633e-01
15 4.816905e-03 5.098232e-01
16 1.567261e-03 2.703040e-01
17 6.714831e-05 4.799231e-02
18 2.409164e-03 3.331168e-01
19 1.665824e-06 3.027661e-02
20 4.810465e-03 1.848056e-01
21 2.653027e-03 1.987188e-01
22 8.847775e-03 8.294059e-01
23 8.347300e-03 5.593369e-01
24 1.342120e-03 2.057695e-01
25 4.866997e-04 9.138146e-02
26 3.228803e-04 2.518611e-01
27 1.008022e-02 3.679257e-01
28 6.379160e-05 1.597446e-01
29 2.386550e-02 5.493129e-01
30 5.468764e-05 2.161177e-02
31 5.387331e-03 5.760684e-01
32 6.991902e-03 4.412942e-01
33 1.055018e-03 4.593764e-01
34 9.449497e-04 2.839983e-02
35 4.865995e-03 9.444935e-01
36 3.842734e-04 1.269811e-01
37 1.557268e-05 4.473905e-02
38 6.546585e-04 2.309143e-01
39 2.868998e-03 4.082181e-01
40 3.577162e-03 6.567868e-01
41 1.767261e-06 3.519118e-02
42 1.252661e-03 2.683912e-01
43 2.936706e-04 5.379531e-02
44 9.317235e-08 4.554695e-03
45 2.654077e-06 4.195143e-03
46 2.130012e-06 4.900218e-03
47 1.897258e-07 7.961992e-03
48 3.456221e-09 4.273740e-03
49 1.197641e-03 1.192835e-01
50 3.107499e-06 1.864007e-02
51 5.015161e-08 3.052783e-03
52 2.145955e-06 7.489429e-03
53 2.609967e-05 3.315508e-02
54 1.458124e-09 2.680036e-03
55 3.915269e-07 3.261160e-03
56 1.718053e-07 3.840481e-03
57 9.158314e-09 2.972765e-03
58 6.999464e-05 7.571761e-03
59 1.280086e-03 1.071700e-01
60 5.992439e-06 8.186908e-03
61 1.920843e-04 1.734969e-02
62 3.642118e-06 2.783686e-03
63 4.520581e-04 2.110591e-02
64 3.862434e-08 2.708526e-03
65 1.649957e-08 2.932382e-03
66 1.200716e-06 8.528407e-03
67 1.887639e-08 2.891606e-03
68 3.332459e-05 4.740528e-03
69 1.320616e-04 4.113343e-02
70 2.551721e-04 3.390897e-02
71 1.092678e-06 6.327269e-03
72 9.850923e-05 1.781225e-02
73 1.198852e-03 2.457751e-02
74 6.068510e-06 5.469753e-03
75 9.826598e-06 3.761415e-03
76 9.334762e-06 5.364773e-02
77 1.115822e-06 1.031106e-02
78 7.345421e-04 1.259156e-01
79 4.085338e-04 3.544984e-02
80 5.247818e-06 1.075935e-02
81 4.543629e-08 2.962126e-03
82 5.386116e-06 1.906935e-02
83 3.258480e-07 5.079057e-03
84 1.865850e-03 1.231416e-01
85 3.905023e-05 1.606341e-02
86 3.195433e-04 1.541520e-02
87 3.500256e-03 1.088848e-01
88 1.667601e-09 4.005014e-03
89 1.260957e-05 1.063719e-02
90 9.079677e-06 1.302263e-02
91 5.622620e-08 2.855019e-03
92 4.865031e-06 4.970207e-03
93 1.150023e-08 4.352464e-03
94 1.828246e-07 5.336157e-03
95 1.325100e-07 2.721162e-03
96 9.651808e-03 3.390881e-01
97 1.787882e-05 1.460807e-02
98 1.575175e-03 5.383220e-01
99 2.463349e-03 3.226939e-01
100 3.205176e-03 2.916609e-01
101 2.936648e-03 1.379131e-01
102 3.433281e-07 4.744387e-03
103 5.437732e-04 1.042390e-01
104 6.473910e-04 3.298274e-02
105 1.596300e-05 2.441695e-02
106 5.576095e-06 4.578473e-03
107 8.711497e-07 3.177407e-03
108 4.545052e-04 5.600421e-02
109 1.194583e-04 8.582901e-02
110 4.251059e-08 1.309698e-02
111 1.051760e-04 7.236028e-02
112 2.493175e-05 7.000546e-02
113 3.012849e-04 1.772451e-01
114 5.834774e-05 3.707212e-02
115 1.014767e-03 1.416693e-01
116 7.995475e-04 1.893792e-01
117 6.143065e-07 1.101715e-02
118 1.401336e-07 5.291889e-03
119 3.512004e-03 2.102269e-01
120 1.686702e-03 3.788732e-01
121 4.358178e-07 3.609693e-03
122 7.627021e-09 4.885834e-03
123 1.055719e-03 9.001204e-02
124 3.421211e-05 1.988052e-02
125 6.693158e-06 8.461335e-03
126 1.383686e-04 1.455859e-02
127 4.298000e-05 9.131552e-03
128 2.241520e-03 7.390320e-02
129 3.759612e-04 2.214467e-02
130 1.019673e-06 7.109877e-03
131 1.414737e-04 1.323434e-01
132 1.293665e-07 2.948464e-03
133 7.820389e-04 2.108295e-01
134 5.738274e-06 1.250446e-02
135 2.313016e-04 1.294926e-02
136 2.838222e-06 8.503298e-03
137 1.605266e-06 4.832463e-03
138 7.312818e-07 1.190325e-02
139 9.413821e-07 5.537917e-03
140 9.961703e-06 4.587702e-03
141 1.986973e-03 6.690790e-01
142 9.023156e-04 1.041729e-01
143 7.179880e-06 6.537909e-03
144 8.209714e-06 1.004206e-02
145 1.072199e-04 1.415030e-02
146 1.665218e-07 4.140975e-03
147 7.972303e-04 2.531987e-01
148 2.361305e-05 3.614158e-03
149 9.188505e-07 7.277295e-03
150 3.582280e-07 4.352719e-03
151 3.489408e-07 1.303537e-02
152 4.743645e-07 2.013156e-02
153 1.510002e-07 1.445856e-02
154 2.782300e-05 4.256449e-02
155 2.615662e-07 2.496233e-03
156 1.680867e-05 6.778939e-03
157 2.187766e-08 8.680659e-03
158 8.983316e-06 4.704618e-03
159 7.632226e-07 7.703940e-03
160 3.367002e-04 5.700683e-02
161 2.224622e-04 1.792797e-02
162 2.666495e-08 1.019415e-02
163 4.703303e-07 5.300812e-03
164 4.384048e-04 5.560015e-02
165 8.502552e-05 5.649321e-03
166 2.596079e-06 3.950970e-03
167 9.101080e-07 5.740705e-03
168 1.942651e-04 1.472837e-02
169 2.169052e-03 8.354088e-02
170 6.486461e-03 3.699888e-01
171 8.531655e-07 5.189873e-03
172 6.034452e-04 4.936565e-02
173 7.016424e-06 1.121620e-02
174 2.212495e-06 6.906762e-03
175 6.576329e-07 3.164281e-03
176 2.151671e-04 2.489720e-02
177 2.589278e-07 4.703659e-03
178 6.806169e-05 1.327606e-02
179 3.660053e-05 4.352703e-02
180 4.499014e-07 5.516517e-03
181 3.576130e-04 7.305396e-02
182 1.476127e-06 2.772081e-03
183 1.577448e-05 2.042679e-02
184 3.931394e-04 3.224463e-02
185 4.176621e-07 4.905393e-03
186 1.838257e-06 6.065723e-03
187 1.472652e-04 1.115865e-01
188 7.880817e-05 5.677272e-02
189 2.161669e-09 4.367800e-03
190 1.291463e-04 1.041359e-01
191 7.799232e-07 1.622998e-02
192 3.306587e-05 3.473988e-02
193 3.673215e-06 3.848082e-02
194 2.526242e-06 5.300786e-03
195 1.424453e-03 6.675208e-01
196 3.443661e-07 3.431241e-03
197 1.628486e-03 3.191146e-01
198 4.203866e-04 9.851744e-02
199 1.621065e-03 5.462498e-01
200 1.372909e-04 1.101139e-01
201 1.465418e-07 2.872626e-03
202 9.186853e-04 2.752532e-01
203 1.330811e-03 3.092387e-01
204 3.299016e-07 6.740091e-03
205 1.525200e-04 1.244059e-01
206 3.094398e-06 1.238288e-02
207 1.616486e-06 3.061951e-03
208 9.300290e-04 1.519794e-01
209 1.065944e-04 3.076209e-01
210 1.205072e-03 1.855399e-01
211 3.283419e-04 3.421388e-02
212 5.744149e-04 5.161092e-02
213 7.057848e-04 1.849229e-01
214 4.539583e-04 1.593744e-01
215 3.352659e-06 1.253805e-02
216 4.793513e-06 1.016364e-02
217 4.748812e-07 5.597380e-03
218 7.449833e-07 8.192979e-02
219 5.766510e-08 2.728591e-03
220 4.548678e-04 1.607189e-01
221 5.897237e-04 1.382774e-01
222 2.603991e-05 2.118911e-02
223 1.289273e-05 6.178866e-03
224 3.035008e-05 7.982660e-03
225 1.771226e-03 8.407994e-02
226 1.336961e-07 2.742314e-03
227 5.527628e-05 2.983646e-02
228 6.495354e-05 1.067442e-01
229 4.990248e-03 1.756999e-01
230 1.708725e-04 1.443762e-02
231 1.911289e-05 3.078821e-02
232 2.706686e-05 6.290238e-03
233 1.176813e-07 5.584161e-03
234 2.119397e-05 1.448296e-02
235 1.860807e-04 7.674990e-02
236 6.458487e-04 1.124386e-01
237 7.294585e-07 4.649677e-03
238 2.836749e-05 1.869383e-02
239 4.482928e-04 1.142477e-02
240 2.584097e-04 2.967232e-02
241 2.818710e-05 5.138470e-02
242 8.137282e-07 7.829121e-03
243 1.552570e-07 2.943807e-03
244 2.615980e-05 1.658537e-02
245 9.910745e-05 4.825986e-02
246 9.482767e-04 2.164464e-01
247 9.173128e-05 3.474159e-02
248 9.645773e-04 1.673712e-01
249 1.921628e-03 7.591984e-02
250 2.287970e-04 9.229976e-02
251 6.530513e-07 3.108984e-03
252 5.321292e-04 2.790010e-01
253 1.213675e-04 3.420756e-02
254 6.281903e-04 6.822551e-02
255 5.760323e-08 5.808562e-03
256 7.614539e-10 2.411313e-03
257 2.788829e-05 3.330422e-02
258 1.423076e-04 6.976486e-02
259 1.238557e-05 5.877840e-03
260 3.732508e-05 2.363175e-02
261 1.033860e-04 1.292977e-02
262 4.282185e-08 2.745728e-03
263 4.682003e-07 1.250012e-02
264 1.191938e-03 7.837942e-02
265 6.942074e-05 3.537868e-02
266 9.562684e-05 1.687306e-02
267 2.496038e-05 1.328378e-02
268 6.065607e-08 4.227685e-03
269 2.563299e-07 8.201776e-03
270 2.377430e-10 3.210815e-03
271 2.594816e-04 1.231312e-01
272 3.420261e-06 9.852444e-03
273 1.905358e-05 2.096633e-01
274 2.932740e-05 1.014634e-02
275 2.417042e-05 4.974736e-03
276 5.573107e-09 6.606249e-03
277 1.268686e-05 1.493198e-02
278 2.036471e-06 2.872299e-02
279 1.654392e-07 9.718878e-03
280 2.444974e-03 2.058329e-01
281 1.006238e-03 1.761093e-01
282 5.331551e-06 1.130147e-02
283 8.337094e-05 9.065734e-02
284 2.111811e-06 1.572328e-02
285 6.637606e-04 1.400965e-01
286 1.783396e-07 4.098679e-03
287 1.118031e-04 7.904941e-03
288 7.707495e-05 1.706317e-02
289 7.298568e-06 1.625383e-02
290 4.419519e-04 6.813244e-02
291 3.431226e-09 3.418351e-03
292 4.178554e-06 1.437528e-02
293 2.303221e-08 6.291386e-03
294 1.406052e-07 3.033643e-03
295 1.608737e-06 7.231350e-02
296 1.468049e-03 2.266675e-01
297 3.400947e-06 1.495610e-02
298 2.405016e-07 4.837603e-03
299 2.261635e-06 7.403317e-03
300 3.238684e-06 6.855779e-02
301 2.163109e-03 1.356981e-01
302 3.779572e-04 5.470998e-02
303 4.198898e-06 5.522980e-02
304 3.517497e-06 5.035165e-03
305 1.251175e-03 2.307701e-01
306 1.570505e-06 2.488484e-03
307 8.720771e-04 1.669259e-01
308 1.903666e-05 3.365567e-03
309 1.120548e-03 7.772779e-02
310 2.602294e-06 1.108811e-02
311 6.466979e-06 1.035395e-02
312 2.006682e-05 4.244695e-02
313 2.855003e-03 1.247819e-01
314 9.361124e-06 8.349100e-03
315 4.017194e-05 1.524885e-02
316 5.759637e-03 4.819961e-01
317 7.492049e-05 5.129665e-02
318 1.011628e-03 2.120489e-01
319 1.124645e-05 1.333987e-02
320 1.258648e-06 2.354700e-02
321 2.517526e-05 3.431072e-03
322 6.033931e-09 4.721269e-03
323 8.942166e-03 3.821555e-01
324 2.795482e-07 3.442338e-02
325 4.618961e-05 8.956645e-03
326 1.406783e-05 9.242306e-03
327 1.427471e-05 1.443344e-02
328 1.690253e-04 9.754411e-03
329 1.188577e-03 8.674707e-02
330 1.856998e-05 4.681409e-03
331 3.460340e-03 1.473368e-01
332 8.591195e-06 1.591939e-02
333 6.918355e-07 6.094206e-03
334 7.111942e-05 2.490074e-02
335 5.024104e-10 4.417438e-03
336 5.959200e-07 5.581455e-03
337 2.346696e-07 3.126542e-03
338 2.967772e-04 1.131611e-01
339 2.188171e-03 7.947460e-02
340 3.848092e-06 3.007348e-02
341 4.481666e-04 1.251167e-01
342 3.326955e-03 1.244043e-01
343 9.406856e-09 8.551339e-03
344 1.287084e-04 6.701736e-02
345 2.493269e-03 8.012027e-01
346 1.225473e-04 5.469074e-02
347 5.147243e-08 3.186106e-03
348 4.791317e-03 9.816684e-02
349 1.209092e-04 1.019745e-02
350 4.518042e-07 7.117610e-03
351 2.476737e-04 2.405185e-01
352 1.492303e-05 3.134143e-02
353 2.393030e-06 3.516340e-03
354 8.949335e-04 3.268837e-02
355 8.646062e-05 3.440481e-02
356 3.242913e-05 1.867274e-02
357 2.648825e-03 1.946256e-01
358 1.452147e-05 1.619257e-02
359 3.868638e-07 4.098227e-03
360 3.235837e-06 3.775178e-02
361 7.661442e-05 1.771904e-02
362 6.968560e-06 5.606993e-02
363 4.295028e-03 3.781565e-01
364 1.399743e-03 2.558105e-01
365 7.119876e-07 3.488047e-02
366 2.171904e-05 4.866957e-02
367 5.033869e-07 5.125772e-03
368 1.499670e-03 1.945539e-01
369 2.206051e-06 6.372727e-03
370 3.614595e-06 1.273707e-02
371 1.476068e-05 7.721295e-02
372 2.604342e-04 7.226531e-02
373 2.196489e-06 4.893580e-03
374 1.418437e-08 4.621776e-03
375 8.726109e-08 2.764480e-03
376 3.781012e-06 3.561888e-03
377 5.078569e-04 4.465873e-01
378 1.281075e-07 5.542158e-03
379 5.126453e-04 1.114712e-01
380 5.056075e-03 4.489253e-01
381 7.209429e-06 2.422649e-02
382 7.634515e-07 4.627051e-03
383 4.596971e-05 1.176082e-01
384 5.042311e-05 2.889887e-02
385 1.707030e-05 1.773832e-02
386 2.039923e-06 2.963062e-03
387 1.481379e-05 1.530745e-02
388 2.310801e-04 2.154002e-01
389 1.054184e-05 1.958934e-02
390 1.176921e-04 4.866479e-02
391 1.867915e-05 3.222055e-02
392 3.609979e-04 2.831174e-01
393 2.646580e-07 3.745799e-03
394 1.932659e-02 4.307460e-01
395 3.694429e-04 1.315627e-02
396 8.093114e-07 1.447058e-02
397 4.547264e-04 6.675716e-02
398 1.322825e-08 5.554905e-03
399 1.014288e-04 6.368047e-02
400 2.314867e-05 2.517768e-02
401 5.278372e-08 2.966820e-03
402 2.089721e-06 1.009744e-02
403 1.853716e-04 1.471829e-01
404 6.307967e-06 1.616675e-02
405 3.567115e-07 9.409962e-03
406 3.939593e-03 2.753095e-01
407 1.859203e-05 7.798119e-02
408 1.149099e-04 2.849539e-02
409 9.786442e-07 3.785577e-02
410 5.952363e-05 6.635034e-03
411 5.107764e-06 5.049821e-03
412 1.522346e-03 4.638152e-02
413 3.094151e-05 1.532153e-02
414 1.643005e-05 1.723034e-02
415 1.341745e-09 2.579030e-03
416 2.829791e-04 1.003535e-01
417 7.751750e-06 7.712671e-03
418 5.556907e-03 1.642749e-01
419 1.495324e-03 1.413360e-01
420 1.101950e-04 1.042673e-01
421 5.422677e-06 7.527178e-03
422 1.367887e-06 3.099720e-02
423 9.281986e-05 1.838523e-02
424 7.610580e-06 1.952966e-02
425 1.398408e-03 2.438863e-01
426 1.803086e-05 8.266322e-03
427 5.815830e-05 7.422877e-02
428 9.960806e-04 8.415351e-02
429 9.132711e-07 1.572517e-02
430 9.458650e-05 7.353202e-03
431 2.681862e-08 2.442984e-03
432 2.199084e-05 6.505082e-03
433 1.793463e-08 2.830531e-03
434 2.822072e-06 3.853317e-03
435 3.173475e-03 1.646737e-01
436 1.199371e-06 3.370584e-03
437 1.047998e-02 1.324404e-01
438 1.322011e-07 4.795112e-03
439 3.830157e-07 4.432644e-03
440 1.171351e-05 8.252838e-03
441 3.086211e-05 1.413488e-02
442 1.503145e-07 4.751013e-03
443 2.658017e-06 5.090700e-03
444 2.166383e-04 1.618374e-02
445 3.124673e-03 9.209601e-02
446 1.949268e-06 3.457638e-02
447 2.531643e-06 3.967721e-03
448 2.432024e-04 3.268302e-02
449 1.296636e-07 6.229532e-03
450 3.803292e-05 2.166465e-02
451 1.079003e-08 2.606422e-03
452 5.710032e-04 2.479652e-01
453 1.506819e-06 1.054471e-02
454 8.540172e-05 3.586028e-02
455 1.081073e-05 1.234492e-02
456 9.385037e-05 1.898497e-02
457 5.927546e-04 1.925547e-01
458 5.715268e-05 1.084366e-01
459 4.038627e-06 1.955384e-02
460 1.633676e-03 5.413565e-02
461 1.562746e-07 4.424021e-03
462 2.031293e-07 7.740694e-03
463 8.089526e-04 1.576792e-01
464 8.277857e-07 1.288714e-02
465 2.106977e-06 8.867003e-03
466 1.469332e-06 3.745048e-03
467 3.706897e-08 1.493649e-02
468 6.151522e-11 2.943654e-03
469 1.066632e-03 4.076085e-02
470 8.472213e-04 9.156496e-02
471 1.707841e-05 5.859015e-03
472 1.576105e-05 4.306918e-03
473 2.682486e-04 8.697287e-02
474 1.057700e-04 5.481170e-02
475 7.637393e-07 6.260236e-03
476 6.146378e-06 9.724754e-03
477 6.465258e-03 1.421871e-01
478 2.038601e-06 3.451339e-03
479 3.165685e-05 3.143827e-03
480 3.720706e-06 8.621481e-03
481 4.082679e-04 2.011611e-02
482 5.221589e-05 2.297012e-02
483 1.834986e-08 2.808589e-03
484 2.322962e-06 3.762974e-03
485 1.399922e-05 3.836239e-03
486 6.068221e-06 2.522885e-02
487 7.141770e-05 1.481393e-02
488 6.316041e-07 2.688697e-03
489 7.933922e-03 4.377517e-01
490 5.471115e-05 6.997966e-02
491 1.101874e-03 7.117941e-02
492 1.299636e-03 5.893645e-02
493 2.538045e-06 3.399434e-03
494 4.765761e-03 3.139115e-01
495 6.904507e-03 3.372535e-01
496 4.360765e-07 2.605567e-03
497 1.071013e-04 3.031137e-02
498 3.932364e-07 7.093706e-03
499 6.910994e-06 4.455484e-03
500 6.801900e-07 4.231885e-03
501 2.739399e-03 1.239699e-01
502 1.206487e-06 1.439289e-02
503 2.968557e-06 9.437434e-03
504 4.542477e-04 4.545597e-01
505 1.066308e-05 8.594179e-03
506 4.744220e-07 1.493446e-02
507 7.903858e-08 5.692590e-03
508 1.528075e-08 3.907255e-03
509 1.030183e-03 3.501630e-02
510 7.322028e-07 1.261243e-02
511 2.045078e-04 1.690656e-01
512 4.635047e-06 4.192475e-03
513 7.403288e-07 3.617989e-03
514 1.111883e-07 3.984928e-03
515 4.468118e-04 2.924470e-02
516 1.643807e-07 6.109587e-03
517 5.045703e-08 2.724933e-03
518 2.054672e-07 6.512534e-03
519 8.031154e-06 9.343915e-03
520 4.630877e-06 8.344365e-03
521 7.214476e-07 7.349082e-03
522 2.303332e-04 1.157898e-02
523 2.300443e-05 3.626557e-02
524 1.395679e-07 3.390220e-03
525 5.032700e-07 4.892644e-03
526 4.917213e-07 5.852351e-03
527 2.297848e-08 3.308255e-03
528 3.961830e-04 4.414544e-02
529 4.928263e-03 3.901067e-01
530 2.484661e-04 2.325421e-02
531 1.036017e-07 2.603147e-03
532 5.014628e-07 5.951333e-03
533 7.995486e-05 1.370660e-02
534 2.518107e-07 6.601520e-02
535 1.553694e-04 3.758732e-02
536 5.240713e-04 1.859067e-01
537 1.240081e-03 1.686561e-01
538 2.312047e-03 3.193353e-01
539 3.236305e-05 7.995334e-03
540 1.147518e-05 1.822947e-02
541 2.739110e-03 1.079350e-01
542 1.211664e-03 1.453671e-01
543 3.967908e-06 7.529950e-03
544 1.104659e-04 2.559464e-02
545 2.446207e-06 1.102961e-02
546 3.533911e-07 1.288222e-02
547 3.826591e-03 2.345214e-01
548 1.266319e-03 3.015840e-01
549 1.853635e-04 5.152810e-02
550 1.139742e-05 1.758964e-02
551 3.215723e-05 1.010506e-02
552 9.276522e-07 5.648433e-03
553 2.209025e-07 3.940514e-03
554 4.754639e-07 6.225924e-03
555 2.221320e-04 1.905541e-02
556 7.912639e-05 1.804225e-02
557 1.509972e-03 1.129199e-01
558 1.329840e-04 1.788260e-02
559 2.438682e-04 9.371168e-02
560 1.449850e-05 3.875654e-03
561 1.570573e-05 1.610388e-02
562 3.134201e-09 2.855341e-03
563 9.581887e-03 2.185100e-01
564 1.434234e-04 4.614182e-02
565 4.381808e-05 1.259069e-02
566 2.546210e-05 5.581987e-03
567 2.995869e-03 1.332747e-01
568 2.089578e-06 6.026254e-02
569 2.672903e-05 2.893703e-02
570 3.639000e-06 1.117876e-02
571 3.401858e-03 2.928721e-01
572 2.922200e-06 7.802930e-03
573 4.433972e-04 1.170873e-01
574 2.114957e-05 1.813081e-02
575 2.907467e-06 4.144725e-03
576 2.559682e-04 2.600251e-02
577 7.823198e-07 3.227305e-02
578 1.058926e-03 1.377249e-01
579 5.228633e-05 6.846045e-03
580 1.134913e-02 4.779304e-01
581 5.090821e-03 2.049844e-01
582 5.649709e-06 2.596936e-02
583 3.405146e-04 7.969267e-02
584 1.688252e-04 2.963770e-02
585 6.837280e-08 5.966566e-03
586 3.695403e-03 6.058057e-02
587 1.153216e-06 1.310353e-02
588 7.715748e-04 3.545839e-01
589 3.043246e-03 2.242718e-01
590 6.155413e-04 1.867426e-01
591 2.084644e-05 8.755692e-03
592 6.786632e-04 1.963198e-02
593 4.150995e-05 1.342253e-02
594 9.541876e-05 2.058773e-02
595 2.655344e-05 1.425632e-01
596 9.581090e-06 1.512236e-02
597 3.351968e-05 1.352175e-02
598 5.026540e-07 1.203941e-02
599 7.164280e-07 1.326309e-02
600 2.268875e-05 1.804625e-02
601 2.402524e-06 5.408699e-03
