2 3.258284e-03 8.864995e-02
3 6.463846e-03 1.266440e-01
4 3.555858e-03 2.464463e-01
5 3.251296e-03 5.730932e-02
6 4.518963e-03 2.199337e-01
7 1.555550e-03 1.140525e-01
8 1.522529e-03 1.157357e-01
9 3.644553e-04 2.879470e-02
10 2.256470e-03 2.034516e-02
11 4.020970e-03 3.231279e-01
12 4.020524e-03 1.287626e-01
13 5.151601e-03 2.506334e-01
14 6.362486e-03 1.311733e-01
15 2.018643e-02 2.217132e-01
16 4.000480e-03 1.542148e-01
17 2.275793e-04 2.756717e-02
18 1.276552e-02 1.869699e-01
19 1.371313e-04 2.889463e-02
20 7.558746e-04 6.563019e-02
21 7.919913e-04 2.647034e-02
22 1.035950e-02 2.765351e-01
23 5.579012e-03 1.798746e-01
24 3.057536e-03 1.227134e-01
25 7.186387e-04 5.972270e-02
26 4.212737e-03 1.121635e-01
27 1.205270e-03 1.880808e-01
28 4.551502e-03 1.202984e-01
29 2.578383e-03 1.419986e-01
30 1.527026e-04 1.268926e-02
31 3.285094e-03 8.860845e-02
32 2.203323e-03 1.314795e-01
33 6.890818e-03 1.325895e-01
34 1.356882e-04 1.232513e-02
35 4.749930e-03 2.685724e-01
36 4.305031e-04 3.786380e-02
37 2.804869e-03 2.597889e-02
38 8.864767e-03 1.407293e-01
39 5.057741e-03 3.171656e-01
40 1.411426e-02 2.814235e-01
41 2.182724e-04 2.432500e-02
42 5.391829e-03 7.438421e-02
43 3.782761e-04 3.620461e-02
44 3.844857e-06 4.355905e-03
45 1.333976e-06 3.954575e-03
46 1.362886e-06 4.740619e-03
47 3.563882e-06 7.643197e-03
48 4.303058e-07 4.262059e-03
49 3.067138e-04 6.807381e-02
50 1.347018e-04 1.152985e-02
51 1.791103e-07 3.018645e-03
52 1.851713e-05 5.603204e-03
53 2.111115e-04 2.171740e-02
54 1.926702e-07 2.676121e-03
55 2.865241e-06 3.161556e-03
56 4.778019e-07 3.796803e-03
57 4.494368e-07 2.959422e-03
58 2.120213e-05 4.547366e-03
59 3.384632e-04 1.665714e-02
60 2.093960e-05 7.255516e-03
61 2.356963e-05 1.330733e-02
62 4.252742e-07 2.702476e-03
63 2.544501e-05 1.017180e-02
64 3.761149e-07 2.694982e-03
65 2.232058e-06 2.895847e-03
66 4.730014e-07 8.506153e-03
67 3.199460e-07 2.883273e-03
68 9.065668e-06 3.709564e-03
69 1.614490e-04 1.878074e-02
70 1.594115e-04 1.532451e-02
71 7.868318e-06 5.848651e-03
72 1.347353e-04 1.029564e-02
73 4.050880e-06 9.499598e-03
74 3.162977e-06 5.057223e-03
75 1.015109e-06 3.457602e-03
76 2.946097e-05 4.782319e-02
77 1.024968e-05 9.937243e-03
78 3.569357e-04 5.385198e-02
79 3.510649e-04 2.118965e-02
80 1.879841e-05 1.000441e-02
81 1.857836e-07 2.954905e-03
82 2.251569e-05 1.814527e-02
83 5.680573e-07 5.059506e-03
84 1.827432e-04 3.801167e-02
85 2.526432e-05 1.221795e-02
86 1.826904e-05 4.950940e-03
87 2.497767e-03 3.845425e-02
88 3.051614e-06 3.957932e-03
89 2.248567e-05 8.478865e-03
90 1.705391e-04 8.066944e-03
91 1.300379e-06 2.832324e-03
92 1.368804e-06 4.687872e-03
93 2.062196e-07 4.344250e-03
94 5.805364e-07 5.299673e-03
95 9.190936e-07 2.693860e-03
96 1.371944e-03 1.036338e-01
97 3.184303e-04 1.083297e-02
98 4.942494e-03 2.525515e-01
99 4.029745e-03 6.897594e-02
100 2.342116e-03 3.701521e-02
101 9.796436e-04 1.918286e-02
102 5.417048e-07 4.688561e-03
103 2.005043e-03 5.493858e-02
104 2.278925e-05 1.187886e-02
105 6.400797e-05 2.207908e-02
106 8.963091e-06 4.005736e-03
107 1.322692e-06 3.113438e-03
108 3.725180e-04 1.877138e-02
109 1.962547e-04 3.815897e-02
110 3.576352e-05 1.230315e-02
111 4.507031e-04 6.379875e-02
112 2.685228e-04 6.089191e-02
113 1.537700e-03 1.183215e-01
114 1.990285e-04 1.745536e-02
115 2.142896e-03 7.021917e-02
116 3.893531e-03 1.215140e-01
117 6.157612e-06 1.070582e-02
118 1.079336e-06 5.257522e-03
119 1.319261e-03 6.068381e-02
120 4.488418e-03 1.184097e-01
121 1.006949e-05 3.489871e-03
122 1.095129e-06 4.864073e-03
123 3.304870e-04 3.231458e-02
124 2.864938e-04 1.092278e-02
125 2.171438e-05 7.661287e-03
126 4.379674e-05 8.217626e-03
127 1.492163e-06 7.980447e-03
128 1.013936e-04 6.325331e-03
129 5.075715e-05 9.557695e-03
130 3.483836e-06 6.861156e-03
131 5.265683e-04 9.961091e-02
132 1.092903e-06 2.919869e-03
133 4.596121e-04 1.294091e-01
134 1.928853e-05 1.178495e-02
135 7.890746e-06 5.819588e-03
136 8.182044e-06 7.745305e-03
137 3.808747e-06 4.542134e-03
138 5.395229e-06 1.177450e-02
139 1.253660e-06 5.479819e-03
140 2.633476e-06 4.010306e-03
141 5.561368e-03 2.453609e-01
142 4.422426e-04 4.065210e-02
143 7.736439e-06 5.316814e-03
144 6.554691e-05 8.269780e-03
145 1.079661e-04 1.148750e-02
146 3.446429e-06 4.017516e-03
147 7.766849e-03 1.557580e-01
148 6.710433e-06 2.864178e-03
149 5.814298e-05 6.691554e-03
150 1.569658e-05 3.315328e-03
151 1.739485e-04 1.018094e-02
152 1.067300e-05 2.001926e-02
153 1.508875e-04 1.277615e-02
154 8.328283e-04 3.520333e-02
155 9.914723e-07 2.446617e-03
156 2.542890e-05 6.306623e-03
157 2.289059e-05 8.526356e-03
158 5.801853e-06 4.422725e-03
159 1.361855e-04 6.487445e-03
160 5.416723e-04 4.463628e-02
161 5.965323e-05 7.242796e-03
162 5.687235e-06 1.011504e-02
163 8.323668e-06 4.855705e-03
164 3.136531e-04 2.846405e-02
165 8.842653e-06 2.923429e-03
166 3.545037e-06 3.680475e-03
167 8.923530e-06 5.242466e-03
168 4.800068e-05 4.854573e-03
169 5.255085e-04 4.122029e-02
170 5.184827e-03 1.611674e-01
171 7.890819e-06 5.087425e-03
172 5.965262e-04 1.369631e-02
173 4.737017e-05 4.915910e-03
174 3.120781e-04 4.222862e-03
175 2.841189e-06 3.090121e-03
176 3.865465e-04 1.031104e-02
177 5.875542e-06 4.411364e-03
178 1.219342e-04 9.950100e-03
179 4.005535e-04 3.220380e-02
180 9.221165e-06 5.230146e-03
181 2.770678e-04 5.704101e-02
182 1.894422e-06 2.746363e-03
183 1.413644e-04 1.774287e-02
184 2.947024e-04 2.927548e-02
185 3.469560e-06 4.836477e-03
186 7.365506e-06 5.706715e-03
187 2.195702e-03 7.092593e-02
188 6.310944e-04 3.274891e-02
189 3.795076e-07 4.351225e-03
190 5.343870e-04 7.209057e-02
191 3.431711e-04 1.407026e-02
192 2.617105e-04 2.242518e-02
193 2.158582e-04 3.498910e-02
194 9.334166e-06 4.839239e-03
195 1.093015e-02 2.831422e-01
196 2.473564e-05 3.198508e-03
197 9.763983e-04 1.163648e-01
198 1.073371e-03 2.989051e-02
199 6.458225e-03 2.449229e-01
200 2.913855e-03 2.203941e-02
201 3.178181e-06 2.642497e-03
202 4.109305e-03 1.750454e-01
203 4.008190e-03 1.121699e-01
204 1.866077e-05 5.732872e-03
205 1.329799e-03 7.204702e-02
206 1.084622e-05 1.196731e-02
207 7.451020e-06 2.900228e-03
208 2.312143e-04 4.157083e-02
209 1.025675e-02 1.510727e-01
210 2.309399e-03 9.130257e-02
211 3.811450e-05 3.010605e-02
212 4.266173e-04 2.680868e-02
213 8.493896e-04 5.641151e-02
214 6.186997e-04 7.090702e-02
215 9.091255e-06 1.235592e-02
216 4.697629e-05 8.570899e-03
217 1.920964e-05 4.771446e-03
218 1.733371e-05 8.172993e-02
219 4.739629e-07 2.706685e-03
220 2.130039e-03 8.205874e-02
221 7.395713e-04 2.598537e-02
222 1.074953e-04 1.524954e-02
223 2.540472e-05 5.431511e-03
224 1.029034e-04 5.503168e-03
225 4.816705e-04 3.476902e-02
226 1.175861e-06 2.666565e-03
227 1.755414e-04 1.454268e-02
228 1.496287e-03 8.778266e-02
229 5.804378e-04 4.885767e-02
230 5.825773e-05 5.509631e-03
231 2.490147e-04 2.782206e-02
232 7.056753e-06 4.434659e-03
233 1.117232e-06 5.572205e-03
234 2.673594e-05 1.069146e-02
235 2.123777e-03 2.451711e-02
236 7.229463e-04 4.069213e-02
237 4.822308e-05 4.392603e-03
238 1.310859e-04 1.531085e-02
239 6.711583e-05 6.921013e-03
240 5.134307e-04 1.911356e-02
241 3.258843e-04 4.546041e-02
242 8.171870e-06 7.710323e-03
243 7.251680e-06 2.909509e-03
244 3.390091e-05 1.304536e-02
245 1.265836e-04 2.626508e-02
246 7.298765e-03 1.013573e-01
247 1.492350e-04 1.451138e-02
248 1.903898e-03 1.312342e-01
249 4.366344e-04 2.335306e-02
250 1.199576e-04 8.413733e-02
251 1.243560e-06 3.040052e-03
252 4.304224e-03 9.357956e-02
253 7.316065e-05 3.110950e-02
254 1.224243e-03 3.603599e-02
255 1.184863e-06 5.785196e-03
256 6.906510e-07 2.405656e-03
257 9.393409e-05 2.733658e-02
258 9.804057e-04 2.222165e-02
259 4.090786e-05 3.123572e-03
260 7.470149e-05 2.139235e-02
261 2.170940e-05 6.123689e-03
262 3.565231e-07 2.739526e-03
263 6.093771e-05 1.170850e-02
264 2.961787e-04 1.169545e-02
265 6.217348e-04 3.012114e-02
266 1.591451e-04 8.218134e-03
267 1.492237e-04 1.137250e-02
268 2.918621e-06 4.151961e-03
269 1.664672e-05 7.904149e-03
270 1.152184e-06 3.204220e-03
271 3.018605e-03 3.745758e-02
272 1.081970e-04 8.963485e-03
273 9.099008e-03 1.453137e-01
274 8.158931e-06 9.036644e-03
275 1.507992e-05 3.919272e-03
276 3.693341e-05 6.407247e-03
277 6.430258e-05 1.413664e-02
278 1.399738e-04 2.759017e-02
279 1.252184e-04 9.184332e-03
280 7.227685e-04 9.707843e-02
281 7.121179e-04 1.746167e-02
282 3.577277e-06 1.116841e-02
283 9.640655e-04 8.283870e-02
284 2.315912e-05 1.463246e-02
285 4.374645e-04 3.167865e-02
286 4.054012e-06 3.950714e-03
287 1.588602e-05 6.084652e-03
288 1.840615e-05 1.309522e-02
289 5.813006e-05 1.054959e-02
290 8.212947e-04 2.535647e-02
291 2.278771e-06 3.405380e-03
292 5.595821e-05 1.205913e-02
293 8.640386e-06 6.224509e-03
294 7.057691e-07 3.012518e-03
295 1.028861e-04 7.046654e-02
296 7.872606e-04 9.179114e-02
297 7.432648e-05 1.447219e-02
298 2.648897e-06 4.765635e-03
299 3.253192e-06 7.292549e-03
300 2.055811e-04 6.373916e-02
301 3.401819e-03 4.892606e-02
302 5.698830e-04 1.654650e-02
303 2.236715e-04 4.987110e-02
304 1.489730e-05 3.669717e-03
305 2.305465e-03 8.571741e-02
306 4.066050e-07 2.395086e-03
307 2.017916e-03 9.890157e-02
308 2.347333e-06 2.825789e-03
309 1.982611e-03 2.403779e-02
310 1.359131e-04 1.029892e-02
311 9.804860e-06 1.013782e-02
312 9.630994e-05 4.020393e-02
313 7.703206e-04 4.198675e-02
314 1.410302e-04 7.208372e-03
315 8.475543e-05 1.155773e-02
316 1.887372e-03 2.475960e-01
317 1.134760e-04 4.307605e-02
318 5.042996e-03 9.226661e-02
319 1.195884e-04 1.212255e-02
320 6.239901e-05 1.995064e-02
321 6.303767e-06 2.944906e-03
322 9.640630e-07 4.715765e-03
323 5.986056e-03 1.069890e-01
324 1.739961e-04 3.147032e-02
325 3.420258e-05 4.325431e-03
326 5.244537e-05 7.242896e-03
327 1.473080e-04 6.475307e-03
328 3.953559e-05 5.010435e-03
329 3.115254e-04 6.437426e-02
330 2.575167e-06 3.247874e-03
331 5.930388e-04 6.201161e-02
332 1.217178e-05 1.566896e-02
333 7.342322e-06 6.050564e-03
334 6.888223e-04 1.818069e-02
335 2.224053e-06 4.408655e-03
336 7.350590e-06 5.544089e-03
337 2.334073e-06 3.106696e-03
338 1.180155e-03 6.615504e-02
339 1.137030e-03 1.563423e-02
340 3.070793e-04 2.778461e-02
341 1.757446e-03 1.964429e-02
342 8.182115e-04 3.570529e-02
343 1.428108e-06 8.535043e-03
344 5.417308e-04 5.490864e-02
345 1.166830e-02 4.008411e-01
346 2.518981e-04 4.844541e-02
347 1.080477e-06 3.173599e-03
348 1.440597e-03 4.127065e-02
349 4.161293e-05 5.003576e-03
350 2.811982e-05 6.667685e-03
351 5.009756e-03 1.917626e-01
352 3.753868e-04 2.171433e-02
353 8.625494e-06 3.183991e-03
354 5.045738e-05 1.343482e-02
355 1.869164e-04 3.047239e-02
356 1.642426e-04 1.471270e-02
357 1.765894e-03 9.215663e-02
358 1.752507e-04 1.526606e-02
359 4.678813e-07 4.005417e-03
360 4.111908e-05 3.732985e-02
361 5.190268e-05 1.468532e-02
362 4.213757e-05 5.514495e-02
363 3.332224e-03 9.585924e-02
364 3.230314e-03 1.578218e-01
365 2.271411e-04 3.300788e-02
366 1.515298e-03 3.489665e-02
367 4.125813e-05 4.064101e-03
368 5.858700e-03 8.579578e-02
369 2.426086e-05 5.837836e-03
370 1.869462e-05 1.248278e-02
371 1.959058e-03 5.450957e-02
372 4.235362e-04 3.971291e-02
373 5.843720e-06 4.360923e-03
374 4.515945e-07 4.619007e-03
375 9.277363e-07 2.741160e-03
376 5.405814e-06 3.275097e-03
377 1.026699e-02 1.382423e-01
378 2.678956e-06 5.483593e-03
379 6.886736e-04 5.020976e-02
380 3.469045e-03 1.415205e-01
381 4.725037e-04 2.060073e-02
382 4.531784e-05 4.141626e-03
383 3.445905e-03 8.860412e-02
384 1.126487e-03 1.517353e-02
385 1.735083e-04 1.493547e-02
386 3.019871e-06 2.890817e-03
387 2.532077e-05 1.494004e-02
388 5.439761e-03 1.505797e-01
389 4.047144e-05 1.741994e-02
390 3.398455e-05 4.557719e-02
391 6.935471e-05 2.600621e-02
392 2.546061e-03 1.415166e-01
393 1.736782e-05 3.518207e-03
394 2.227683e-03 5.546659e-02
395 1.145753e-04 6.303173e-03
396 3.204341e-05 1.387301e-02
397 2.123107e-04 2.368989e-02
398 1.627733e-07 5.549619e-03
399 1.311898e-03 2.452554e-02
400 3.427738e-05 2.384177e-02
401 3.514171e-06 2.896176e-03
402 6.869861e-06 9.682032e-03
403 8.016709e-04 1.289969e-01
404 2.804007e-04 1.111193e-02
405 5.749886e-05 8.520775e-03
406 6.563673e-03 5.996458e-02
407 3.375571e-03 6.912807e-02
408 7.091508e-05 2.746182e-02
409 1.077917e-04 3.578693e-02
410 1.851604e-05 5.963824e-03
411 5.273673e-06 4.869173e-03
412 6.334292e-04 1.325946e-02
413 1.976025e-05 5.782031e-03
414 1.197188e-05 1.549222e-02
415 1.689426e-07 2.577099e-03
416 9.550547e-04 6.422547e-02
417 5.270757e-05 5.256358e-03
418 4.864652e-04 2.568397e-02
419 2.606355e-03 3.920027e-02
420 5.895978e-04 9.566976e-02
421 3.795860e-06 6.636048e-03
422 3.926416e-04 2.276532e-02
423 3.740496e-04 1.204930e-02
424 1.466204e-04 1.500179e-02
425 4.097817e-03 1.134139e-01
426 6.676689e-05 5.116529e-03
427 9.557881e-04 6.639971e-02
428 6.190455e-04 6.438272e-02
429 8.981399e-06 1.557742e-02
430 3.681783e-06 5.833049e-03
431 7.603704e-07 2.434954e-03
432 2.361704e-06 6.266143e-03
433 6.819628e-06 2.737158e-03
434 1.488200e-06 3.672275e-03
435 1.850806e-03 8.794254e-02
436 5.065705e-06 2.847225e-03
437 1.510411e-03 5.782139e-02
438 2.950513e-06 4.722661e-03
439 2.055405e-05 4.210077e-03
440 1.949495e-05 6.513890e-03
441 1.222082e-04 1.025134e-02
442 8.952383e-06 4.687980e-03
443 2.155915e-05 4.548546e-03
444 2.210154e-05 1.327031e-02
445 1.037100e-03 1.092538e-02
446 1.730145e-04 2.993971e-02
447 1.999784e-05 3.122823e-03
448 3.610565e-04 1.398505e-02
449 2.778068e-06 6.204534e-03
450 1.696294e-04 1.760369e-02
451 4.654065e-08 2.604808e-03
452 4.356897e-03 1.654267e-01
453 7.593154e-06 1.049265e-02
454 4.511115e-04 2.847170e-02
455 7.020308e-05 9.891644e-03
456 7.111363e-05 1.640944e-02
457 2.155709e-03 8.579926e-02
458 9.745606e-04 9.548735e-02
459 2.960322e-05 1.831879e-02
460 7.737120e-05 1.117218e-02
461 4.266832e-07 4.401812e-03
462 2.176592e-06 7.623672e-03
463 2.809337e-03 8.699228e-02
464 6.617375e-04 9.176512e-03
465 5.573232e-05 8.185601e-03
466 3.030573e-06 3.678238e-03
467 6.339341e-06 1.490149e-02
468 4.944872e-08 2.943289e-03
469 2.880512e-04 8.803539e-03
470 2.575567e-04 5.163449e-02
471 1.026449e-05 5.146606e-03
472 3.437213e-06 3.680576e-03
473 2.743556e-03 3.815891e-02
474 3.351011e-04 1.028098e-02
475 1.965427e-05 5.921289e-03
476 6.760268e-05 7.999487e-03
477 5.662628e-04 2.419286e-02
478 2.886360e-06 3.334369e-03
479 4.431707e-06 2.660479e-03
480 1.719505e-05 8.246937e-03
481 4.861004e-05 1.201483e-02
482 9.291103e-04 7.187885e-03
483 2.333940e-06 2.770893e-03
484 3.792221e-06 3.359651e-03
485 2.174090e-05 2.885581e-03
486 3.434806e-04 1.947067e-02
487 2.929495e-04 1.100662e-02
488 2.465967e-06 2.562783e-03
489 1.903156e-03 8.887705e-02
490 5.443666e-04 5.284036e-02
491 6.209672e-04 3.418998e-02
492 3.009486e-04 1.133330e-02
493 3.431250e-06 3.064753e-03
494 7.894212e-03 1.499675e-01
495 2.702344e-03 4.037651e-02
496 9.516365e-07 2.541858e-03
497 1.647299e-04 2.478268e-02
498 5.778356e-05 6.620922e-03
499 5.750673e-06 4.339607e-03
500 1.059776e-06 4.195790e-03
501 5.090902e-04 2.173886e-02
502 2.804144e-05 1.394471e-02
503 1.485102e-04 7.023201e-03
504 9.767535e-03 2.038691e-01
505 4.651937e-05 7.670632e-03
506 1.372961e-05 1.486436e-02
507 3.251919e-05 5.321716e-03
508 8.362158e-07 3.900493e-03
509 4.976287e-05 2.183743e-02
510 4.641065e-05 1.235285e-02
511 2.580845e-03 1.243910e-01
512 1.787297e-05 3.849684e-03
513 6.825608e-06 3.387428e-03
514 4.028506e-07 3.963691e-03
515 5.727239e-05 2.346390e-02
516 2.330651e-05 5.688625e-03
517 1.161912e-06 2.704048e-03
518 3.884953e-07 6.469354e-03
519 2.312366e-05 6.752013e-03
520 4.530695e-05 7.335892e-03
521 7.439638e-06 7.089077e-03
522 1.724010e-04 6.424727e-03
523 4.284482e-04 2.976949e-02
524 1.225934e-07 3.376847e-03
525 1.050763e-06 4.736878e-03
526 3.320023e-06 5.640996e-03
527 4.663912e-07 3.302615e-03
528 2.373517e-04 6.107004e-03
529 2.844845e-03 2.169576e-02
530 1.356340e-04 7.177695e-03
531 9.606291e-07 2.544660e-03
532 3.200939e-05 5.615528e-03
533 1.989457e-05 1.001288e-02
534 5.876170e-04 6.391842e-02
535 5.343923e-05 1.002353e-02
536 2.617464e-04 2.622094e-02
537 4.776064e-03 4.038408e-02
538 3.938280e-03 1.334927e-01
539 8.759232e-06 4.702694e-03
540 9.535025e-05 1.343825e-02
541 6.614468e-04 3.384554e-02
542 2.882079e-03 4.199765e-02
543 3.936143e-05 6.532963e-03
544 3.911370e-04 1.421316e-02
545 2.256633e-05 1.069547e-02
546 4.904537e-05 1.265500e-02
547 3.613378e-03 9.643732e-02
548 5.672163e-03 1.481228e-01
549 9.271145e-04 3.446965e-02
550 7.890746e-04 1.067301e-02
551 6.458560e-05 8.844033e-03
552 1.929557e-05 4.970291e-03
553 5.276935e-06 3.819945e-03
554 5.709901e-06 6.172557e-03
555 2.906908e-05 1.706534e-02
556 3.692301e-04 8.649654e-03
557 4.309858e-04 6.903767e-02
558 1.191242e-05 1.524883e-02
559 1.112933e-03 4.429024e-02
560 3.435020e-06 2.931877e-03
561 7.675425e-05 1.394506e-02
562 1.128591e-06 2.842900e-03
563 2.577244e-04 7.829372e-02
564 5.548607e-04 2.776433e-02
565 2.596294e-05 9.370077e-03
566 1.050835e-04 2.875851e-03
567 3.895667e-04 4.254869e-02
568 3.135697e-04 5.324155e-02
569 2.242302e-04 2.485267e-02
570 3.859221e-05 7.295283e-03
571 5.842228e-03 1.897149e-01
572 7.250322e-06 7.411866e-03
573 8.837419e-04 7.151847e-02
574 8.342450e-05 1.222103e-02
575 2.182287e-05 3.870055e-03
576 6.163766e-05 6.854213e-03
577 2.635452e-04 2.563809e-02
578 7.404236e-04 7.891659e-02
579 1.135592e-05 5.189073e-03
580 5.992577e-03 2.342682e-01
581 2.162543e-03 4.372088e-02
582 5.537860e-05 2.488965e-02
583 6.932058e-04 5.010735e-02
584 1.482424e-04 2.431487e-02
585 1.568113e-05 5.857197e-03
586 1.511395e-04 2.754312e-02
587 8.019769e-05 1.253426e-02
588 1.938598e-03 6.586568e-02
589 4.400697e-03 9.957244e-02
590 2.170573e-03 5.515786e-02
591 2.732127e-05 7.013334e-03
592 7.044209e-05 1.453666e-02
593 6.021750e-05 8.536997e-03
594 1.238370e-04 1.320686e-02
595 1.756980e-03 9.548681e-02
596 9.365070e-05 1.380162e-02
597 1.384337e-04 7.315982e-03
598 1.106061e-05 1.173303e-02
599 3.945232e-05 1.228794e-02
600 3.608336e-05 1.639340e-02
601 9.084680e-06 5.165878e-03
