1 6.007082e-04 1.210859e-01
2 1.686462e-05 5.619124e-02
3 5.573088e-04 5.083591e-02
4 2.677034e-05 7.625518e-03
5 3.035414e-07 2.619369e-03
6 1.745170e-02 1.198080e+00
7 1.119542e-02 1.753833e+00
8 4.086535e-05 2.642248e-01
9 1.311342e-06 3.476954e-02
10 1.054226e-03 1.933014e-01
11 8.965950e-10 4.792348e-03
12 3.889184e-05 1.081564e-02
13 1.541906e-02 4.241110e-01
14 1.272428e-06 1.224799e-02
15 1.445591e-03 2.622277e-01
16 1.332840e-02 3.030961e-01
17 3.516356e-07 6.382779e-03
18 2.392611e-03 1.328762e-01
19 1.697995e-03 1.914960e-01
20 4.669213e-09 3.055896e-03
21 2.776059e-03 1.252532e+00
22 5.822635e-04 2.763386e-02
23 3.448083e-05 4.459216e-03
24 2.020189e-04 7.227453e-02
25 8.428696e-05 1.392888e-02
26 1.400071e-03 2.036451e-02
27 1.736466e-04 1.014634e-02
28 9.959492e-10 4.315911e-03
29 1.069959e-02 4.300786e-01
30 1.213605e-02 1.493827e+00
31 2.381986e-05 7.649293e-02
32 2.548921e-03 3.837946e-01
33 2.152050e-07 2.842871e-03
34 9.994505e-10 4.800483e-03
35 8.809330e-04 4.361272e-02
36 5.973848e-03 7.932696e-01
37 1.298720e-07 3.821285e-03
38 5.968685e-06 5.236612e-02
39 6.152414e-09 2.540201e-03
40 1.469553e-08 4.967292e-03
41 7.920131e-04 1.561396e-01
42 4.075072e-05 9.846059e-02
43 1.691824e-06 4.885117e-02
44 1.254684e-06 7.994039e-03
45 1.051377e-03 5.381506e-02
46 1.192769e-05 9.067436e-03
47 2.656335e-03 4.391258e-01
48 1.138583e-08 2.121741e-02
49 3.879266e-05 6.084391e-03
50 6.330034e-03 1.085698e+00
51 1.827505e-03 4.112187e-01
52 8.758935e-05 5.102289e-02
53 3.427998e-06 2.743741e-03
54 1.494444e-06 3.162206e-03
55 5.996919e-05 2.235035e-02
56 9.273380e-03 1.731539e-01
57 1.621192e-05 6.545836e-02
58 1.532459e-03 6.093720e-02
59 4.545833e-03 2.724456e-01
60 4.362608e-05 5.198546e-02
61 3.366081e-03 6.291184e-01
62 1.472060e-02 3.750780e-01
63 6.078543e-08 3.772742e-03
64 1.660547e-04 3.959594e-02
65 4.981912e-04 1.834865e-01
66 6.905996e-11 2.676711e-03
67 1.706913e-07 3.923905e-02
68 1.663976e-07 6.689841e-03
69 2.206173e-07 8.547269e-03
70 2.275537e-07 1.156245e-02
71 8.778521e-04 2.199065e-01
72 6.574930e-06 4.661774e-03
73 5.451247e-07 4.355096e-03
74 4.440132e-04 1.180316e-01
75 1.421927e-07 3.041260e-03
76 8.412356e-07 1.153168e-02
77 3.601647e-10 5.688698e-03
78 5.146522e-03 5.791339e-01
79 5.513331e-03 6.001943e-01
80 1.664964e-06 6.041803e-02
81 6.360328e-10 4.248592e-03
82 8.190914e-07 4.098571e-03
83 7.218626e-07 4.328906e-03
84 2.545685e-06 7.106635e-03
85 8.063383e-04 1.684122e-01
86 1.545472e-05 3.456498e-02
87 5.093994e-09 3.814840e-03
88 1.528249e-08 7.631785e-03
89 4.068593e-03 2.941590e-01
90 1.097380e-04 8.444662e-02
91 4.006492e-07 4.023998e-03
92 1.518850e-03 9.251646e-01
93 1.653263e-06 5.749205e-03
94 6.505673e-07 6.102133e-03
95 1.822733e-04 7.275602e-02
96 1.813855e-08 4.638158e-03
97 2.159017e-06 1.432462e-02
98 8.849747e-07 5.195899e-03
99 6.302954e-07 3.871636e-03
100 2.276500e-02 1.831401e+00
101 5.837626e-07 9.924266e-03
102 2.678759e-08 7.142125e-03
103 4.638303e-03 2.277364e-01
104 1.735133e-03 9.711965e-02
105 7.191652e-04 5.342426e-02
106 6.591764e-05 1.187579e-02
107 1.036407e-06 4.134671e-03
108 3.140408e-06 4.785587e-03
109 1.859116e-07 1.117734e-02
110 6.382359e-05 7.409100e-02
111 5.414853e-07 9.033121e-03
112 4.224237e-05 4.344927e-03
113 5.605902e-04 1.151491e-01
114 2.114238e-03 2.289441e-01
115 6.577761e-03 8.068106e-01
116 6.435379e-03 3.692689e-01
117 6.758776e-04 1.668295e-01
118 1.655971e-02 1.204997e+00
119 4.054695e-05 3.148501e-02
120 4.373173e-05 6.465551e-02
121 2.012020e-03 2.028341e-01
122 5.346017e-03 8.165767e-02
123 1.177002e-07 6.349404e-03
124 3.497314e-04 1.729809e-02
125 4.532202e-06 1.001492e-02
126 1.878045e-04 1.024819e-01
127 2.545440e-06 9.086121e-03
128 1.183720e-03 3.845758e-02
129 1.698500e-04 3.171627e-02
130 1.317916e-06 7.318684e-03
131 7.852355e-06 8.079703e-03
132 6.324124e-05 2.335220e-02
133 1.347482e-04 2.279265e-02
134 1.346113e-03 8.905844e-02
135 3.292471e-06 8.434787e-03
136 1.241588e-04 1.799213e-02
137 1.645388e-06 1.479863e-02
138 5.736511e-07 1.127051e-02
139 6.144484e-07 1.192654e-02
140 7.115548e-08 5.666664e-03
141 2.588255e-07 1.119701e-02
142 2.028313e-07 1.049562e-02
143 7.495617e-06 7.405694e-03
144 1.471998e-06 1.443243e-02
145 7.762088e-06 8.266804e-03
146 5.069617e-08 6.846983e-03
147 1.002504e-05 1.728961e-02
148 5.739678e-07 1.099586e-02
149 1.359830e-06 1.200005e-02
150 2.307469e-07 6.163821e-03
151 7.549938e-07 1.434146e-02
152 5.658275e-07 6.319893e-03
153 3.755653e-06 1.436153e-02
154 2.435233e-07 1.323453e-02
155 6.584211e-07 1.252560e-02
156 9.499890e-04 5.058119e-02
157 3.417839e-06 8.658565e-03
158 1.170020e-04 2.120187e-02
159 3.915019e-04 3.746155e-02
160 5.974999e-05 3.770823e-02
161 5.016717e-06 2.136272e-02
162 9.788668e-06 2.179053e-02
163 1.861809e-06 2.380488e-02
164 3.526274e-06 1.037304e-02
165 3.358066e-06 5.509353e-03
166 1.799122e-05 8.727478e-03
167 5.630077e-05 1.922329e-02
168 1.046169e-05 1.236226e-02
169 3.401430e-05 1.868214e-02
170 1.365571e-05 3.222665e-02
171 5.105759e-06 2.191461e-02
172 9.310075e-07 7.819187e-03
173 1.670649e-05 2.519425e-02
174 7.396366e-04 2.511916e-01
175 4.688647e-07 1.825864e-02
176 1.511308e-05 3.235414e-02
177 6.283704e-06 2.287117e-02
178 3.082578e-06 2.591890e-02
179 1.937460e-05 3.185856e-02
180 8.642890e-06 3.296737e-02
181 2.487895e-06 1.004840e-02
182 1.378921e-05 3.015873e-02
183 6.521034e-06 2.696452e-02
184 4.511985e-05 4.797756e-02
185 9.209530e-05 3.376912e-02
186 5.080317e-05 3.430953e-02
187 3.900702e-06 1.659952e-02
188 1.288306e-05 1.150387e-02
189 4.762265e-05 4.228436e-02
190 3.616272e-06 1.720348e-02
191 2.024347e-04 5.592371e-02
192 2.117261e-05 1.366859e-02
193 7.645089e-05 3.981970e-02
194 1.092855e-05 1.306820e-02
195 4.303527e-05 2.417599e-02
196 8.454305e-05 4.256416e-02
197 2.117742e-04 3.568331e-02
198 8.240634e-05 3.192933e-02
199 2.405421e-05 1.942332e-02
200 4.688408e-08 5.389686e-03
201 2.383166e-06 1.258452e-02
202 3.281610e-05 2.248790e-02
203 6.503190e-07 5.909894e-03
204 2.881391e-06 1.879935e-02
205 2.830805e-05 2.645531e-02
206 1.418698e-07 1.185000e-02
207 2.247576e-05 9.223636e-03
208 1.746029e-07 2.564576e-02
209 4.571163e-06 1.307705e-02
210 1.127535e-05 1.955018e-02
211 4.014765e-06 1.549122e-02
212 2.307797e-04 5.763300e-02
213 3.657324e-05 5.384389e-02
214 8.138454e-08 3.768775e-03
215 1.566648e-04 2.421765e-02
216 5.910886e-06 6.529987e-02
217 1.071699e-05 1.609694e-02
218 3.787177e-04 3.128463e-02
219 1.579273e-05 1.546712e-02
220 2.245577e-08 1.511431e-02
221 3.550417e-05 4.448542e-02
222 1.952535e-06 3.015340e-02
223 6.462538e-03 3.385485e-01
224 3.018621e-04 2.855558e-02
225 4.637335e-05 9.507272e-03
226 1.308489e-06 3.479775e-03
227 3.245313e-06 6.971054e-03
228 4.305380e-05 1.087646e-02
229 2.219743e-05 1.526975e-02
230 5.101649e-05 1.695028e-02
231 6.169922e-05 1.912055e-02
232 1.497517e-04 2.034232e-02
233 7.428682e-06 7.872519e-03
234 2.257072e-06 5.065002e-03
235 3.581578e-05 8.491722e-03
236 2.018718e-07 5.310260e-03
237 1.037953e-04 1.172212e-02
238 3.699560e-05 8.610478e-03
239 1.593088e-05 7.652909e-03
240 1.189977e-06 7.044547e-03
241 5.509137e-06 5.218481e-03
242 3.929545e-05 1.768486e-02
243 5.720642e-06 5.010339e-03
244 1.386515e-06 7.736717e-03
245 4.147515e-05 8.860293e-03
246 1.037953e-04 1.172212e-02
247 1.378712e-05 5.598617e-03
248 4.147515e-05 8.860293e-03
249 2.113901e-04 1.621467e-02
250 4.147515e-05 8.860293e-03
251 1.475106e-05 7.531771e-03
252 4.304336e-05 8.270236e-03
253 5.717441e-06 5.002927e-03
254 1.873734e-04 1.388563e-02
255 3.425275e-05 9.603297e-03
256 8.978319e-07 4.713959e-03
257 3.691588e-05 8.549610e-03
258 3.317266e-04 7.768644e-02
259 2.235624e-05 3.570816e-02
260 5.582322e-05 4.090099e-02
261 1.642150e-04 8.123933e-02
262 3.911897e-06 1.484528e-02
263 1.205426e-04 3.191193e-02
264 7.332349e-04 1.009873e-01
265 3.484056e-04 6.768649e-02
266 9.735178e-04 1.750694e-01
267 1.748565e-05 1.330645e-02
268 2.938367e-06 7.240332e-03
269 1.059042e-05 1.745335e-02
270 7.135202e-06 1.351664e-02
271 4.751872e-07 5.933597e-03
272 3.310433e-06 1.120433e-02
273 9.265716e-06 1.626829e-02
274 1.449812e-05 1.175073e-02
275 2.288077e-05 3.021184e-02
276 2.578422e-05 6.898401e-02
277 2.389244e-05 2.991307e-02
278 2.535060e-05 4.076058e-02
279 3.870994e-06 2.442169e-02
280 8.547762e-06 1.373705e-02
281 8.305911e-06 1.194964e-02
282 7.148609e-06 7.807329e-03
283 2.105225e-06 5.970092e-03
284 6.225578e-05 4.687501e-02
285 5.127027e-03 3.653992e-01
286 2.090453e-03 2.840810e-01
287 1.330037e-04 7.852401e-02
288 7.432658e-06 1.179076e-02
289 5.838936e-05 6.222572e-02
290 1.708165e-04 1.740387e-01
291 1.676422e-04 7.971150e-02
292 5.355941e-05 3.732433e-02
293 9.917900e-04 7.723213e-01
294 8.260124e-06 1.359667e-02
295 2.780496e-03 5.041462e-01
296 1.845338e-03 2.339556e-01
297 4.069562e-03 9.466550e-01
298 7.772008e-03 3.929602e-01
299 6.235793e-03 2.996929e-01
300 1.688796e-07 1.636988e-02
301 3.425262e-04 9.878104e-02
302 1.781708e-05 4.476180e-02
303 9.325243e-05 1.806004e-02
304 4.645691e-05 3.554253e-02
305 2.206002e-04 4.059137e-02
306 6.103489e-07 4.067152e-03
307 1.164572e-05 7.672496e-03
308 1.456844e-05 3.657780e-02
309 1.579176e-03 1.345223e-01
310 6.227662e-08 7.458338e-03
311 1.120574e-05 1.323935e-02
312 2.397834e-04 2.812434e-02
313 2.048562e-06 6.048511e-03
314 1.038459e-05 8.273573e-03
315 2.436957e-08 7.107922e-03
316 1.111520e-04 1.338692e-01
317 8.945300e-09 4.955082e-03
318 2.772455e-07 5.479411e-03
319 2.490956e-04 7.187798e-02
320 1.027411e-08 4.106371e-03
321 1.165080e-07 1.290846e-02
322 5.999513e-04 6.052377e-02
323 3.397898e-03 4.532482e-01
324 2.882165e-05 5.386333e-03
325 3.774576e-06 9.779927e-03
326 2.380938e-06 2.005346e-02
327 1.927577e-06 4.773404e-02
328 2.208713e-04 9.088757e-02
329 1.555856e-03 2.057055e-01
330 5.729055e-03 2.020069e-01
331 2.313798e-04 2.000454e-01
332 2.988047e-03 7.264367e-01
333 1.059640e-04 3.027069e-01
334 4.983912e-06 8.790810e-02
335 2.807043e-05 1.986818e-02
336 4.171615e-03 7.937684e-01
337 6.306292e-03 2.331431e-01
338 1.607527e-05 1.643710e-02
339 1.597376e-04 4.269190e-02
340 1.629365e-08 5.485121e-03
341 7.527728e-09 4.299351e-03
342 2.725309e-07 8.892068e-03
343 2.098683e-06 1.522233e-02
344 2.410880e-05 1.051785e-02
345 1.993539e-08 3.220983e-03
346 1.063527e-05 6.830388e-03
347 5.341337e-06 9.933666e-03
348 3.946533e-07 8.770572e-03
349 1.477142e-05 1.318795e-02
350 2.992360e-07 4.555973e-03
351 8.887087e-06 6.288772e-03
352 6.755695e-09 3.026401e-03
353 1.301264e-07 4.960118e-03
354 1.199041e-07 3.880689e-03
355 8.162512e-06 4.563329e-02
356 1.668417e-08 2.709318e-03
357 9.321087e-06 6.838044e-03
358 8.904283e-05 6.925209e-02
359 7.103486e-07 5.702555e-03
360 2.907948e-07 5.587173e-03
361 8.248892e-07 6.602818e-03
362 1.113247e-06 1.586215e-02
363 1.216871e-06 3.782717e-03
364 6.755695e-09 3.026401e-03
365 5.806610e-06 1.553117e-02
366 2.780774e-05 2.616266e-02
367 5.452061e-06 1.224710e-02
368 1.477142e-05 1.318795e-02
369 6.542492e-06 2.682078e-02
370 1.961595e-05 9.613604e-03
371 1.722358e-05 7.350268e-03
372 4.236627e-03 7.897760e-01
373 8.955970e-05 5.320289e-02
374 6.186403e-03 6.308190e-01
375 2.531196e-05 4.037536e-02
376 3.555102e-04 3.569082e-01
377 3.586146e-06 5.628194e-02
378 3.575876e-04 1.478672e-01
379 1.013698e-07 3.499247e-03
380 4.202026e-06 1.086134e-02
381 7.499326e-06 8.728240e-03
382 3.420771e-03 2.038413e-01
383 1.126662e-04 1.434468e-02
384 1.003844e-04 8.524817e-03
385 4.191356e-06 1.722699e-02
386 6.591532e-05 1.278927e-01
387 2.450194e-05 1.397359e-02
388 2.450360e-03 2.074117e-01
389 7.198730e-03 4.657019e-01
390 3.886397e-04 4.339112e-02
391 6.955465e-04 9.066119e-02
392 5.108613e-03 5.629285e-01
393 6.667412e-03 6.384669e-01
394 6.401483e-06 4.061467e-02
395 3.900574e-05 4.938230e-02
396 6.230382e-06 1.301914e-02
397 1.184898e-05 7.855584e-03
398 5.470838e-05 1.291583e-01
399 2.297604e-06 1.282620e-02
400 4.037720e-05 2.906327e-02
401 4.907285e-06 9.161443e-03
402 1.303032e-05 1.096573e-02
403 8.854218e-07 1.100405e-02
404 7.981777e-07 8.873531e-03
405 8.253605e-05 2.952503e-02
406 1.470681e-05 4.062358e-02
407 4.907285e-06 9.161443e-03
408 2.488548e-04 5.831981e-02
409 1.691368e-02 8.656413e-01
410 1.743827e-06 6.864819e-03
411 3.101841e-05 1.138992e-02
412 1.354479e-05 1.580225e-02
413 1.599860e-05 1.040271e-02
414 3.024288e-05 1.490310e-02
415 9.222371e-05 3.007216e-02
416 1.910315e-06 6.970275e-03
417 7.856559e-07 6.503098e-03
418 1.392146e-03 9.268607e-02
419 1.438669e-03 1.308191e-01
420 1.477297e-04 8.119873e-03
421 3.781288e-05 1.459185e-02
422 1.937662e-04 2.322586e-02
423 1.895962e-06 6.056904e-03
424 4.980243e-04 3.760772e-02
425 1.378990e-03 5.496092e-02
426 1.831378e-04 2.643641e-02
427 1.190897e-03 3.830059e-02
428 3.507438e-05 9.649896e-03
429 8.798384e-07 7.704981e-03
430 1.902452e-04 2.277615e-02
431 1.518560e-05 1.006759e-02
432 1.895962e-06 6.056904e-03
433 5.766834e-04 5.415861e-02
434 1.880297e-04 1.433932e-02
435 2.145763e-06 5.789466e-03
436 1.633500e-03 8.929676e-02
437 3.838337e-05 1.118244e-02
438 1.376699e-05 8.694360e-03
439 8.888988e-03 2.284549e-01
440 4.472951e-04 1.750191e-02
441 2.696017e-03 7.780359e-02
442 4.950263e-03 9.748316e-01
443 2.234807e-03 5.735252e-01
444 3.843184e-03 8.243301e-01
445 2.336528e-04 2.706977e-01
446 7.988907e-09 2.677403e-03
447 2.135875e-08 4.181850e-03
448 4.331028e-08 4.036554e-03
449 2.773069e-08 4.521204e-03
450 8.949425e-09 3.048722e-03
451 1.066426e-05 1.125206e-02
452 2.904259e-04 1.370701e-01
453 3.956827e-08 4.228555e-03
454 3.411714e-07 1.197241e-02
455 2.114974e-08 6.460494e-03
456 7.101104e-09 3.616109e-03
457 1.459137e-07 2.949921e-03
458 4.568805e-08 4.182635e-03
459 3.731605e-04 4.921561e-01
460 2.149803e-05 7.117031e-02
461 5.108961e-06 3.603276e-02
462 2.021766e-06 1.457295e-02
463 1.160215e-07 4.488596e-03
464 1.076894e-07 4.278031e-03
465 1.014328e-06 7.663522e-03
466 5.046129e-08 4.316869e-03
467 1.447864e-05 8.563134e-03
468 1.820678e-06 6.169333e-03
469 7.592000e-07 5.395785e-03
470 8.124531e-07 3.328996e-03
471 1.246816e-07 4.486755e-03
472 1.061733e-07 3.594607e-03
473 1.718770e-08 4.014387e-03
474 1.713791e-08 3.582138e-03
475 3.373321e-05 2.937895e-02
476 2.151721e-05 1.659077e-02
477 1.009828e-05 1.058879e-02
478 8.598037e-04 1.298122e-01
479 3.378617e-06 9.027513e-03
480 1.307077e-04 2.508642e-02
481 1.354877e-05 3.442951e-02
482 2.425200e-06 2.347312e-02
483 2.261185e-06 1.664132e-02
484 9.648407e-09 4.134508e-03
485 1.531286e-06 6.543179e-03
486 2.244618e-06 1.757549e-02
487 4.440453e-06 1.174577e-02
488 3.027189e-07 7.350097e-03
489 5.373510e-04 5.601803e-01
490 3.059831e-07 9.433062e-03
491 1.682575e-06 9.453349e-03
492 2.920633e-06 6.057451e-03
493 8.939971e-06 9.677518e-03
494 3.530814e-06 4.953349e-03
495 9.786996e-05 8.632947e-03
496 1.917298e-08 4.195080e-03
497 1.005728e-04 1.050403e-02
498 6.638118e-07 4.605754e-03
499 6.963608e-07 6.033494e-03
500 2.569092e-07 4.497142e-03
501 3.099278e-03 4.388947e-01
502 3.005055e-07 8.860863e-03
503 4.348112e-06 1.722537e-02
504 4.505202e-06 2.058668e-02
505 1.361014e-07 9.415609e-03
506 4.759232e-03 1.729869e-01
507 9.275876e-06 8.929182e-03
508 1.271882e-07 4.492708e-03
509 6.079123e-06 4.628470e-02
510 5.367620e-08 4.448829e-03
511 4.250164e-04 6.831448e-02
512 2.636042e-05 2.456865e-02
513 3.925733e-04 8.868225e-02
514 1.877659e-02 4.686561e-01
515 2.002079e-04 4.175596e-02
516 1.561730e-04 3.000165e-02
517 1.004783e-03 6.334350e-02
518 1.583165e-04 3.157507e-02
519 5.883409e-05 1.704198e-02
520 2.789582e-05 2.434525e-02
521 7.329999e-05 2.572883e-02
522 3.477597e-05 2.504109e-02
523 2.634640e-05 1.904536e-02
524 1.730979e-04 2.652128e-02
525 1.736877e-04 2.847598e-02
526 1.794138e-04 2.907805e-02
527 2.445914e-04 5.175043e-02
528 1.992634e-04 2.958428e-02
529 4.119548e-04 3.462429e-02
530 3.708215e-04 5.498520e-02
531 1.307346e-03 6.927783e-02
532 8.771934e-05 3.378184e-02
533 2.153901e-04 4.891602e-02
534 9.726463e-05 4.980949e-02
535 3.276863e-05 2.619245e-02
536 5.498104e-04 4.601246e-02
537 5.570763e-04 1.028907e-01
538 1.952082e-04 7.410029e-02
539 6.621391e-05 2.659374e-02
540 5.001899e-04 6.400092e-02
541 2.148118e-04 6.122004e-02
542 1.512173e-04 2.356124e-02
543 4.358274e-04 5.712815e-02
544 3.554584e-04 2.851872e-02
545 8.919778e-06 1.309220e-02
546 1.152360e-05 2.763179e-02
547 4.553496e-06 8.011863e-03
548 5.174543e-05 1.861071e-02
549 1.806045e-08 3.520179e-03
550 3.565875e-04 4.810985e-02
551 9.696464e-06 1.392017e-02
552 1.573506e-04 2.570246e-02
553 4.708338e-04 2.282837e-02
554 6.264747e-05 1.735297e-02
555 9.866423e-04 4.970473e-02
556 2.694203e-06 5.059206e-03
557 6.357002e-07 6.746423e-03
558 3.898805e-06 1.282659e-02
559 1.018287e-05 8.919398e-03
560 1.697966e-06 1.048267e-02
561 1.182396e-04 2.152112e-02
562 2.005077e-05 8.533639e-03
563 9.247442e-04 6.803479e-02
564 1.419310e-06 5.367486e-03
565 1.411715e-05 2.331900e-02
566 3.671814e-05 4.611966e-02
567 6.845531e-07 7.426954e-03
568 2.785860e-05 1.126003e-02
569 6.480385e-05 7.817411e-03
570 2.480942e-05 1.006817e-02
571 1.435008e-06 9.504170e-03
572 6.206898e-05 1.402666e-02
573 1.910126e-06 1.171659e-02
574 1.676722e-06 6.329090e-03
575 6.089097e-05 1.143839e-02
576 9.606706e-06 8.527582e-03
577 1.620682e-04 2.477749e-02
578 2.837208e-04 5.013365e-02
579 3.641998e-03 9.141476e-02
580 5.827304e-05 1.116898e-02
581 3.393058e-04 8.114692e-02
582 2.462137e-03 5.275214e-02
583 4.195147e-04 4.284875e-02
584 9.131586e-04 3.487053e-02
585 2.710927e-03 1.211703e-01
586 3.307809e-04 2.052240e-02
587 1.875712e-04 3.489911e-02
588 1.201772e-05 1.353482e-02
589 1.695370e-06 5.025929e-03
590 2.014828e-04 7.246218e-02
591 1.410382e-04 3.027834e-02
592 1.314188e-03 8.483859e-02
593 1.479155e-04 1.213870e-01
594 1.847244e-06 7.886922e-03
595 9.137418e-05 3.431446e-02
596 1.976616e-03 1.500345e-01
597 4.144457e-08 4.281849e-03
598 3.936509e-08 3.092003e-03
599 3.705978e-08 3.052029e-03
600 2.841030e-07 6.812266e-03
