2 6.964380e-03 2.166305e-01
3 1.315324e-02 4.734306e-01
4 1.208639e-02 5.854033e-01
5 2.391896e-04 2.088553e-01
6 2.804354e-03 7.664276e-01
7 1.065286e-03 2.296632e-01
8 5.053680e-04 2.131223e-01
9 2.879398e-03 2.440467e-01
10 4.663080e-03 2.935181e-01
11 8.424721e-03 7.027248e-01
12 5.594564e-03 5.833785e-01
13 1.739012e-02 8.145543e-01
14 2.792881e-03 3.900214e-01
15 1.779113e-03 5.477670e-01
16 1.625404e-03 2.899184e-01
17 1.201511e-05 4.819501e-02
18 5.452800e-03 3.775352e-01
19 4.512329e-06 3.029915e-02
20 5.363004e-03 2.377060e-01
21 5.537719e-03 2.455868e-01
22 1.042203e-02 8.908628e-01
23 8.832273e-03 6.526916e-01
24 3.024372e-03 2.235375e-01
25 9.124284e-05 9.298527e-02
26 7.700429e-04 2.593307e-01
27 1.211420e-02 4.324388e-01
28 6.773204e-05 1.604177e-01
29 1.017858e-02 6.488681e-01
30 6.287735e-05 2.233068e-02
31 5.283768e-03 6.191099e-01
32 3.387162e-03 4.640677e-01
33 1.101089e-02 5.057809e-01
34 1.078614e-03 3.990856e-02
35 1.035554e-02 1.061308e+00
36 9.913375e-04 1.319621e-01
37 4.179326e-04 4.617511e-02
38 3.523883e-03 2.554828e-01
39 7.014635e-03 4.480935e-01
40 6.530925e-03 7.308393e-01
41 9.235749e-07 3.519733e-02
42 6.485984e-03 2.931945e-01
43 3.107327e-04 5.707967e-02
44 4.101238e-08 4.555621e-03
45 6.397923e-06 4.258145e-03
46 2.278036e-06 4.924610e-03
47 2.029107e-07 7.964164e-03
48 3.696409e-09 4.273780e-03
49 1.349663e-03 1.365752e-01
50 3.572861e-06 1.868092e-02
51 5.363686e-08 3.053357e-03
52 1.072932e-06 7.505149e-03
53 6.291591e-05 3.377463e-02
54 3.586132e-09 2.680069e-03
55 4.187358e-07 3.265644e-03
56 4.225407e-07 3.844370e-03
57 9.794765e-09 2.972870e-03
58 3.246481e-05 8.470196e-03
59 1.141451e-04 1.108392e-01
60 5.343448e-07 8.204084e-03
61 3.860617e-05 1.841808e-02
62 3.247671e-07 2.794125e-03
63 9.085718e-05 2.362030e-02
64 7.948079e-09 2.708782e-03
65 4.057930e-08 2.932755e-03
66 5.549562e-07 8.540827e-03
67 8.755221e-09 2.891849e-03
68 8.033232e-05 5.531587e-03
69 1.177591e-05 4.151196e-02
70 2.752625e-04 3.624985e-02
71 2.248502e-07 6.334497e-03
72 4.907936e-05 1.837340e-02
73 2.466987e-04 3.250758e-02
74 2.671222e-06 5.530019e-03
75 2.022108e-06 3.826415e-03
76 1.920898e-06 5.370947e-02
77 5.175388e-07 1.032538e-02
78 7.855887e-04 1.343273e-01
79 1.029374e-03 4.025478e-02
80 3.113245e-05 1.089636e-02
81 5.120373e-08 2.962782e-03
82 3.195290e-05 1.920997e-02
83 1.541947e-07 5.082808e-03
84 4.320632e-03 1.584363e-01
85 4.176400e-05 1.651060e-02
86 3.417497e-04 1.907449e-02
87 7.528710e-04 1.193585e-01
88 4.321597e-09 4.005060e-03
89 5.966981e-06 1.078234e-02
90 2.188749e-05 1.323817e-02
91 5.578451e-08 2.856161e-03
92 2.590654e-05 5.163832e-03
93 2.862882e-08 4.352708e-03
94 4.463942e-07 5.339917e-03
95 1.523540e-07 2.722904e-03
96 1.044846e-02 4.434743e-01
97 2.156221e-05 1.475167e-02
98 1.811064e-03 5.590288e-01
99 1.095166e-03 3.353359e-01
100 1.924649e-02 3.707833e-01
101 1.527354e-02 2.494287e-01
102 1.676582e-07 4.746535e-03
103 5.680155e-04 1.098324e-01
104 1.332195e-04 3.726504e-02
105 8.848985e-05 2.519822e-02
106 6.283894e-06 4.658981e-03
107 1.792643e-07 3.183169e-03
108 3.873980e-04 6.426638e-02
109 3.108372e-04 8.710686e-02
110 4.585756e-08 1.309737e-02
111 1.051719e-04 7.321995e-02
112 2.548943e-05 7.025972e-02
113 6.365488e-04 1.824053e-01
114 5.353456e-05 3.776300e-02
115 1.928888e-04 1.463148e-01
116 3.898358e-03 2.209817e-01
117 3.405367e-06 1.104722e-02
118 3.446467e-07 5.295061e-03
119 8.092997e-03 2.877995e-01
120 8.561127e-03 4.575819e-01
121 1.071857e-06 3.619557e-03
122 8.064221e-09 4.885908e-03
123 2.436066e-03 1.082192e-01
124 8.516807e-05 2.060481e-02
125 3.564141e-05 8.727719e-03
126 6.395228e-05 1.598992e-02
127 4.596687e-05 9.623743e-03
128 1.303379e-02 1.347427e-01
129 3.772510e-04 2.522639e-02
130 1.044738e-06 7.127855e-03
131 7.533548e-04 1.379740e-01
132 3.220466e-07 2.951203e-03
133 8.465878e-04 2.192874e-01
134 2.858928e-06 1.253714e-02
135 5.643770e-04 1.810809e-02
136 1.607394e-05 8.597022e-03
137 3.869656e-06 4.870568e-03
138 1.895121e-06 1.192340e-02
139 5.012908e-06 5.575384e-03
140 1.078393e-05 4.695440e-03
141 4.304876e-04 6.753865e-01
142 5.246705e-03 1.286636e-01
143 7.267724e-06 6.675311e-03
144 1.585032e-06 1.007506e-02
145 1.111911e-04 1.515905e-02
146 1.961505e-07 4.142132e-03
147 1.800748e-03 2.778340e-01
148 1.099676e-05 3.715510e-03
149 4.801934e-07 7.280493e-03
150 7.832625e-07 4.357635e-03
151 7.656485e-07 1.304074e-02
152 8.508055e-08 2.013505e-02
153 6.454063e-08 1.445981e-02
154 3.348262e-05 4.269787e-02
155 5.382485e-08 2.497963e-03
156 8.160427e-06 6.884769e-03
157 4.101461e-09 8.680731e-03
158 4.749114e-05 5.021936e-03
159 1.672724e-06 7.728537e-03
160 2.970582e-04 6.467024e-02
161 2.539297e-04 2.063738e-02
162 1.183870e-08 1.019436e-02
163 1.148384e-06 5.310485e-03
164 5.004175e-04 6.093957e-02
165 9.027758e-05 6.546560e-03
166 2.963297e-06 3.982588e-03
167 1.038843e-06 5.751790e-03
168 4.743279e-04 1.872372e-02
169 1.076648e-03 9.851886e-02
170 1.334778e-03 4.128949e-01
171 8.549788e-07 5.202354e-03
172 2.375551e-04 5.646447e-02
173 7.046214e-06 1.134835e-02
174 5.348194e-06 6.942261e-03
175 7.042868e-07 3.169718e-03
176 5.967381e-04 2.807508e-02
177 5.309456e-08 4.704951e-03
178 2.985389e-05 1.384048e-02
179 1.511556e-05 4.377482e-02
180 2.233167e-07 5.519624e-03
181 1.672683e-03 8.280549e-02
182 6.985191e-07 2.789073e-03
183 3.639953e-05 2.069884e-02
184 8.223843e-04 4.353343e-02
185 8.564391e-08 4.907476e-03
186 1.968667e-06 6.080920e-03
187 2.931905e-04 1.148272e-01
188 3.254677e-05 5.730627e-02
189 1.129693e-09 4.367808e-03
190 6.410409e-05 1.050277e-01
191 8.352526e-07 1.623642e-02
192 8.073538e-05 3.541993e-02
193 1.570009e-06 3.851123e-02
194 2.883581e-06 5.331554e-03
195 1.625943e-03 6.848695e-01
196 1.528916e-07 3.433872e-03
197 1.750168e-03 3.352450e-01
198 9.664322e-04 1.056512e-01
199 8.046449e-04 5.574438e-01
200 1.567108e-04 1.117860e-01
201 1.574916e-07 2.874077e-03
202 7.258199e-04 2.885492e-01
203 3.216928e-03 3.305913e-01
204 3.075247e-07 6.744325e-03
205 7.474325e-04 1.290903e-01
206 6.957840e-06 1.242666e-02
207 4.483113e-06 3.085825e-03
208 4.616367e-04 1.584016e-01
209 1.216722e-04 3.089192e-01
210 2.978256e-03 2.085300e-01
211 3.364130e-04 4.000284e-02
212 2.718192e-04 5.822299e-02
213 7.493815e-04 1.923708e-01
214 1.121928e-03 1.680349e-01
215 3.590504e-06 1.256576e-02
216 2.109997e-06 1.021124e-02
217 9.557885e-08 5.600235e-03
218 3.279250e-07 8.193719e-02
219 1.599266e-07 2.729442e-03
220 1.017597e-03 1.683027e-01
221 2.735248e-04 1.458469e-01
222 1.232236e-05 2.148886e-02
223 1.482347e-05 6.348351e-03
224 1.497844e-04 8.755866e-03
225 3.419669e-04 9.119949e-02
226 3.199606e-07 2.745217e-03
227 2.282840e-05 3.021069e-02
228 6.190456e-05 1.077591e-01
229 8.842501e-04 2.157689e-01
230 7.521426e-05 1.613455e-02
231 4.046875e-05 3.131047e-02
232 1.402515e-04 7.269388e-03
233 5.162157e-08 5.585404e-03
234 2.171494e-05 1.485663e-02
235 1.862137e-04 7.978705e-02
236 5.698086e-04 1.271383e-01
237 1.534606e-07 4.651668e-03
238 1.403121e-05 1.884354e-02
239 9.801885e-04 1.757662e-02
240 1.122142e-04 3.131049e-02
241 1.568987e-04 5.200823e-02
242 9.288308e-07 7.839032e-03
243 6.684284e-08 2.945149e-03
244 2.986013e-05 1.690397e-02
245 1.015436e-04 5.000721e-02
246 1.010611e-03 2.257470e-01
247 1.719710e-05 3.504387e-02
248 1.001713e-03 1.762932e-01
249 4.589115e-03 1.096830e-01
250 5.463992e-04 9.631974e-02
251 2.899416e-07 3.113974e-03
252 5.649991e-04 2.846164e-01
253 2.311969e-05 3.535651e-02
254 6.727554e-04 7.341871e-02
255 2.557468e-08 5.809002e-03
256 1.637813e-10 2.411315e-03
257 6.112165e-05 3.420301e-02
258 3.398504e-04 7.226521e-02
259 6.547745e-05 6.315335e-03
260 1.489216e-05 2.384996e-02
261 2.573704e-04 1.511849e-02
262 7.587844e-09 2.746072e-03
263 2.078715e-07 1.250370e-02
264 1.281001e-03 9.018579e-02
265 1.590405e-04 3.655346e-02
266 4.245639e-05 1.760364e-02
267 1.108191e-05 1.347448e-02
268 2.501761e-08 4.228486e-03
269 1.058462e-07 8.203561e-03
270 1.847748e-11 3.210816e-03
271 2.626563e-04 1.280969e-01
272 3.496766e-06 9.887325e-03
273 2.047729e-05 2.098520e-01
274 1.387804e-05 1.048392e-02
275 5.596991e-05 5.431947e-03
276 2.474347e-09 6.606291e-03
277 5.564835e-06 1.503719e-02
278 5.299011e-06 2.874478e-02
279 3.064158e-08 9.719471e-03
280 2.561038e-03 2.228320e-01
281 1.019935e-03 1.886544e-01
282 5.729930e-06 1.135428e-02
283 3.910887e-05 9.104806e-02
284 4.077228e-07 1.573176e-02
285 7.133575e-04 1.466712e-01
286 8.852208e-08 4.099911e-03
287 1.145514e-04 9.876129e-03
288 8.797726e-05 1.800188e-02
289 8.258495e-06 1.629287e-02
290 4.733049e-04 7.178603e-02
291 6.132502e-10 3.418371e-03
292 1.945981e-06 1.439321e-02
293 4.446778e-09 6.291478e-03
294 6.167364e-08 3.034809e-03
295 1.583379e-06 7.232898e-02
296 1.577743e-03 2.412088e-01
297 1.304803e-06 1.499523e-02
298 1.040492e-07 4.839432e-03
299 1.122603e-06 7.418934e-03
300 6.901768e-06 6.860625e-02
301 5.685645e-03 1.698242e-01
302 4.854775e-03 7.259459e-02
303 4.302112e-06 5.530383e-02
304 9.074337e-06 5.080759e-03
305 5.869198e-04 2.366338e-01
306 9.316953e-06 2.529485e-03
307 1.969808e-03 1.938741e-01
308 1.786246e-05 3.691328e-03
309 1.148093e-03 9.748405e-02
310 4.594938e-07 1.110476e-02
311 1.383009e-05 1.042534e-02
312 3.789345e-06 4.251627e-02
313 1.427442e-03 1.456965e-01
314 4.016075e-06 8.414700e-03
315 4.001863e-05 1.554425e-02
316 9.825135e-04 5.113564e-01
317 8.051863e-05 5.203876e-02
318 9.169932e-04 2.246364e-01
319 5.167705e-06 1.344937e-02
320 5.956056e-07 2.356149e-02
321 2.522876e-05 3.799377e-03
322 2.483321e-09 4.721310e-03
323 3.970142e-03 4.504733e-01
324 5.240761e-08 3.442431e-02
325 2.177808e-04 1.185033e-02
326 1.506583e-05 9.358603e-03
327 1.462560e-05 1.468511e-02
328 1.570064e-04 1.164469e-02
329 5.142190e-04 9.578570e-02
330 3.951958e-05 5.127204e-03
331 1.611504e-03 1.621892e-01
332 8.802377e-06 1.607086e-02
333 2.654286e-07 6.102167e-03
334 1.850567e-04 2.566151e-02
335 4.899214e-10 4.417446e-03
336 3.578390e-06 5.596166e-03
337 4.530716e-08 3.127485e-03
338 2.828462e-04 1.177979e-01
339 2.085456e-03 1.136620e-01
340 7.214117e-07 3.008616e-02
341 8.537271e-05 1.293594e-01
342 3.341080e-03 1.870650e-01
343 2.023323e-09 8.551367e-03
344 1.280504e-04 6.879189e-02
345 1.560683e-02 8.582053e-01
346 2.314139e-05 5.511402e-02
347 4.489194e-09 3.186240e-03
348 4.582813e-03 1.610470e-01
349 2.334367e-05 1.068345e-02
350 5.157123e-07 7.123113e-03
351 5.514991e-04 2.452197e-01
352 7.381272e-06 3.142018e-02
353 1.183647e-06 3.528969e-03
354 9.571263e-04 4.293682e-02
355 3.239867e-05 3.529882e-02
356 1.568863e-05 1.882420e-02
357 1.042749e-03 2.257859e-01
358 2.709137e-06 1.624695e-02
359 2.045191e-06 4.111892e-03
360 2.801770e-07 3.775998e-02
361 1.884267e-04 1.945313e-02
362 1.389418e-06 5.608948e-02
363 1.976237e-03 4.059559e-01
364 6.923449e-04 2.631978e-01
365 3.832473e-06 3.490719e-02
366 5.186810e-05 4.905117e-02
367 2.709621e-06 5.144663e-03
368 3.286766e-03 2.428854e-01
369 9.794421e-07 6.389581e-03
370 3.703446e-06 1.280080e-02
371 1.580783e-05 7.733498e-02
372 1.563859e-03 7.869434e-02
373 4.521842e-06 4.919681e-03
374 1.102415e-09 4.621821e-03
375 4.129287e-08 2.765484e-03
376 1.998867e-05 3.695445e-03
377 5.203407e-04 4.555412e-01
378 1.185556e-07 5.543702e-03
379 2.544608e-04 1.150112e-01
380 5.433870e-03 4.990067e-01
381 1.794725e-05 2.437911e-02
382 8.264662e-07 4.635308e-03
383 1.112658e-04 1.180502e-01
384 1.133778e-04 2.961228e-02
385 2.282562e-04 1.870741e-02
386 1.012553e-06 2.977148e-03
387 2.960022e-06 1.539401e-02
388 5.961338e-04 2.183954e-01
389 5.214233e-06 1.964497e-02
390 2.873634e-04 5.108531e-02
391 4.801850e-05 3.243187e-02
392 8.299027e-04 2.892434e-01
393 3.042916e-07 3.749278e-03
394 3.458183e-03 4.890881e-01
395 9.497271e-04 1.733573e-02
396 3.641991e-07 1.447383e-02
397 9.086133e-05 6.941402e-02
398 1.256297e-08 5.555090e-03
399 1.218950e-04 6.432961e-02
400 2.403988e-05 2.539179e-02
401 2.558985e-08 2.967129e-03
402 1.174942e-05 1.015650e-02
403 9.181382e-05 1.478632e-01
404 1.508481e-05 1.624156e-02
405 4.201801e-07 9.412439e-03
406 9.407841e-03 3.252494e-01
407 1.640307e-05 7.840435e-02
408 4.739459e-05 3.001275e-02
409 5.049373e-06 3.787351e-02
410 6.397130e-05 7.224627e-03
411 1.952747e-06 5.100197e-03
412 1.722569e-03 5.452449e-02
413 6.781326e-05 1.631872e-02
414 1.956296e-04 1.791766e-02
415 5.957079e-10 2.579040e-03
416 1.209512e-04 1.026964e-01
417 8.848241e-06 7.807081e-03
418 5.922184e-03 2.187766e-01
419 1.669430e-03 1.574533e-01
420 4.227725e-05 1.055352e-01
421 4.835393e-07 7.542721e-03
422 7.231460e-06 3.104552e-02
423 4.591082e-05 1.887509e-02
424 8.150490e-06 1.959257e-02
425 7.230788e-03 2.842098e-01
426 1.847408e-05 8.584222e-03
427 5.181432e-05 7.471723e-02
428 9.981977e-04 9.872582e-02
429 4.772776e-07 1.572835e-02
430 2.337644e-04 9.157699e-03
431 4.793191e-09 2.443138e-03
432 2.293539e-04 8.243732e-03
433 4.432427e-08 2.830873e-03
434 7.280300e-06 3.889896e-03
435 7.671141e-03 2.155914e-01
436 4.946807e-07 3.386421e-03
437 4.822068e-03 2.002716e-01
438 6.156698e-08 4.795680e-03
439 4.371936e-07 4.437308e-03
440 5.049846e-06 8.322819e-03
441 7.069984e-05 1.460727e-02
442 1.609782e-07 4.752256e-03
443 3.033996e-06 5.123072e-03
444 1.075323e-04 1.767969e-02
445 1.387292e-03 1.159684e-01
446 4.817487e-06 3.461357e-02
447 2.562617e-06 4.016169e-03
448 5.938159e-04 3.768484e-02
449 1.328509e-07 6.231818e-03
450 8.180511e-06 2.177845e-02
451 5.375819e-09 2.606484e-03
452 6.307114e-03 2.863094e-01
453 2.693082e-07 1.055333e-02
454 3.977217e-05 3.622684e-02
455 1.075546e-05 1.249397e-02
456 9.119563e-05 2.016443e-02
457 1.184415e-04 1.960180e-01
458 6.380717e-05 1.090526e-01
459 2.395898e-05 1.965928e-02
460 6.947267e-04 6.812274e-02
461 1.504001e-07 4.425022e-03
462 5.020208e-07 7.744569e-03
463 8.288377e-04 1.719418e-01
464 2.145211e-06 1.290995e-02
465 2.111455e-06 8.897827e-03
466 2.626082e-07 3.753456e-03
467 4.138505e-08 1.493689e-02
468 1.323132e-11 2.943654e-03
469 9.702630e-04 5.579589e-02
470 9.105266e-04 9.995685e-02
471 2.059690e-05 5.996182e-03
472 4.065992e-05 4.511211e-03
473 7.439527e-04 9.093472e-02
474 1.083699e-04 5.667652e-02
475 8.168149e-07 6.268983e-03
476 6.297464e-06 9.833120e-03
477 2.845861e-03 2.063935e-01
478 2.183224e-06 3.468192e-03
479 7.641537e-05 3.705255e-03
480 8.904365e-06 8.702264e-03
481 4.187898e-04 2.385676e-02
482 5.422617e-05 2.345310e-02
483 1.670676e-08 2.808802e-03
484 1.031348e-06 3.780722e-03
485 1.358483e-05 4.079886e-03
486 2.846571e-06 2.525729e-02
487 3.170802e-05 1.535956e-02
488 6.706186e-07 2.695362e-03
489 7.893364e-03 5.471386e-01
490 2.099040e-05 7.060920e-02
491 1.169937e-03 8.280702e-02
492 5.790484e-04 7.099190e-02
493 2.897053e-06 3.430346e-03
494 2.365572e-03 3.468205e-01
495 6.357300e-03 4.304065e-01
496 4.704100e-07 2.609568e-03
497 4.617278e-05 3.095123e-02
498 7.372104e-08 7.095001e-03
499 1.239535e-06 4.506289e-03
500 2.964142e-07 4.237307e-03
501 2.728944e-03 1.441137e-01
502 1.187469e-06 1.440451e-02
503 3.041528e-06 9.489772e-03
504 1.812381e-04 4.572154e-01
505 1.164945e-04 9.227147e-03
506 4.505889e-07 1.494185e-02
507 1.825293e-07 5.695567e-03
508 6.702986e-09 3.907416e-03
509 5.095521e-04 4.045318e-02
510 7.284598e-07 1.262253e-02
511 9.881111e-04 1.805380e-01
512 2.250265e-06 4.221658e-03
513 1.323162e-07 3.622225e-03
514 2.391551e-08 3.985260e-03
515 2.210033e-04 3.160279e-02
516 3.602666e-07 6.114885e-03
517 1.034649e-08 2.725185e-03
518 2.056140e-07 6.515888e-03
519 3.312451e-06 9.449964e-03
520 4.744709e-06 8.426011e-03
521 1.293966e-07 7.354386e-03
522 1.010310e-04 1.348905e-02
523 2.490320e-05 3.651437e-02
524 3.223137e-07 3.395477e-03
525 2.307251e-06 4.906877e-03
526 8.819362e-08 5.855966e-03
527 4.728488e-09 3.308407e-03
528 3.499440e-04 4.837798e-02
529 1.217988e-02 4.841269e-01
530 5.094933e-05 2.449357e-02
531 1.061484e-07 2.604973e-03
532 5.674166e-07 5.954015e-03
533 8.489370e-05 1.455033e-02
534 1.089419e-07 6.601712e-02
535 7.712042e-05 3.866019e-02
536 2.479961e-04 1.919393e-01
537 6.603493e-03 2.180106e-01
538 2.484806e-03 3.422366e-01
539 6.659636e-06 8.209407e-03
540 5.094747e-06 1.831714e-02
541 7.127316e-03 1.372354e-01
542 1.297622e-03 1.553838e-01
543 4.280312e-06 7.566351e-03
544 1.099012e-04 2.711766e-02
545 1.089899e-06 1.105231e-02
546 3.117841e-07 1.289026e-02
547 3.376061e-03 3.216159e-01
548 2.403496e-03 3.551238e-01
549 8.229767e-05 5.294427e-02
550 1.300960e-05 1.772845e-02
551 1.491512e-05 1.051782e-02
552 9.849537e-07 5.658222e-03
553 1.067324e-06 3.952906e-03
554 8.913644e-08 6.227490e-03
555 4.438539e-05 2.035327e-02
556 9.097591e-05 1.908243e-02
557 1.634604e-03 1.292505e-01
558 3.286612e-04 2.041963e-02
559 5.189865e-04 9.956603e-02
560 6.752050e-06 3.937884e-03
561 3.750748e-05 1.637983e-02
562 2.596289e-10 2.855358e-03
563 1.101682e-02 3.444707e-01
564 2.865820e-05 4.697981e-02
565 1.945434e-05 1.292546e-02
566 5.875365e-05 6.021112e-03
567 3.073078e-03 1.607236e-01
568 5.456385e-06 6.028834e-02
569 1.202836e-05 2.904416e-02
570 3.375682e-06 1.123087e-02
571 3.682645e-03 3.296638e-01
572 2.775400e-06 7.848462e-03
573 4.765283e-04 1.214792e-01
574 4.549066e-06 1.819410e-02
575 7.099025e-06 4.204521e-03
576 6.326087e-04 3.088581e-02
577 1.947517e-06 3.228962e-02
578 1.084955e-03 1.563947e-01
579 5.968227e-05 7.482851e-03
580 2.335413e-03 5.530017e-01
581 1.240317e-02 2.673285e-01
582 5.553095e-06 2.605602e-02
583 3.339688e-04 8.241317e-02
584 3.373387e-05 3.062410e-02
585 2.916084e-08 5.966851e-03
586 7.134636e-04 7.543447e-02
587 5.820065e-06 1.315526e-02
588 3.437725e-04 3.617411e-01
589 3.397582e-03 2.570731e-01
590 2.742523e-04 1.924524e-01
591 2.135887e-05 9.123233e-03
592 2.936129e-04 2.479293e-02
593 2.060421e-05 1.370917e-02
594 9.505462e-05 2.128938e-02
595 6.104406e-05 1.430138e-01
596 5.683940e-05 1.537250e-02
597 1.988540e-04 1.439685e-02
598 1.018794e-06 1.204535e-02
599 1.521369e-06 1.327262e-02
600 2.230075e-05 1.839429e-02
601 1.192536e-06 5.425289e-03
