1 3.526910e-03 1.089352e-01
2 1.651593e-05 5.604278e-02
3 1.522495e-03 3.939630e-02
4 2.690638e-05 7.282304e-03
5 3.084370e-07 2.615969e-03
6 1.889475e-02 1.021047e+00
7 1.125231e-02 1.610300e+00
8 7.596239e-06 2.639765e-01
9 5.430317e-07 3.475403e-02
10 4.817911e-04 1.846789e-01
11 4.220654e-10 4.792344e-03
12 4.026412e-05 1.051860e-02
13 7.065788e-03 2.968964e-01
14 1.246008e-06 1.222825e-02
15 6.137376e-04 2.542902e-01
16 5.883271e-03 2.242771e-01
17 1.626214e-07 6.379895e-03
18 2.645945e-03 8.926689e-02
19 6.670213e-04 1.791126e-01
20 2.741413e-08 3.055801e-03
21 1.757670e-02 1.169782e+00
22 2.537065e-04 2.318686e-02
23 9.178313e-05 3.972269e-03
24 5.492654e-04 6.664201e-02
25 3.948882e-05 1.338206e-02
26 2.380170e-04 1.552984e-02
27 7.013384e-05 9.305495e-03
28 2.424666e-09 4.315870e-03
29 4.321440e-03 3.782682e-01
30 1.199867e-02 1.422919e+00
31 5.886029e-05 7.601112e-02
32 2.471065e-03 3.488322e-01
33 2.089879e-07 2.841825e-03
34 2.402074e-09 4.800454e-03
35 3.988259e-04 3.678716e-02
36 1.419821e-02 6.865723e-01
37 1.365089e-07 3.819210e-03
38 3.392203e-05 5.211951e-02
39 6.891976e-09 2.540046e-03
40 1.629908e-08 4.967052e-03
41 8.362741e-04 1.505427e-01
42 4.198801e-05 9.806032e-02
43 1.615826e-06 4.883956e-02
44 3.178383e-06 7.973687e-03
45 1.928743e-04 4.938050e-02
46 1.228985e-05 8.950277e-03
47 2.504340e-03 4.177466e-01
48 1.606122e-07 2.121697e-02
49 1.794049e-05 5.766133e-03
50 6.279459e-03 1.006508e+00
51 4.846856e-03 3.423279e-01
52 6.794995e-06 5.069692e-02
53 1.380363e-06 2.711977e-03
54 6.841730e-07 3.140127e-03
55 6.469163e-05 2.082166e-02
56 1.600633e-03 1.128573e-01
57 1.629431e-05 6.525052e-02
58 2.953022e-04 4.728063e-02
59 4.744958e-03 2.355012e-01
60 4.384778e-05 5.142615e-02
61 3.583929e-03 5.530139e-01
62 5.939639e-03 2.597056e-01
63 1.547180e-07 3.772082e-03
64 1.743475e-04 3.765607e-02
65 8.714475e-05 1.809595e-01
66 4.156672e-10 2.676710e-03
67 4.354211e-07 3.923352e-02
68 4.244680e-07 6.684451e-03
69 5.268520e-07 8.544441e-03
70 2.523840e-07 1.155873e-02
71 9.404053e-04 2.103832e-01
72 7.365280e-06 4.496082e-03
73 4.120586e-08 4.353528e-03
74 1.982819e-04 1.094722e-01
75 3.784628e-07 3.037677e-03
76 8.275153e-07 1.152629e-02
77 8.654215e-10 5.688692e-03
78 5.143720e-03 5.336002e-01
79 5.680729e-03 5.460401e-01
80 1.829522e-06 6.040437e-02
81 3.661943e-09 4.248570e-03
82 4.985372e-06 4.078463e-03
83 2.950364e-07 4.325398e-03
84 1.127388e-06 7.089774e-03
85 3.702223e-04 1.587774e-01
86 9.175449e-05 3.396019e-02
87 7.117759e-08 3.814450e-03
88 6.748179e-09 7.631731e-03
89 1.662897e-03 2.743864e-01
90 2.642199e-04 8.281328e-02
91 1.717507e-07 4.021847e-03
92 3.667748e-03 8.885012e-01
93 3.896781e-06 5.728523e-03
94 3.745286e-06 6.061257e-03
95 1.785047e-04 7.115147e-02
96 1.822658e-08 4.638024e-03
97 1.242936e-05 1.418896e-02
98 1.006230e-06 5.185066e-03
99 1.596673e-06 3.861412e-03
100 9.461509e-03 1.715930e+00
101 1.577068e-06 9.917120e-03
102 7.236823e-08 7.141797e-03
103 2.240821e-03 1.918556e-01
104 3.453732e-04 8.452354e-02
105 3.189259e-04 4.740835e-02
106 1.780803e-04 1.106886e-02
107 2.570146e-06 4.120449e-03
108 8.483993e-06 4.747144e-03
109 5.022508e-07 1.117507e-02
110 3.083395e-05 7.359728e-02
111 3.924876e-08 9.031549e-03
112 2.040780e-05 4.018150e-03
113 1.514467e-03 1.082866e-01
114 5.355816e-03 1.946505e-01
115 7.550466e-03 7.559266e-01
116 7.184752e-03 2.855788e-01
117 7.644246e-04 1.602851e-01
118 3.254011e-03 1.105303e+00
119 1.027141e-04 3.082733e-02
120 4.505954e-05 6.422596e-02
121 2.287698e-03 1.782040e-01
122 1.018645e-03 4.023618e-02
123 5.513809e-08 6.348095e-03
124 1.617408e-04 1.442887e-02
125 4.669811e-06 9.970401e-03
126 4.687155e-04 9.658046e-02
127 2.656700e-06 9.051190e-03
128 2.255494e-04 2.928599e-02
129 1.724198e-04 2.837578e-02
130 1.357931e-06 7.305739e-03
131 8.090772e-06 8.002574e-03
132 2.684716e-05 2.279526e-02
133 5.720327e-05 2.160598e-02
134 2.354652e-04 8.223060e-02
135 3.392439e-06 8.402447e-03
136 1.279286e-04 1.677260e-02
137 4.168119e-06 1.477194e-02
138 1.453181e-06 1.126121e-02
139 1.556529e-06 1.191657e-02
140 1.802520e-07 5.665510e-03
141 6.556601e-07 1.119281e-02
142 5.138149e-07 1.049233e-02
143 8.522636e-06 7.313937e-03
144 1.516692e-06 1.441797e-02
145 7.997764e-06 8.190561e-03
146 1.284242e-07 6.846161e-03
147 2.539557e-05 1.712701e-02
148 1.453983e-06 1.098655e-02
149 1.401118e-06 1.198669e-02
150 2.377530e-07 6.161555e-03
151 1.912560e-06 1.432921e-02
152 1.433362e-06 6.310715e-03
153 3.869684e-06 1.432464e-02
154 6.168964e-07 1.323058e-02
155 1.667921e-06 1.251492e-02
156 9.788331e-04 4.125002e-02
157 8.658116e-06 8.603126e-03
158 1.205545e-04 2.005263e-02
159 4.033889e-04 3.361606e-02
160 1.462768e-04 3.712134e-02
161 2.936845e-05 2.125187e-02
162 5.730402e-05 2.157423e-02
163 1.089925e-05 2.376374e-02
164 2.064323e-05 1.029512e-02
165 1.965851e-05 5.435152e-03
166 1.053227e-04 8.329935e-03
167 3.295914e-04 1.797924e-02
168 6.124396e-05 1.213109e-02
169 2.017214e-04 1.806844e-02
170 7.994215e-05 3.192491e-02
171 1.257981e-05 2.180179e-02
172 5.450228e-06 7.798615e-03
173 9.780174e-05 2.482509e-02
174 4.329920e-03 2.348482e-01
175 6.748244e-06 1.824111e-02
176 8.847375e-05 3.202020e-02
177 3.678554e-05 2.273232e-02
178 1.804577e-05 2.585079e-02
179 1.134212e-04 3.143045e-02
180 5.059650e-05 3.277640e-02
181 1.456443e-05 9.993425e-03
182 8.072368e-05 2.985404e-02
183 3.817490e-05 2.682042e-02
184 1.104601e-04 4.753438e-02
185 5.391368e-04 3.173414e-02
186 3.106815e-04 3.323508e-02
187 5.614176e-05 1.645365e-02
188 7.541893e-05 1.121920e-02
189 2.787886e-04 4.123207e-02
190 2.117008e-05 1.712357e-02
191 2.224423e-04 5.426292e-02
192 9.791726e-06 1.349489e-02
193 3.535635e-05 3.919250e-02
194 5.054141e-06 1.297854e-02
195 1.130787e-04 2.339160e-02
196 9.289888e-05 4.187057e-02
197 2.327050e-04 3.394590e-02
198 2.165294e-04 3.042734e-02
199 1.112438e-05 1.922597e-02
200 2.168254e-08 5.389302e-03
201 1.102146e-06 1.256497e-02
202 1.517651e-05 2.221867e-02
203 3.007539e-07 5.904559e-03
204 1.332561e-06 1.877572e-02
205 1.309166e-05 2.622307e-02
206 6.561072e-08 1.184884e-02
207 1.039440e-05 9.039243e-03
208 8.074883e-08 2.564433e-02
209 2.114032e-06 1.303955e-02
210 5.214527e-06 1.945767e-02
211 1.856714e-06 1.545828e-02
212 1.067290e-04 5.573967e-02
213 1.691407e-05 5.354384e-02
214 3.763802e-08 3.768108e-03
215 7.245300e-05 2.293236e-02
216 2.733615e-06 6.525138e-02
217 4.956302e-06 1.600902e-02
218 1.751461e-04 2.817760e-02
219 7.303685e-06 1.533755e-02
220 1.038515e-08 1.511413e-02
221 1.641966e-05 4.419414e-02
222 9.029914e-07 3.013738e-02
223 2.988739e-03 2.855294e-01
224 3.033961e-04 2.468550e-02
225 1.968641e-05 9.098883e-03
226 1.348218e-06 3.466922e-03
227 3.177927e-06 6.920695e-03
228 4.215983e-05 1.020838e-02
229 2.173652e-05 1.492530e-02
230 4.995717e-05 1.615863e-02
231 1.466422e-04 1.801856e-02
232 1.466422e-04 1.801856e-02
233 1.765595e-05 7.739837e-03
234 2.210205e-06 5.029978e-03
235 3.507209e-05 7.935952e-03
236 4.860094e-07 5.304839e-03
237 1.016401e-04 1.011148e-02
238 3.622741e-05 8.036401e-03
239 1.560009e-05 7.405702e-03
240 2.828252e-06 7.023293e-03
241 5.394744e-06 5.132993e-03
242 3.847951e-05 1.707510e-02
243 5.601858e-06 4.921569e-03
244 5.886031e-07 7.724507e-03
245 4.061396e-05 8.216705e-03
246 1.016401e-04 1.011148e-02
247 1.350084e-05 5.384676e-03
248 4.061396e-05 8.216705e-03
249 2.070007e-04 1.293443e-02
250 4.061396e-05 8.216705e-03
251 1.444477e-05 7.302872e-03
252 4.214960e-05 7.602312e-03
253 5.598724e-06 4.914207e-03
254 1.834827e-04 1.097807e-02
255 3.354152e-05 9.071782e-03
256 8.791892e-07 4.700027e-03
257 3.614935e-05 7.976769e-03
258 3.502649e-04 7.534226e-02
259 2.395764e-05 3.557806e-02
260 5.982190e-05 4.057613e-02
261 1.759779e-04 8.028370e-02
262 4.354606e-06 1.481990e-02
263 1.291772e-04 3.121045e-02
264 8.162150e-04 9.623032e-02
265 3.878346e-04 6.542616e-02
266 1.043252e-03 1.694041e-01
267 1.873817e-05 1.320469e-02
268 3.270902e-06 7.221269e-03
269 1.178894e-05 1.738464e-02
270 7.942692e-06 1.347035e-02
271 5.289640e-07 5.930514e-03
272 3.685074e-06 1.118286e-02
273 1.031432e-05 1.620817e-02
274 1.613887e-05 1.165667e-02
275 2.547019e-05 3.006340e-02
276 2.870221e-05 6.881673e-02
277 2.659635e-05 2.975806e-02
278 2.821953e-05 4.059612e-02
279 4.309074e-06 2.439658e-02
280 9.515112e-06 1.368160e-02
281 9.245890e-06 1.189576e-02
282 7.957617e-06 7.760952e-03
283 2.343473e-06 5.956434e-03
284 6.930126e-05 4.647111e-02
285 2.263905e-03 3.472649e-01
286 2.327029e-03 2.705189e-01
287 3.540372e-04 7.664569e-02
288 8.273811e-06 1.174254e-02
289 1.554243e-04 6.140113e-02
290 4.546895e-04 1.716264e-01
291 1.866143e-04 7.862390e-02
292 5.962072e-05 3.697686e-02
293 2.640006e-03 7.583150e-01
294 8.721733e-06 1.353830e-02
295 4.863707e-04 4.900428e-01
296 3.516478e-04 2.250536e-01
297 1.882056e-03 9.132680e-01
298 3.594331e-03 3.291981e-01
299 6.852108e-03 2.485341e-01
300 1.828274e-07 1.636699e-02
301 8.630306e-04 9.240600e-02
302 4.297401e-05 4.441138e-02
303 1.024690e-04 1.729499e-02
304 5.104849e-05 3.516140e-02
305 5.400620e-04 3.842455e-02
306 1.494225e-06 4.061157e-03
307 2.851046e-05 7.558107e-03
308 3.566571e-05 3.643470e-02
309 7.373004e-04 1.250153e-01
310 3.748388e-07 7.457328e-03
311 2.743331e-05 1.312928e-02
312 5.870254e-04 2.576910e-02
313 5.015184e-06 6.028390e-03
314 2.542302e-05 8.171571e-03
315 5.966032e-08 7.107682e-03
316 2.721167e-04 1.327775e-01
317 2.189942e-08 4.954994e-03
318 6.787382e-07 5.476688e-03
319 6.098230e-04 6.943126e-02
320 6.014588e-08 4.106144e-03
321 1.280231e-07 1.290751e-02
322 6.532305e-04 5.557388e-02
323 6.292966e-04 4.418598e-01
324 5.337818e-06 5.289734e-03
325 1.671618e-06 9.754927e-03
326 3.426819e-05 1.996442e-02
327 4.811211e-06 4.769926e-02
328 2.458673e-04 8.945464e-02
329 4.141470e-03 1.837333e-01
330 6.479621e-03 1.465340e-01
331 6.290943e-04 1.935943e-01
332 8.124145e-03 6.431264e-01
333 6.418802e-04 2.987444e-01
334 3.019019e-05 8.772172e-02
335 1.336068e-05 1.941996e-02
336 1.134213e-02 6.774588e-01
337 1.255363e-03 2.039383e-01
338 7.766157e-06 1.631274e-02
339 1.766509e-04 3.978042e-02
340 4.281290e-08 5.484824e-03
341 1.977972e-08 4.299214e-03
342 3.013869e-07 8.887101e-03
343 2.320894e-06 1.518408e-02
344 2.610232e-05 1.027329e-02
345 5.238189e-08 3.220620e-03
346 1.176135e-05 6.636543e-03
347 1.403480e-05 9.836311e-03
348 4.272865e-07 8.766569e-03
349 1.623136e-05 1.306677e-02
350 7.862671e-07 4.550519e-03
351 2.335155e-05 6.126790e-03
352 1.775114e-08 3.026278e-03
353 3.419177e-07 4.957746e-03
354 3.150579e-07 3.878503e-03
355 2.144767e-05 4.548451e-02
356 4.383902e-08 2.709014e-03
357 2.449192e-05 6.668152e-03
358 2.339673e-04 6.762914e-02
359 1.866499e-06 5.689608e-03
360 7.640873e-07 5.581872e-03
361 2.167464e-06 6.587783e-03
362 2.925148e-06 1.584186e-02
363 3.197429e-06 3.760538e-03
364 1.775114e-08 3.026278e-03
365 1.525734e-05 1.542534e-02
366 7.306711e-05 2.565582e-02
367 1.432574e-05 1.214772e-02
368 1.623136e-05 1.306677e-02
369 1.719093e-05 2.670153e-02
370 5.299362e-05 9.373475e-03
371 1.892588e-05 7.208965e-03
372 1.162893e-02 7.173007e-01
373 5.785630e-04 5.070586e-02
374 2.944809e-03 5.709177e-01
375 1.635173e-04 3.966963e-02
376 2.296625e-03 3.469961e-01
377 2.316679e-05 5.618195e-02
378 9.722384e-04 1.378972e-01
379 1.152591e-07 3.498006e-03
380 4.777770e-06 1.080990e-02
381 1.428943e-06 8.670135e-03
382 3.889471e-03 1.619659e-01
383 1.245954e-04 1.229115e-02
384 4.642492e-05 7.701257e-03
385 4.471248e-06 1.716777e-02
386 1.681452e-04 1.257576e-01
387 6.250266e-05 1.317993e-02
388 4.669409e-04 1.955912e-01
389 1.371791e-03 4.309751e-01
390 7.699163e-05 4.001315e-02
391 3.258372e-04 8.292637e-02
392 1.395607e-02 4.580664e-01
393 7.580954e-03 5.568477e-01
394 1.729398e-05 4.053630e-02
395 4.286088e-05 4.906230e-02
396 6.846163e-06 1.296803e-02
397 3.113416e-05 7.639617e-03
398 1.456260e-04 1.283857e-01
399 6.037144e-06 1.278433e-02
400 1.060944e-04 2.832733e-02
401 1.289429e-05 9.072000e-03
402 3.423823e-05 1.072823e-02
403 2.326518e-06 1.098791e-02
404 2.097277e-06 8.858983e-03
405 2.168702e-04 2.802068e-02
406 3.864335e-05 4.035553e-02
407 1.289429e-05 9.072000e-03
408 6.538865e-04 5.378401e-02
409 1.706018e-02 7.166903e-01
410 4.582049e-06 6.833035e-03
411 3.408412e-05 1.113544e-02
412 3.559006e-05 1.555537e-02
413 4.203762e-05 1.011111e-02
414 7.946564e-05 1.435187e-02
415 2.423254e-04 2.839123e-02
416 5.019510e-06 6.935457e-03
417 2.064375e-06 6.488778e-03
418 1.529739e-03 8.126481e-02
419 1.580861e-03 1.190161e-01
420 1.623306e-04 6.907890e-03
421 9.935646e-05 1.390265e-02
422 5.091367e-04 1.969415e-02
423 4.981796e-06 6.022347e-03
424 1.308600e-03 2.853040e-02
425 1.515283e-03 4.364759e-02
426 4.812095e-04 2.309842e-02
427 1.308600e-03 2.853040e-02
428 9.216082e-05 9.010607e-03
429 2.311848e-06 7.688945e-03
430 4.998850e-04 1.930861e-02
431 3.990141e-05 9.790807e-03
432 4.981796e-06 6.022347e-03
433 1.515283e-03 4.364759e-02
434 2.066136e-04 1.279671e-02
435 5.638168e-06 5.750356e-03
436 1.794947e-03 7.589542e-02
437 1.008555e-04 1.048284e-02
438 3.617390e-05 8.443434e-03
439 9.767533e-03 1.555290e-01
440 4.915036e-04 1.383228e-02
441 2.962478e-03 5.568530e-02
442 4.776244e-03 8.889441e-01
443 2.075971e-03 5.528246e-01
444 3.952225e-03 7.644466e-01
445 1.004842e-04 2.690392e-01
446 5.160899e-08 2.677180e-03
447 5.612187e-08 4.181461e-03
448 1.170052e-07 4.036024e-03
449 7.286465e-08 4.520699e-03
450 2.382212e-08 3.048596e-03
451 2.802121e-05 1.105768e-02
452 1.876175e-03 1.289726e-01
453 2.316373e-07 4.227681e-03
454 2.203995e-06 1.196289e-02
455 1.366290e-07 6.459904e-03
456 4.587371e-08 3.615911e-03
457 6.606568e-08 2.949217e-03
458 1.200491e-07 4.181802e-03
459 2.410647e-03 4.817520e-01
460 5.807816e-05 7.090715e-02
461 3.300430e-05 3.589032e-02
462 1.306077e-05 1.451659e-02
463 7.495084e-07 4.485361e-03
464 2.829628e-07 4.276068e-03
465 1.114579e-06 7.655200e-03
466 3.259840e-07 4.315462e-03
467 1.590964e-05 8.444351e-03
468 4.783982e-06 6.136148e-03
469 4.904494e-06 5.374617e-03
470 2.134787e-06 3.314188e-03
471 3.276111e-07 4.484483e-03
472 2.789791e-07 3.592672e-03
473 1.110340e-07 4.013908e-03
474 4.503126e-08 3.581825e-03
475 2.179193e-04 2.843843e-02
476 5.114054e-05 1.620646e-02
477 2.364819e-05 1.039027e-02
478 2.043519e-03 1.144555e-01
479 3.308763e-06 8.997771e-03
480 5.549304e-05 2.436872e-02
481 5.752240e-06 3.435512e-02
482 2.375058e-06 2.345177e-02
483 2.214434e-06 1.662142e-02
484 2.259467e-08 4.134319e-03
485 1.499626e-06 6.529700e-03
486 5.256453e-06 1.753136e-02
487 1.055375e-05 1.166646e-02
488 7.089080e-07 7.344146e-03
489 4.991597e-04 5.552029e-01
490 7.165521e-07 9.427047e-03
491 1.647787e-06 9.438537e-03
492 6.839546e-06 6.000035e-03
493 8.755133e-06 9.598819e-03
494 3.457813e-06 4.922267e-03
495 9.584646e-05 7.771396e-03
496 4.489935e-08 4.194703e-03
497 4.269900e-05 9.951801e-03
498 6.500872e-07 4.599910e-03
499 1.630740e-06 6.019804e-03
500 2.515975e-07 4.494880e-03
501 3.035199e-03 4.116117e-01
502 7.037247e-07 8.854955e-03
503 4.258213e-06 1.718709e-02
504 4.412055e-06 2.054702e-02
505 3.187227e-07 9.412934e-03
506 1.990700e-03 1.218833e-01
507 2.172227e-05 8.746828e-03
508 2.978498e-07 4.490208e-03
509 5.953434e-06 4.623118e-02
510 1.256991e-07 4.447774e-03
511 4.162289e-04 6.457306e-02
512 2.581540e-05 2.433660e-02
513 3.844567e-04 8.522642e-02
514 1.520303e-03 3.949731e-01
515 8.330849e-05 4.058619e-02
516 2.916813e-05 2.919124e-02
517 1.876615e-04 5.812945e-02
518 6.587706e-05 3.065006e-02
519 2.448145e-05 1.669822e-02
520 5.210051e-06 2.420049e-02
521 3.050085e-05 2.530056e-02
522 1.447063e-05 2.483791e-02
523 2.621519e-05 1.871391e-02
524 3.232918e-05 2.562303e-02
525 7.227317e-05 2.746116e-02
526 7.465585e-05 2.802977e-02
527 1.017769e-04 5.032134e-02
528 8.291546e-05 2.842003e-02
529 1.714185e-04 3.221733e-02
530 1.543025e-04 5.281857e-02
531 5.439997e-04 6.163928e-02
532 3.976042e-05 3.298444e-02
533 8.962596e-05 4.765754e-02
534 9.822358e-05 4.877104e-02
535 3.309170e-05 2.584259e-02
536 2.287816e-04 4.280004e-02
537 5.543020e-04 9.588251e-02
538 1.942361e-04 7.164452e-02
539 6.686673e-05 2.588681e-02
540 4.976989e-04 5.770839e-02
541 2.137421e-04 5.851765e-02
542 1.504642e-04 2.165889e-02
543 1.813521e-04 5.458170e-02
544 6.638832e-05 2.667417e-02
545 2.183694e-05 1.300459e-02
546 3.113168e-05 2.749073e-02
547 4.746050e-06 7.972272e-03
548 5.685970e-05 1.818619e-02
549 4.421466e-08 3.520002e-03
550 3.597088e-04 4.615188e-02
551 9.781340e-06 1.386693e-02
552 6.679845e-05 2.431674e-02
553 2.079027e-04 2.116303e-02
554 6.614847e-05 1.691026e-02
555 1.725857e-04 4.470021e-02
556 7.170941e-06 4.991311e-03
557 6.812361e-07 6.742723e-03
558 4.017183e-06 1.278830e-02
559 2.525439e-05 8.836641e-03
560 1.006885e-05 1.042931e-02
561 1.192745e-04 2.087188e-02
562 8.739661e-06 8.449067e-03
563 1.696436e-04 6.413435e-02
564 1.579933e-06 5.358278e-03
565 8.497014e-05 2.309002e-02
566 8.766599e-05 4.584803e-02
567 4.422269e-06 7.407868e-03
568 7.138851e-05 1.091112e-02
569 6.944583e-05 7.440292e-03
570 2.585854e-05 9.852460e-03
571 3.770602e-06 9.478014e-03
572 6.469369e-05 1.348699e-02
573 2.098913e-06 1.170092e-02
574 1.796828e-06 6.319332e-03
575 2.654095e-05 1.118156e-02
576 4.187339e-06 8.487062e-03
577 7.064175e-05 2.409391e-02
578 3.117624e-04 4.780599e-02
579 1.684320e-03 6.153558e-02
580 2.539986e-05 1.092319e-02
581 3.728411e-04 7.836324e-02
582 1.073188e-03 4.236720e-02
583 1.075019e-03 3.759460e-02
584 3.980245e-04 3.101896e-02
585 1.181630e-03 1.097360e-01
586 1.374780e-04 1.884459e-02
587 4.651925e-04 3.337470e-02
588 7.233385e-05 1.333989e-02
589 2.440100e-05 4.962530e-03
590 3.839458e-05 7.149023e-02
591 3.705896e-04 2.770768e-02
592 1.494253e-03 6.875095e-02
593 3.936947e-04 1.176594e-01
594 4.733619e-06 7.863787e-03
595 9.217400e-05 3.381274e-02
596 2.118203e-03 1.385318e-01
597 2.426214e-07 4.280933e-03
598 2.304479e-07 3.091133e-03
599 2.169523e-07 3.051210e-03
600 6.955264e-07 6.809475e-03
