1 1.229306e-04 1.730463e-02
2 4.243359e-04 2.533079e-02
3 3.235876e-04 7.964957e-03
4 3.386775e-05 2.965589e-03
5 1.842512e-06 2.564225e-03
6 5.969695e-03 1.828849e-01
7 1.081734e-02 1.713412e-01
8 3.789050e-03 5.297126e-02
9 2.144790e-03 1.796493e-02
10 3.719604e-03 5.429084e-02
11 4.337056e-05 4.368215e-03
12 8.915842e-05 4.050539e-03
13 5.557899e-04 4.494983e-02
14 8.571907e-05 4.561288e-03
15 9.218376e-04 9.768185e-03
16 1.916387e-04 2.793178e-02
17 7.647299e-05 4.868495e-03
18 3.005381e-05 6.348644e-03
19 1.420812e-03 1.915940e-02
20 1.163702e-05 2.877725e-03
21 8.032177e-03 1.016916e-01
22 7.714022e-05 5.154611e-03
23 5.213295e-06 2.790410e-03
24 3.765272e-04 1.238842e-02
25 3.627365e-05 4.209314e-03
26 2.284155e-04 1.023598e-02
27 9.599324e-05 4.135751e-03
28 1.411818e-05 3.960713e-03
29 1.343400e-03 3.103884e-02
30 9.711102e-03 2.252256e-01
31 9.684384e-04 2.049791e-02
32 4.567287e-04 1.804582e-02
33 3.542984e-06 2.676632e-03
34 1.427414e-05 4.704472e-03
35 1.089504e-04 1.770263e-02
36 6.291528e-03 1.196701e-01
37 3.134807e-05 3.264738e-03
38 1.254421e-03 4.372900e-02
39 4.750593e-06 2.410661e-03
40 4.267569e-05 4.011775e-03
41 1.671937e-03 7.011310e-02
42 1.339501e-03 7.543060e-02
43 5.737570e-05 2.108404e-02
44 3.485784e-05 3.784326e-03
45 2.207902e-04 1.175897e-02
46 7.903192e-05 2.914875e-03
47 1.551963e-04 4.311976e-02
48 5.947053e-05 2.087031e-02
49 1.202327e-05 5.177018e-03
50 2.840068e-03 7.071559e-02
51 5.782080e-04 2.814697e-02
52 9.011665e-05 3.510054e-03
53 1.025739e-05 2.421906e-03
54 3.147090e-05 2.761954e-03
55 3.256128e-05 3.361117e-03
56 2.711792e-04 1.534775e-02
57 2.058395e-03 1.517539e-02
58 8.073331e-04 1.476183e-02
59 2.057728e-03 1.234190e-02
60 7.080851e-04 1.442994e-02
61 4.454789e-03 1.018743e-01
62 2.741423e-03 1.894005e-02
63 4.743132e-06 3.702990e-03
64 5.557597e-04 2.036540e-02
65 1.092926e-02 7.629693e-02
66 4.903483e-06 2.619040e-03
67 8.307379e-04 1.913446e-02
68 3.426995e-05 5.938771e-03
69 8.812007e-05 2.975199e-03
70 2.210266e-05 1.107210e-02
71 7.835590e-04 1.482096e-02
72 1.548885e-05 4.156124e-03
73 1.024483e-05 4.164913e-03
74 4.015460e-03 4.413464e-02
75 5.218043e-06 2.952274e-03
76 3.364973e-05 4.242656e-03
77 1.470495e-05 5.560994e-03
78 2.959413e-04 6.191503e-02
79 2.141611e-03 3.765536e-02
80 7.563592e-04 5.682590e-02
81 1.382067e-05 4.184109e-03
82 1.364301e-05 3.734261e-03
83 2.562568e-05 3.667555e-03
84 2.860261e-05 6.512362e-03
85 1.135952e-03 5.497194e-02
86 5.717641e-05 2.653579e-02
87 5.469174e-06 3.748029e-03
88 1.502692e-05 7.424192e-03
89 1.956484e-03 3.097573e-02
90 8.249417e-04 1.075795e-02
91 5.074543e-06 3.951615e-03
92 5.222524e-03 9.546200e-02
93 3.601685e-05 3.736083e-03
94 1.024447e-04 5.336034e-03
95 3.694621e-05 7.411759e-03
96 1.633409e-06 4.429622e-03
97 3.287972e-04 9.655371e-03
98 4.395051e-05 4.520836e-03
99 3.524481e-05 3.454946e-03
100 2.656823e-02 3.913120e-01
101 9.849353e-05 6.423565e-03
102 9.140261e-05 6.029342e-03
103 1.333699e-03 3.483926e-02
104 4.373521e-04 3.079631e-02
105 1.576494e-04 2.745499e-02
106 9.639392e-05 3.613616e-03
107 3.160988e-05 3.321409e-03
108 3.160988e-05 3.321409e-03
109 2.059709e-04 7.575397e-03
110 2.789049e-03 4.723508e-02
111 4.127647e-05 8.532418e-03
112 1.365344e-05 2.610685e-03
113 6.852159e-04 7.861449e-03
114 6.261026e-04 1.235149e-02
115 8.474453e-03 9.186830e-02
116 2.937214e-03 5.065938e-02
117 1.245904e-03 2.364510e-02
118 1.239163e-02 4.189315e-02
119 1.049384e-04 6.634550e-03
120 1.994161e-03 2.006488e-02
121 8.090583e-04 1.326121e-02
122 7.147913e-04 1.347241e-02
123 9.140261e-05 6.029342e-03
124 2.165259e-04 5.507806e-03
125 2.261279e-04 8.211327e-03
126 2.491160e-04 1.035813e-02
127 3.491602e-05 4.297388e-03
128 6.144048e-04 8.339387e-03
129 6.077655e-04 8.594627e-03
130 7.969100e-05 6.718845e-03
131 7.969100e-05 6.718845e-03
132 6.261026e-04 1.235149e-02
133 2.210793e-04 7.479989e-03
134 2.491160e-04 1.035813e-02
135 7.969100e-05 6.718845e-03
136 2.256870e-04 1.019591e-02
137 2.256870e-04 1.019591e-02
138 9.037707e-05 1.006060e-02
139 9.037707e-05 1.006060e-02
140 3.294729e-05 5.331035e-03
141 9.037707e-05 1.006060e-02
142 9.037707e-05 1.006060e-02
143 8.670845e-05 5.377989e-03
144 2.256870e-04 1.019591e-02
145 7.969100e-05 6.718845e-03
146 9.140261e-05 6.029342e-03
147 2.507247e-04 1.197611e-02
148 9.037707e-05 1.006060e-02
149 2.256870e-04 1.019591e-02
150 8.227503e-05 5.380363e-03
151 2.507247e-04 1.197611e-02
152 3.294729e-05 5.331035e-03
153 2.256870e-04 1.019591e-02
154 2.256870e-04 1.019591e-02
155 9.037707e-05 1.006060e-02
156 6.261026e-04 1.235149e-02
157 8.853191e-05 7.347441e-03
158 6.261026e-04 1.235149e-02
159 6.261026e-04 1.235149e-02
160 2.249106e-04 6.347738e-03
161 6.727799e-04 1.477016e-02
162 6.043520e-04 9.473494e-03
163 6.505908e-04 1.955485e-02
164 2.178467e-04 7.655838e-03
165 7.941682e-05 4.454370e-03
166 8.136006e-05 4.841389e-03
167 8.454964e-05 7.311463e-03
168 2.398366e-04 9.014170e-03
169 1.146591e-04 1.110256e-02
170 6.760961e-04 2.602702e-02
171 2.525042e-04 1.729227e-02
172 3.259334e-05 6.861734e-03
173 2.525042e-04 1.729227e-02
174 1.983832e-03 2.927879e-02
175 3.897960e-05 1.589081e-02
176 2.525042e-04 1.729227e-02
177 2.525042e-04 1.729227e-02
178 2.394468e-04 9.327203e-03
179 2.525042e-04 1.729227e-02
180 2.525042e-04 1.729227e-02
181 8.454964e-05 7.311463e-03
182 2.525042e-04 1.729227e-02
183 2.525042e-04 1.729227e-02
184 6.760961e-04 2.602702e-02
185 2.525042e-04 1.729227e-02
186 3.897960e-05 1.589081e-02
187 1.060826e-04 9.803040e-03
188 8.454964e-05 7.311463e-03
189 7.004990e-04 1.939910e-02
190 2.535215e-04 8.930142e-03
191 6.239485e-04 8.224333e-03
192 6.239485e-04 8.224333e-03
193 1.902723e-03 1.130078e-02
194 6.239485e-04 8.224333e-03
195 2.405281e-04 5.874829e-03
196 6.239485e-04 8.224333e-03
197 6.239485e-04 8.224333e-03
198 2.405281e-04 5.874829e-03
199 5.920929e-04 8.980138e-03
200 2.157809e-04 4.080506e-03
201 6.274669e-04 8.743542e-03
202 1.740723e-03 1.397896e-02
203 2.157809e-04 4.080506e-03
204 6.858618e-04 7.456685e-03
205 2.249106e-04 6.347738e-03
206 5.919044e-04 7.460252e-03
207 7.778111e-05 3.431521e-03
208 1.711541e-03 1.799715e-02
209 6.239485e-04 8.224333e-03
210 2.249106e-04 6.347738e-03
211 5.919044e-04 7.460252e-03
212 6.239485e-04 8.224333e-03
213 1.805005e-03 1.037870e-02
214 7.778111e-05 3.431521e-03
215 6.597880e-04 1.155227e-02
216 5.219321e-03 2.643609e-02
217 7.252575e-04 1.074053e-02
218 2.332903e-04 6.079064e-03
219 7.252575e-04 1.074053e-02
220 6.169477e-04 1.284950e-02
221 2.012015e-03 1.480543e-02
222 1.775310e-03 1.595257e-02
223 1.973782e-03 1.189555e-02
224 2.889669e-05 2.832721e-03
225 8.237342e-05 5.613546e-03
226 1.157177e-05 2.815396e-03
227 3.298669e-05 5.564160e-03
228 8.237342e-05 5.613546e-03
229 2.429822e-04 1.001611e-02
230 2.429822e-04 1.001611e-02
231 2.429822e-04 1.001611e-02
232 2.429822e-04 1.001611e-02
233 8.237342e-05 5.613546e-03
234 3.076432e-05 4.502074e-03
235 8.237342e-05 5.613546e-03
236 1.271616e-05 5.079993e-03
237 8.237342e-05 5.613546e-03
238 8.237342e-05 5.613546e-03
239 8.237342e-05 5.613546e-03
240 8.237342e-05 5.613546e-03
241 3.076432e-05 4.502074e-03
242 2.460050e-04 1.222151e-02
243 3.076432e-05 4.502074e-03
244 8.237342e-05 5.613546e-03
245 8.237342e-05 5.613546e-03
246 8.237342e-05 5.613546e-03
247 3.076432e-05 4.502074e-03
248 8.237342e-05 5.613546e-03
249 8.237342e-05 5.613546e-03
250 8.237342e-05 5.613546e-03
251 8.237342e-05 5.613546e-03
252 8.237342e-05 5.613546e-03
253 3.076432e-05 4.502074e-03
254 9.074749e-05 6.737527e-03
255 9.074749e-05 6.737527e-03
256 1.231967e-05 4.483629e-03
257 8.237342e-05 5.613546e-03
258 7.650363e-04 2.756398e-02
259 2.963054e-04 2.061481e-02
260 2.963054e-04 2.061481e-02
261 7.347751e-04 2.645018e-02
262 1.066919e-04 9.345255e-03
263 2.814403e-04 1.424056e-02
264 2.747183e-04 1.365828e-02
265 1.042562e-04 1.708105e-02
266 8.405106e-04 3.798575e-02
267 3.229840e-05 6.124993e-03
268 1.164239e-05 5.878237e-03
269 1.064564e-04 7.563449e-03
270 9.921622e-05 8.423998e-03
271 1.303783e-05 5.109788e-03
272 3.845852e-05 8.530140e-03
273 9.921622e-05 8.423998e-03
274 3.769997e-05 9.241070e-03
275 9.575988e-05 1.351137e-02
276 3.014655e-04 4.145701e-02
277 1.009441e-04 1.540289e-02
278 2.963054e-04 2.061481e-02
279 1.009441e-04 1.540289e-02
280 3.490961e-05 7.240739e-03
281 3.490961e-05 7.240739e-03
282 1.164239e-05 5.878237e-03
283 1.303783e-05 5.109788e-03
284 2.963054e-04 2.061481e-02
285 7.681715e-04 3.940369e-02
286 8.567917e-04 5.167516e-02
287 2.963054e-04 2.061481e-02
288 3.576381e-05 7.665996e-03
289 7.164184e-04 1.925391e-02
290 8.567917e-04 5.167516e-02
291 2.868920e-04 1.882438e-02
292 2.868920e-04 1.882438e-02
293 1.574382e-02 1.981557e-01
294 3.769997e-05 9.241070e-03
295 8.910632e-03 6.515731e-02
296 2.726226e-03 3.647816e-02
297 4.095113e-03 4.042257e-02
298 1.651395e-03 2.593382e-02
299 5.262883e-04 8.294584e-03
300 6.392158e-04 8.703599e-03
301 6.808814e-04 1.822591e-02
302 6.239485e-04 8.224333e-03
303 2.122310e-04 6.432545e-03
304 6.022179e-04 9.494187e-03
305 6.239485e-04 8.224333e-03
306 2.645661e-05 3.208158e-03
307 7.257261e-05 5.067330e-03
308 6.169477e-04 1.284950e-02
309 5.821667e-04 1.308213e-02
310 9.006613e-05 6.212894e-03
311 2.249106e-04 6.347738e-03
312 2.498621e-04 7.850246e-03
313 7.778111e-05 3.431521e-03
314 7.257261e-05 5.067330e-03
315 2.133598e-04 5.680034e-03
316 1.758682e-03 3.416756e-02
317 7.941682e-05 4.454370e-03
318 7.941682e-05 4.454370e-03
319 1.863398e-03 2.125264e-02
320 7.778111e-05 3.431521e-03
321 2.098498e-04 1.107782e-02
322 2.563669e-04 1.736284e-02
323 7.893688e-03 9.702830e-02
324 2.121090e-04 3.366415e-03
325 8.574700e-05 8.159675e-03
326 2.318075e-05 1.779713e-02
327 1.936081e-04 4.613351e-02
328 1.936081e-04 4.613351e-02
329 1.857491e-04 2.539837e-02
330 5.897218e-04 3.939530e-02
331 4.607255e-03 1.029759e-01
332 3.983668e-03 1.079171e-01
333 3.983668e-03 1.079171e-01
334 5.824151e-04 6.198589e-02
335 1.915700e-04 1.255729e-02
336 4.111877e-03 1.455381e-01
337 5.780902e-04 4.013454e-02
338 6.907299e-05 1.494373e-02
339 2.122310e-04 6.432545e-03
340 7.926273e-05 4.167149e-03
341 2.857131e-05 3.894259e-03
342 7.926273e-05 4.167149e-03
343 2.211312e-04 5.118608e-03
344 2.376687e-04 5.838568e-03
345 2.741153e-05 2.677405e-03
346 8.219328e-05 3.255434e-03
347 2.254628e-04 5.197013e-03
348 2.376687e-04 5.838568e-03
349 2.122310e-04 6.432545e-03
350 8.410185e-05 3.545855e-03
351 8.058853e-05 2.908830e-03
352 2.741153e-05 2.677405e-03
353 7.339612e-05 3.460850e-03
354 2.645661e-05 3.208158e-03
355 2.068768e-04 1.198356e-02
356 9.880853e-06 2.583031e-03
357 2.857131e-05 3.894259e-03
358 2.180766e-04 1.379238e-02
359 7.926273e-05 4.167149e-03
360 7.926273e-05 4.167149e-03
361 7.926273e-05 4.167149e-03
362 7.413929e-04 7.448370e-03
363 2.741153e-05 2.677405e-03
364 2.741153e-05 2.677405e-03
365 8.144589e-05 8.639585e-03
366 2.259478e-04 9.417490e-03
367 8.144589e-05 8.639585e-03
368 2.122310e-04 6.432545e-03
369 2.259478e-04 9.417490e-03
370 9.319303e-05 6.315270e-03
371 9.478200e-05 4.590450e-03
372 3.235296e-03 7.609075e-02
373 4.480535e-04 3.283256e-02
374 3.597267e-03 1.074150e-01
375 4.243367e-04 3.096039e-02
376 3.302744e-03 5.557869e-02
377 4.815617e-04 3.767583e-02
378 7.052782e-04 1.984045e-02
379 1.114698e-05 3.277345e-03
380 8.987029e-05 9.523012e-03
381 8.183619e-05 3.590075e-03
382 8.181369e-05 5.184106e-03
383 8.058853e-05 2.908830e-03
384 3.055527e-05 3.700889e-03
385 7.765805e-05 3.876495e-03
386 5.616848e-04 8.177242e-03
387 7.647409e-05 3.006449e-03
388 2.369158e-04 9.386031e-03
389 6.850618e-04 2.272379e-02
390 2.895390e-04 6.675341e-03
391 2.846710e-04 6.475166e-03
392 6.508343e-03 1.275687e-01
393 2.018540e-03 6.153397e-02
394 2.422700e-04 1.551255e-02
395 7.264447e-04 2.754512e-02
396 2.179984e-04 6.108780e-03
397 8.403699e-05 5.072731e-03
398 6.633929e-04 1.593870e-02
399 2.430000e-04 9.133917e-03
400 6.665684e-04 1.633863e-02
401 2.179984e-04 6.108780e-03
402 2.179984e-04 6.108780e-03
403 2.305202e-04 7.564346e-03
404 2.179984e-04 6.108780e-03
405 5.979872e-04 1.040631e-02
406 5.979872e-04 1.040631e-02
407 2.179984e-04 6.108780e-03
408 5.979872e-04 1.040631e-02
409 1.388259e-02 1.295580e-01
410 7.858044e-05 5.358243e-03
411 2.179984e-04 6.108780e-03
412 2.430000e-04 9.133917e-03
413 8.403699e-05 5.072731e-03
414 2.179984e-04 6.108780e-03
415 6.303606e-04 1.212974e-02
416 7.858044e-05 5.358243e-03
417 7.858044e-05 5.358243e-03
418 5.616848e-04 8.177242e-03
419 1.624158e-03 2.007038e-02
420 7.647409e-05 3.006449e-03
421 7.446868e-05 4.852852e-03
422 2.179984e-04 6.108780e-03
423 7.858044e-05 5.358243e-03
424 2.179984e-04 6.108780e-03
425 6.303606e-04 1.212974e-02
426 2.179984e-04 6.108780e-03
427 2.179984e-04 6.108780e-03
428 2.179984e-04 6.108780e-03
429 2.179984e-04 6.108780e-03
430 2.179984e-04 6.108780e-03
431 2.305202e-04 7.564346e-03
432 7.858044e-05 5.358243e-03
433 6.303606e-04 1.212974e-02
434 2.179984e-04 6.108780e-03
435 8.403699e-05 5.072731e-03
436 6.303606e-04 1.212974e-02
437 2.211312e-04 5.118608e-03
438 2.179984e-04 6.108780e-03
439 6.303606e-04 1.212974e-02
440 2.179984e-04 6.108780e-03
441 2.179984e-04 6.108780e-03
442 6.711374e-03 1.208822e-01
443 3.910138e-03 9.530295e-02
444 4.495001e-03 1.343333e-01
445 1.017223e-03 4.676393e-02
446 4.169881e-06 2.570800e-03
447 3.010979e-05 3.876945e-03
448 1.205756e-05 3.858893e-03
449 3.010979e-05 3.876945e-03
450 4.409399e-06 2.991686e-03
451 2.248396e-04 5.916922e-03
452 7.990881e-04 3.381875e-02
453 2.861782e-05 3.784054e-03
454 2.371004e-04 8.808220e-03
455 3.307485e-05 6.022396e-03
456 1.143832e-05 3.319008e-03
457 9.828973e-06 2.728187e-03
458 3.010979e-05 3.876945e-03
459 8.600277e-04 4.842823e-02
460 8.248055e-04 5.079164e-02
461 6.503854e-04 1.630273e-02
462 1.004014e-04 1.232656e-02
463 3.010979e-05 3.876945e-03
464 3.010979e-05 3.876945e-03
465 8.062088e-05 5.655505e-03
466 1.205756e-05 3.858893e-03
467 8.062088e-05 5.655505e-03
468 7.939175e-05 4.057388e-03
469 3.010979e-05 3.876945e-03
470 1.041291e-05 2.577043e-03
471 3.010979e-05 3.876945e-03
472 1.061461e-05 3.375924e-03
473 1.205756e-05 3.858893e-03
474 1.061461e-05 3.375924e-03
475 3.183929e-05 5.095009e-03
476 3.172701e-05 5.657489e-03
477 8.567086e-05 5.020310e-03
478 7.932995e-05 4.250865e-03
479 2.801173e-05 3.066048e-03
480 8.099824e-05 5.290944e-03
481 2.545093e-04 1.327737e-02
482 9.174128e-05 1.194240e-02
483 9.174128e-05 1.194240e-02
484 2.962766e-05 2.972455e-03
485 3.025073e-05 3.740791e-03
486 2.390089e-04 6.408694e-03
487 8.801729e-05 6.119164e-03
488 2.293070e-04 4.242072e-03
489 9.611233e-03 1.067136e-01
490 2.390089e-04 6.408694e-03
491 2.390089e-04 6.408694e-03
492 8.716416e-05 4.752937e-03
493 2.390089e-04 6.408694e-03
494 7.814854e-05 3.520007e-03
495 7.814854e-05 3.520007e-03
496 8.265677e-05 3.452602e-03
497 8.851361e-05 6.672906e-03
498 8.265677e-05 3.452602e-03
499 8.265677e-05 3.452602e-03
500 8.265677e-05 3.452602e-03
501 4.870027e-03 4.631256e-02
502 2.390089e-04 6.408694e-03
503 6.630603e-04 8.691513e-03
504 6.399616e-04 1.243443e-02
505 2.390089e-04 6.408694e-03
506 2.143677e-04 5.922759e-03
507 8.851361e-05 6.672906e-03
508 8.265677e-05 3.452602e-03
509 1.775386e-03 1.854682e-02
510 8.265677e-05 3.452602e-03
511 1.775386e-03 1.854682e-02
512 6.630603e-04 8.691513e-03
513 1.775386e-03 1.854682e-02
514 1.574382e-02 7.598148e-02
515 2.108362e-03 2.133717e-02
516 6.913827e-04 1.792823e-02
517 2.108362e-03 2.133717e-02
518 6.913827e-04 1.792823e-02
519 2.665236e-04 1.181045e-02
520 8.127601e-04 1.312458e-02
521 8.127601e-04 1.312458e-02
522 8.127601e-04 1.312458e-02
523 2.665236e-04 1.181045e-02
524 8.127601e-04 1.312458e-02
525 8.127601e-04 1.312458e-02
526 8.127601e-04 1.312458e-02
527 2.108362e-03 2.133717e-02
528 8.127601e-04 1.312458e-02
529 8.127601e-04 1.312458e-02
530 7.206349e-04 3.582035e-02
531 2.108362e-03 2.133717e-02
532 8.127601e-04 1.312458e-02
533 2.108362e-03 2.133717e-02
534 2.108362e-03 2.133717e-02
535 8.127601e-04 1.312458e-02
536 8.127601e-04 1.312458e-02
537 2.108362e-03 2.133717e-02
538 2.108362e-03 2.133717e-02
539 8.127601e-04 1.312458e-02
540 2.108362e-03 2.133717e-02
541 2.108362e-03 2.133717e-02
542 3.035446e-04 7.898458e-03
543 2.108362e-03 2.133717e-02
544 8.127601e-04 1.312458e-02
545 7.650150e-05 5.701864e-03
546 3.230819e-05 3.290234e-03
547 7.650150e-05 5.701864e-03
548 7.650150e-05 5.701864e-03
549 2.645661e-05 3.208158e-03
550 5.920929e-04 8.980138e-03
551 2.134278e-04 6.941650e-03
552 5.920929e-04 8.980138e-03
553 9.879221e-05 7.605010e-03
554 8.428820e-05 5.790040e-03
555 2.122310e-04 6.432545e-03
556 1.120319e-05 4.292182e-03
557 3.063526e-05 5.655998e-03
558 2.122310e-04 6.432545e-03
559 3.063526e-05 5.655998e-03
560 3.239495e-05 8.836413e-03
561 7.650150e-05 5.701864e-03
562 7.650150e-05 5.701864e-03
563 6.084011e-04 1.732653e-02
564 1.180970e-05 4.884752e-03
565 9.037707e-05 1.006060e-02
566 2.256870e-04 1.019591e-02
567 1.209867e-05 5.282303e-03
568 9.363913e-05 6.454899e-03
569 8.855268e-05 4.986030e-03
570 7.926273e-05 4.167149e-03
571 7.926273e-05 4.167149e-03
572 2.211312e-04 5.118608e-03
573 2.122310e-04 6.432545e-03
574 8.855268e-05 4.986030e-03
575 2.211312e-04 5.118608e-03
576 2.211312e-04 5.118608e-03
577 2.211312e-04 5.118608e-03
578 2.122310e-04 6.432545e-03
579 2.122310e-04 6.432545e-03
580 2.211312e-04 5.118608e-03
581 2.122310e-04 6.432545e-03
582 5.920929e-04 8.980138e-03
583 6.065807e-04 9.477898e-03
584 2.134278e-04 6.941650e-03
585 5.920929e-04 8.980138e-03
586 8.498857e-05 6.305302e-03
587 2.807762e-04 1.021422e-02
588 3.063526e-05 5.655998e-03
589 1.167301e-05 3.221175e-03
590 1.775386e-03 1.854682e-02
591 8.381557e-05 5.588981e-03
592 8.089573e-05 8.884913e-03
593 3.005635e-04 1.899118e-02
594 9.363913e-05 6.454899e-03
595 6.399616e-04 1.243443e-02
596 8.576471e-05 9.142159e-03
597 2.857131e-05 3.894259e-03
598 2.741153e-05 2.677405e-03
599 2.741153e-05 2.677405e-03
600 7.650150e-05 5.701864e-03
