2 3.097264e-003 4.097264e-003
3 3.097264e-003 4.097264e-003
4 3.097264e-003 4.097264e-003
5 3.097264e-003 4.097264e-003
6 5.855707e-004 1.585571e-003
7 3.097264e-003 4.097264e-003
8 3.097264e-003 4.097264e-003
9 5.855707e-004 1.585571e-003
10 5.855707e-004 1.585571e-003
11 5.855707e-004 1.585571e-003
12 3.097264e-003 4.097264e-003
13 5.855707e-004 1.585571e-003
14 5.855707e-004 1.585571e-003
15 3.097264e-003 4.097264e-003
16 3.097264e-003 4.097264e-003
17 5.855707e-004 1.585571e-003
18 3.097264e-003 4.097264e-003
19 5.855707e-004 1.585571e-003
20 3.097264e-003 4.097264e-003
21 5.855707e-004 1.585571e-003
22 5.855707e-004 1.585571e-003
23 5.855707e-004 1.585571e-003
24 3.097264e-003 4.097264e-003
25 5.855707e-004 1.585571e-003
26 3.097264e-003 4.097264e-003
27 5.855707e-004 1.585571e-003
28 5.855707e-004 1.585571e-003
29 3.097264e-003 4.097264e-003
30 5.855707e-004 1.585571e-003
31 3.097264e-003 4.097264e-003
32 3.097264e-003 4.097264e-003
33 3.097264e-003 4.097264e-003
34 5.855707e-004 1.585571e-003
35 3.097264e-003 4.097264e-003
36 5.855707e-004 1.585571e-003
37 3.097264e-003 4.097264e-003
38 5.855707e-004 1.585571e-003
39 3.097264e-003 4.097264e-003
40 3.097264e-003 4.097264e-003
41 5.855707e-004 1.585571e-003
42 3.097264e-003 4.097264e-003
43 3.097264e-003 4.097264e-003
44 5.855707e-004 1.585571e-003
45 5.855707e-004 1.585571e-003
46 5.855707e-004 1.585571e-003
47 5.855707e-004 1.585571e-003
48 5.855707e-004 1.585571e-003
49 3.097264e-003 4.097264e-003
50 5.855707e-004 1.585571e-003
51 5.855707e-004 1.585571e-003
52 5.855707e-004 1.585571e-003
53 3.097264e-003 4.097264e-003
54 5.855707e-004 1.585571e-003
55 5.855707e-004 1.585571e-003
56 5.855707e-004 1.585571e-003
57 5.855707e-004 1.585571e-003
58 5.855707e-004 1.585571e-003
59 5.855707e-004 1.585571e-003
60 5.855707e-004 1.585571e-003
61 5.855707e-004 1.585571e-003
62 5.855707e-004 1.585571e-003
63 5.855707e-004 1.585571e-003
64 5.855707e-004 1.585571e-003
65 5.855707e-004 1.585571e-003
66 5.855707e-004 1.585571e-003
67 5.855707e-004 1.585571e-003
68 5.855707e-004 1.585571e-003
69 5.855707e-004 1.585571e-003
70 5.855707e-004 1.585571e-003
71 5.855707e-004 1.585571e-003
72 5.855707e-004 1.585571e-003
73 5.855707e-004 1.585571e-003
74 5.855707e-004 1.585571e-003
75 5.855707e-004 1.585571e-003
76 5.855707e-004 1.585571e-003
77 5.855707e-004 1.585571e-003
78 3.097264e-003 4.097264e-003
79 5.855707e-004 1.585571e-003
80 5.855707e-004 1.585571e-003
81 5.855707e-004 1.585571e-003
82 5.855707e-004 1.585571e-003
83 5.855707e-004 1.585571e-003
84 5.855707e-004 1.585571e-003
85 5.855707e-004 1.585571e-003
86 5.855707e-004 1.585571e-003
87 5.855707e-004 1.585571e-003
88 5.855707e-004 1.585571e-003
89 5.855707e-004 1.585571e-003
90 5.855707e-004 1.585571e-003
91 5.855707e-004 1.585571e-003
92 5.855707e-004 1.585571e-003
93 5.855707e-004 1.585571e-003
94 5.855707e-004 1.585571e-003
95 5.855707e-004 1.585571e-003
96 5.855707e-004 1.585571e-003
97 5.855707e-004 1.585571e-003
98 3.097264e-003 4.097264e-003
99 3.097264e-003 4.097264e-003
100 5.855707e-004 1.585571e-003
101 5.855707e-004 1.585571e-003
102 5.855707e-004 1.585571e-003
103 5.855707e-004 1.585571e-003
104 5.855707e-004 1.585571e-003
105 5.855707e-004 1.585571e-003
106 5.855707e-004 1.585571e-003
107 5.855707e-004 1.585571e-003
108 5.855707e-004 1.585571e-003
109 3.097264e-003 4.097264e-003
110 5.855707e-004 1.585571e-003
111 5.855707e-004 1.585571e-003
112 3.097264e-003 4.097264e-003
113 3.097264e-003 4.097264e-003
114 3.097264e-003 4.097264e-003
115 5.855707e-004 1.585571e-003
116 3.097264e-003 4.097264e-003
117 5.855707e-004 1.585571e-003
118 5.855707e-004 1.585571e-003
119 3.097264e-003 4.097264e-003
120 5.855707e-004 1.585571e-003
121 5.855707e-004 1.585571e-003
122 5.855707e-004 1.585571e-003
123 5.855707e-004 1.585571e-003
124 5.855707e-004 1.585571e-003
125 5.855707e-004 1.585571e-003
126 5.855707e-004 1.585571e-003
127 5.855707e-004 1.585571e-003
128 5.855707e-004 1.585571e-003
129 5.855707e-004 1.585571e-003
130 5.855707e-004 1.585571e-003
131 5.855707e-004 1.585571e-003
132 5.855707e-004 1.585571e-003
133 5.855707e-004 1.585571e-003
134 5.855707e-004 1.585571e-003
135 5.855707e-004 1.585571e-003
136 5.855707e-004 1.585571e-003
137 5.855707e-004 1.585571e-003
138 3.097264e-003 4.097264e-003
139 5.855707e-004 1.585571e-003
140 5.855707e-004 1.585571e-003
141 5.855707e-004 1.585571e-003
142 5.855707e-004 1.585571e-003
143 5.855707e-004 1.585571e-003
144 5.855707e-004 1.585571e-003
145 5.855707e-004 1.585571e-003
146 5.855707e-004 1.585571e-003
147 5.855707e-004 1.585571e-003
148 5.855707e-004 1.585571e-003
149 5.855707e-004 1.585571e-003
150 5.855707e-004 1.585571e-003
151 3.097264e-003 4.097264e-003
152 3.097264e-003 4.097264e-003
153 5.855707e-004 1.585571e-003
154 5.855707e-004 1.585571e-003
155 5.855707e-004 1.585571e-003
156 5.855707e-004 1.585571e-003
157 5.855707e-004 1.585571e-003
158 5.855707e-004 1.585571e-003
159 5.855707e-004 1.585571e-003
160 5.855707e-004 1.585571e-003
161 5.855707e-004 1.585571e-003
162 5.855707e-004 1.585571e-003
163 5.855707e-004 1.585571e-003
164 5.855707e-004 1.585571e-003
165 5.855707e-004 1.585571e-003
166 5.855707e-004 1.585571e-003
167 5.855707e-004 1.585571e-003
168 5.855707e-004 1.585571e-003
169 5.855707e-004 1.585571e-003
170 5.855707e-004 1.585571e-003
171 5.855707e-004 1.585571e-003
172 5.855707e-004 1.585571e-003
173 5.855707e-004 1.585571e-003
174 5.855707e-004 1.585571e-003
175 5.855707e-004 1.585571e-003
176 5.855707e-004 1.585571e-003
177 5.855707e-004 1.585571e-003
178 5.855707e-004 1.585571e-003
179 5.855707e-004 1.585571e-003
180 5.855707e-004 1.585571e-003
181 3.097264e-003 4.097264e-003
182 5.855707e-004 1.585571e-003
183 5.855707e-004 1.585571e-003
184 5.855707e-004 1.585571e-003
185 5.855707e-004 1.585571e-003
186 5.855707e-004 1.585571e-003
187 5.855707e-004 1.585571e-003
188 5.855707e-004 1.585571e-003
189 5.855707e-004 1.585571e-003
190 5.855707e-004 1.585571e-003
191 5.855707e-004 1.585571e-003
192 5.855707e-004 1.585571e-003
193 3.097264e-003 4.097264e-003
194 5.855707e-004 1.585571e-003
195 5.855707e-004 1.585571e-003
196 5.855707e-004 1.585571e-003
197 3.097264e-003 4.097264e-003
198 5.855707e-004 1.585571e-003
199 5.855707e-004 1.585571e-003
200 5.855707e-004 1.585571e-003
201 5.855707e-004 1.585571e-003
202 5.855707e-004 1.585571e-003
203 3.097264e-003 4.097264e-003
204 5.855707e-004 1.585571e-003
205 3.097264e-003 4.097264e-003
206 5.855707e-004 1.585571e-003
207 3.097264e-003 4.097264e-003
208 3.097264e-003 4.097264e-003
209 3.097264e-003 4.097264e-003
210 5.855707e-004 1.585571e-003
211 5.855707e-004 1.585571e-003
212 5.855707e-004 1.585571e-003
213 5.855707e-004 1.585571e-003
214 5.855707e-004 1.585571e-003
215 5.855707e-004 1.585571e-003
216 5.855707e-004 1.585571e-003
217 5.855707e-004 1.585571e-003
218 5.855707e-004 1.585571e-003
219 5.855707e-004 1.585571e-003
220 5.855707e-004 1.585571e-003
221 5.855707e-004 1.585571e-003
222 5.855707e-004 1.585571e-003
223 5.855707e-004 1.585571e-003
224 5.855707e-004 1.585571e-003
225 5.855707e-004 1.585571e-003
226 5.855707e-004 1.585571e-003
227 5.855707e-004 1.585571e-003
228 5.855707e-004 1.585571e-003
229 5.855707e-004 1.585571e-003
230 5.855707e-004 1.585571e-003
231 5.855707e-004 1.585571e-003
232 5.855707e-004 1.585571e-003
233 3.097264e-003 4.097264e-003
234 5.855707e-004 1.585571e-003
235 5.855707e-004 1.585571e-003
236 3.097264e-003 4.097264e-003
237 5.855707e-004 1.585571e-003
238 5.855707e-004 1.585571e-003
239 5.855707e-004 1.585571e-003
240 5.855707e-004 1.585571e-003
241 3.097264e-003 4.097264e-003
242 5.855707e-004 1.585571e-003
243 5.855707e-004 1.585571e-003
244 5.855707e-004 1.585571e-003
245 5.855707e-004 1.585571e-003
246 5.855707e-004 1.585571e-003
247 5.855707e-004 1.585571e-003
248 3.097264e-003 4.097264e-003
249 5.855707e-004 1.585571e-003
250 3.097264e-003 4.097264e-003
251 5.855707e-004 1.585571e-003
252 3.097264e-003 4.097264e-003
253 5.855707e-004 1.585571e-003
254 5.855707e-004 1.585571e-003
255 5.855707e-004 1.585571e-003
256 5.855707e-004 1.585571e-003
257 3.097264e-003 4.097264e-003
258 5.855707e-004 1.585571e-003
259 5.855707e-004 1.585571e-003
260 5.855707e-004 1.585571e-003
261 5.855707e-004 1.585571e-003
262 5.855707e-004 1.585571e-003
263 5.855707e-004 1.585571e-003
264 5.855707e-004 1.585571e-003
265 5.855707e-004 1.585571e-003
266 5.855707e-004 1.585571e-003
267 5.855707e-004 1.585571e-003
268 5.855707e-004 1.585571e-003
269 5.855707e-004 1.585571e-003
270 5.855707e-004 1.585571e-003
271 3.097264e-003 4.097264e-003
272 5.855707e-004 1.585571e-003
273 5.855707e-004 1.585571e-003
274 5.855707e-004 1.585571e-003
275 5.855707e-004 1.585571e-003
276 5.855707e-004 1.585571e-003
277 5.855707e-004 1.585571e-003
278 5.855707e-004 1.585571e-003
279 5.855707e-004 1.585571e-003
280 5.855707e-004 1.585571e-003
281 5.855707e-004 1.585571e-003
282 5.855707e-004 1.585571e-003
283 5.855707e-004 1.585571e-003
284 5.855707e-004 1.585571e-003
285 5.855707e-004 1.585571e-003
286 5.855707e-004 1.585571e-003
287 5.855707e-004 1.585571e-003
288 5.855707e-004 1.585571e-003
289 5.855707e-004 1.585571e-003
290 5.855707e-004 1.585571e-003
291 5.855707e-004 1.585571e-003
292 5.855707e-004 1.585571e-003
293 5.855707e-004 1.585571e-003
294 5.855707e-004 1.585571e-003
295 5.855707e-004 1.585571e-003
296 5.855707e-004 1.585571e-003
297 5.855707e-004 1.585571e-003
298 5.855707e-004 1.585571e-003
299 5.855707e-004 1.585571e-003
300 5.855707e-004 1.585571e-003
301 3.097264e-003 4.097264e-003
302 5.855707e-004 1.585571e-003
303 3.097264e-003 4.097264e-003
304 5.855707e-004 1.585571e-003
305 5.855707e-004 1.585571e-003
306 5.855707e-004 1.585571e-003
307 5.855707e-004 1.585571e-003
308 5.855707e-004 1.585571e-003
309 5.855707e-004 1.585571e-003
310 5.855707e-004 1.585571e-003
311 5.855707e-004 1.585571e-003
312 5.855707e-004 1.585571e-003
313 5.855707e-004 1.585571e-003
314 5.855707e-004 1.585571e-003
315 5.855707e-004 1.585571e-003
316 3.097264e-003 4.097264e-003
317 5.855707e-004 1.585571e-003
318 5.855707e-004 1.585571e-003
319 5.855707e-004 1.585571e-003
320 5.855707e-004 1.585571e-003
321 5.855707e-004 1.585571e-003
322 5.855707e-004 1.585571e-003
323 5.855707e-004 1.585571e-003
324 5.855707e-004 1.585571e-003
325 5.855707e-004 1.585571e-003
326 5.855707e-004 1.585571e-003
327 5.855707e-004 1.585571e-003
328 5.855707e-004 1.585571e-003
329 5.855707e-004 1.585571e-003
330 5.855707e-004 1.585571e-003
331 3.097264e-003 4.097264e-003
332 5.855707e-004 1.585571e-003
333 5.855707e-004 1.585571e-003
334 5.855707e-004 1.585571e-003
335 5.855707e-004 1.585571e-003
336 5.855707e-004 1.585571e-003
337 5.855707e-004 1.585571e-003
338 5.855707e-004 1.585571e-003
339 5.855707e-004 1.585571e-003
340 3.097264e-003 4.097264e-003
341 5.855707e-004 1.585571e-003
342 5.855707e-004 1.585571e-003
343 5.855707e-004 1.585571e-003
344 5.855707e-004 1.585571e-003
345 3.097264e-003 4.097264e-003
346 5.855707e-004 1.585571e-003
347 5.855707e-004 1.585571e-003
348 5.855707e-004 1.585571e-003
349 5.855707e-004 1.585571e-003
350 5.855707e-004 1.585571e-003
351 5.855707e-004 1.585571e-003
352 5.855707e-004 1.585571e-003
353 5.855707e-004 1.585571e-003
354 5.855707e-004 1.585571e-003
355 5.855707e-004 1.585571e-003
356 5.855707e-004 1.585571e-003
357 5.855707e-004 1.585571e-003
358 5.855707e-004 1.585571e-003
359 5.855707e-004 1.585571e-003
360 5.855707e-004 1.585571e-003
361 5.855707e-004 1.585571e-003
362 3.097264e-003 4.097264e-003
363 3.097264e-003 4.097264e-003
364 5.855707e-004 1.585571e-003
365 5.855707e-004 1.585571e-003
366 5.855707e-004 1.585571e-003
367 5.855707e-004 1.585571e-003
368 5.855707e-004 1.585571e-003
369 5.855707e-004 1.585571e-003
370 5.855707e-004 1.585571e-003
371 5.855707e-004 1.585571e-003
372 5.855707e-004 1.585571e-003
373 5.855707e-004 1.585571e-003
374 5.855707e-004 1.585571e-003
375 5.855707e-004 1.585571e-003
376 3.097264e-003 4.097264e-003
377 5.855707e-004 1.585571e-003
378 5.855707e-004 1.585571e-003
379 5.855707e-004 1.585571e-003
380 5.855707e-004 1.585571e-003
381 5.855707e-004 1.585571e-003
382 5.855707e-004 1.585571e-003
383 5.855707e-004 1.585571e-003
384 5.855707e-004 1.585571e-003
385 5.855707e-004 1.585571e-003
386 5.855707e-004 1.585571e-003
387 5.855707e-004 1.585571e-003
388 5.855707e-004 1.585571e-003
389 5.855707e-004 1.585571e-003
390 5.855707e-004 1.585571e-003
391 5.855707e-004 1.585571e-003
392 3.097264e-003 4.097264e-003
393 5.855707e-004 1.585571e-003
394 5.855707e-004 1.585571e-003
395 5.855707e-004 1.585571e-003
396 3.097264e-003 4.097264e-003
397 5.855707e-004 1.585571e-003
398 5.855707e-004 1.585571e-003
399 5.855707e-004 1.585571e-003
400 5.855707e-004 1.585571e-003
401 5.855707e-004 1.585571e-003
402 3.097264e-003 4.097264e-003
403 3.097264e-003 4.097264e-003
404 3.097264e-003 4.097264e-003
405 5.855707e-004 1.585571e-003
406 5.855707e-004 1.585571e-003
407 5.855707e-004 1.585571e-003
408 5.855707e-004 1.585571e-003
409 5.855707e-004 1.585571e-003
410 5.855707e-004 1.585571e-003
411 5.855707e-004 1.585571e-003
412 5.855707e-004 1.585571e-003
413 5.855707e-004 1.585571e-003
414 3.097264e-003 4.097264e-003
415 5.855707e-004 1.585571e-003
416 5.855707e-004 1.585571e-003
417 5.855707e-004 1.585571e-003
418 5.855707e-004 1.585571e-003
419 5.855707e-004 1.585571e-003
420 5.855707e-004 1.585571e-003
421 5.855707e-004 1.585571e-003
422 5.855707e-004 1.585571e-003
423 5.855707e-004 1.585571e-003
424 5.855707e-004 1.585571e-003
425 3.097264e-003 4.097264e-003
426 5.855707e-004 1.585571e-003
427 5.855707e-004 1.585571e-003
428 5.855707e-004 1.585571e-003
429 5.855707e-004 1.585571e-003
430 5.855707e-004 1.585571e-003
431 5.855707e-004 1.585571e-003
432 5.855707e-004 1.585571e-003
433 5.855707e-004 1.585571e-003
434 5.855707e-004 1.585571e-003
435 5.855707e-004 1.585571e-003
436 5.855707e-004 1.585571e-003
437 3.097264e-003 4.097264e-003
438 5.855707e-004 1.585571e-003
439 5.855707e-004 1.585571e-003
440 5.855707e-004 1.585571e-003
441 5.855707e-004 1.585571e-003
442 5.855707e-004 1.585571e-003
443 5.855707e-004 1.585571e-003
444 5.855707e-004 1.585571e-003
445 5.855707e-004 1.585571e-003
446 5.855707e-004 1.585571e-003
447 5.855707e-004 1.585571e-003
448 5.855707e-004 1.585571e-003
449 5.855707e-004 1.585571e-003
450 5.855707e-004 1.585571e-003
451 5.855707e-004 1.585571e-003
452 3.097264e-003 4.097264e-003
453 5.855707e-004 1.585571e-003
454 5.855707e-004 1.585571e-003
455 5.855707e-004 1.585571e-003
456 3.097264e-003 4.097264e-003
457 5.855707e-004 1.585571e-003
458 3.097264e-003 4.097264e-003
459 3.097264e-003 4.097264e-003
460 5.855707e-004 1.585571e-003
461 5.855707e-004 1.585571e-003
462 5.855707e-004 1.585571e-003
463 5.855707e-004 1.585571e-003
464 5.855707e-004 1.585571e-003
465 5.855707e-004 1.585571e-003
466 5.855707e-004 1.585571e-003
467 5.855707e-004 1.585571e-003
468 5.855707e-004 1.585571e-003
469 5.855707e-004 1.585571e-003
470 3.097264e-003 4.097264e-003
471 5.855707e-004 1.585571e-003
472 5.855707e-004 1.585571e-003
473 5.855707e-004 1.585571e-003
474 5.855707e-004 1.585571e-003
475 5.855707e-004 1.585571e-003
476 5.855707e-004 1.585571e-003
477 3.097264e-003 4.097264e-003
478 5.855707e-004 1.585571e-003
479 5.855707e-004 1.585571e-003
480 5.855707e-004 1.585571e-003
481 5.855707e-004 1.585571e-003
482 5.855707e-004 1.585571e-003
483 5.855707e-004 1.585571e-003
484 5.855707e-004 1.585571e-003
485 5.855707e-004 1.585571e-003
486 5.855707e-004 1.585571e-003
487 5.855707e-004 1.585571e-003
488 3.097264e-003 4.097264e-003
489 3.097264e-003 4.097264e-003
490 3.097264e-003 4.097264e-003
491 5.855707e-004 1.585571e-003
492 5.855707e-004 1.585571e-003
493 5.855707e-004 1.585571e-003
494 5.855707e-004 1.585571e-003
495 5.855707e-004 1.585571e-003
496 3.097264e-003 4.097264e-003
497 5.855707e-004 1.585571e-003
498 5.855707e-004 1.585571e-003
499 5.855707e-004 1.585571e-003
500 5.855707e-004 1.585571e-003
501 5.855707e-004 1.585571e-003
