1 2.277430e-004 7.592175e-002
2 9.474253e-007 9.773133e-002
3 1.057128e-003 7.085741e-002
4 4.763552e-005 2.197867e-002
5 1.862212e-007 4.123802e-003
6 8.878750e-003 4.091062e-001
7 1.254419e-002 6.978169e-001
8 1.906043e-004 7.045473e-002
9 1.374330e-007 3.203180e-003
10 5.641714e-003 3.924322e-001
11 3.807106e-007 9.369118e-003
12 2.120619e-004 3.440120e-002
13 5.299716e-003 2.605960e-001
14 1.258455e-007 5.690069e-003
15 2.806911e-003 8.883771e-002
16 3.094471e-004 2.282075e-001
17 9.845658e-009 7.217000e-003
18 1.173871e-005 1.921562e-002
19 2.372759e-004 7.772238e-002
20 1.678245e-009 5.073515e-003
21 5.179351e-003 7.454532e-001
22 1.243210e-003 1.069037e-001
23 2.001867e-007 5.906846e-003
24 1.970717e-004 5.178871e-002
25 2.195871e-004 4.849885e-002
26 3.299909e-003 1.353549e-001
27 2.066271e-004 2.766581e-002
28 3.550265e-007 4.299347e-003
29 1.520563e-003 3.640351e-001
30 1.363204e-002 1.052933e+000
31 6.856377e-005 3.644789e-002
32 7.205658e-004 4.341198e-002
33 1.032491e-006 3.212877e-003
34 2.406865e-009 2.780113e-003
35 5.562485e-005 2.509630e-002
36 1.085536e-003 3.857157e-001
37 4.576668e-006 6.766330e-002
38 1.339946e-006 2.249230e-002
39 8.625548e-008 2.841810e-003
40 3.502386e-005 1.410843e-002
41 4.688180e-003 1.675531e-001
42 8.574161e-007 2.018433e-002
43 7.774306e-003 2.083457e-001
44 1.863313e-004 5.652828e-002
45 5.973281e-004 3.743837e-002
46 4.199499e-005 1.042940e-002
47 3.421613e-003 1.808699e-001
48 7.283068e-007 3.287477e-003
49 4.742974e-004 5.584525e-002
50 1.069450e-002 4.195002e-001
51 1.025061e-003 7.870910e-002
52 3.502680e-004 1.414148e-002
53 3.479410e-005 6.065484e-003
54 3.731507e-006 1.906038e-002
55 2.134473e-006 3.767518e-003
56 1.118590e-002 5.310252e-001
57 7.963772e-005 3.197903e-002
58 1.011520e-005 2.090800e-002
59 5.700573e-005 3.943860e-002
60 2.385209e-005 1.952082e-002
61 1.083517e-002 6.333735e-001
62 1.337510e-003 8.851949e-002
63 1.625186e-007 3.970302e-003
64 3.913886e-006 3.453124e-003
65 1.667622e-003 1.808919e-001
66 4.861484e-008 2.862584e-003
67 9.729455e-007 8.848150e-003
68 4.424642e-008 4.155001e-003
69 2.784382e-006 6.811592e-003
70 4.120016e-007 1.085903e-002
71 5.929268e-003 9.065317e-002
72 7.295701e-006 5.290524e-003
73 1.263594e-006 3.146239e-003
74 4.936044e-004 1.083382e-001
75 1.727219e-007 4.008882e-003
76 2.302487e-005 4.177434e-003
77 1.763341e-007 4.438549e-003
78 4.087047e-003 2.255434e-001
79 2.395067e-002 4.201736e-001
80 2.737589e-007 9.114887e-003
81 5.158721e-008 2.817296e-003
82 2.701426e-005 1.048159e-002
83 2.708718e-005 4.919891e-003
84 7.351732e-005 2.549459e-002
85 5.880009e-003 3.972861e-001
86 1.507744e-004 4.313698e-002
87 4.830077e-007 4.126267e-003
88 1.053249e-005 1.084277e-002
89 1.671521e-004 1.886946e-001
90 5.124909e-005 1.858337e-002
91 6.510333e-005 2.873891e-002
92 1.635638e-002 1.040766e+000
93 2.073878e-003 1.359977e-001
94 4.026900e-006 4.739399e-003
95 1.059850e-003 9.658394e-002
96 6.548336e-007 4.111471e-003
97 2.254778e-006 8.514000e-003
98 7.760421e-007 7.346130e-003
99 8.594512e-004 5.277137e-002
100 6.227550e-003 6.459744e-001
101 5.373059e-007 5.893732e-003
102 5.730125e-007 5.621356e-003
103 3.880288e-005 1.037047e-001
104 6.703515e-005 1.430065e-002
105 1.673550e-003 1.078623e-001
106 1.308617e-006 6.660695e-003
107 1.782512e-007 4.344463e-003
108 2.660640e-008 4.346710e-003
109 4.657873e-007 3.459604e-003
110 1.429330e-005 1.276844e-002
111 4.221887e-006 2.515365e-002
112 1.772743e-004 3.162660e-002
113 1.314321e-003 1.891867e-001
114 2.626774e-003 3.534686e-001
115 1.089011e-002 3.982187e-001
116 2.169572e-003 3.115516e-001
117 1.070832e-004 7.439757e-002
118 1.446994e-002 8.936008e-001
119 4.177608e-005 9.166608e-003
120 3.450756e-005 1.557405e-002
121 2.140587e-004 4.600726e-002
122 1.119333e-004 6.057545e-002
123 1.314543e-005 5.360034e-003
124 6.563105e-004 3.255885e-002
125 4.051174e-005 1.074840e-002
126 1.118381e-004 1.236747e-002
127 5.153907e-005 1.529495e-002
128 1.127484e-004 3.703070e-002
129 1.123925e-004 1.212440e-002
130 3.426526e-005 8.406783e-003
131 4.699701e-005 1.218024e-002
132 3.434804e-003 1.740300e-001
133 3.283934e-004 3.284600e-002
134 1.663212e-003 1.181088e-001
135 1.609648e-005 8.740801e-003
136 2.552976e-004 1.368176e-002
137 1.554555e-003 1.318487e-001
138 1.569746e-005 1.192964e-002
139 1.538783e-005 1.305604e-002
140 5.807308e-006 6.692228e-003
141 2.196856e-006 6.644081e-003
142 2.899839e-005 7.201184e-003
143 1.422915e-005 6.075857e-003
144 4.892671e-005 1.422377e-002
145 7.598781e-006 9.422434e-003
146 2.432482e-007 2.919333e-003
147 3.320478e-006 1.005264e-002
148 2.016074e-006 6.115562e-003
149 1.220329e-005 4.969368e-003
150 2.940803e-007 6.480436e-003
151 8.540183e-007 3.790471e-003
152 8.993382e-007 5.732821e-003
153 3.588731e-005 1.355839e-002
154 4.742000e-006 4.957829e-003
155 8.219229e-007 6.102645e-003
156 4.238780e-005 1.415769e-002
157 5.795990e-006 5.591583e-003
158 3.634879e-004 4.865426e-002
159 3.293058e-004 2.073782e-002
160 4.439904e-005 1.096570e-002
161 8.001252e-004 2.123088e-002
162 4.830157e-005 6.964322e-003
163 1.639084e-005 6.107400e-003
164 4.334611e-005 6.453576e-003
165 1.658709e-005 6.087920e-003
166 4.173718e-005 6.248173e-003
167 2.686311e-004 9.160815e-003
168 6.509420e-004 1.196274e-002
169 8.055505e-004 4.160227e-002
170 1.167290e-004 9.290541e-003
171 2.263723e-004 8.476377e-003
172 2.706201e-004 7.596835e-003
173 2.212286e-003 3.328481e-002
174 8.110812e-003 1.094611e-001
175 4.234650e-004 1.752804e-002
176 3.634121e-004 1.267787e-002
177 3.634121e-004 1.267787e-002
178 1.795264e-005 4.905776e-003
179 4.791202e-004 2.757120e-002
180 4.061699e-004 1.973170e-002
181 2.935781e-003 8.593946e-002
182 5.385141e-004 4.898888e-002
183 1.278423e-004 1.106619e-002
184 2.902850e-003 7.429178e-002
185 8.631851e-003 1.370040e-001
186 4.086262e-004 3.822972e-002
187 5.739035e-005 1.275928e-002
188 4.231073e-004 2.789625e-002
189 1.758243e-004 1.562337e-002
190 1.054768e-003 4.046335e-002
191 1.576994e-003 5.580687e-002
192 3.421601e-005 1.385613e-002
193 4.327237e-004 4.144889e-002
194 2.374024e-005 8.848469e-003
195 4.706848e-004 1.690528e-002
196 2.002880e-004 1.723951e-002
197 1.170054e-003 1.664055e-002
198 1.782645e-004 1.192771e-002
199 1.623391e-004 1.648045e-002
200 2.035535e-004 2.061771e-002
201 4.485198e-005 5.393783e-003
202 1.168143e-005 1.550328e-002
203 7.811221e-005 1.377675e-002
204 4.826028e-005 7.354082e-003
205 2.030536e-005 5.270692e-003
206 7.594548e-005 1.313454e-002
207 3.396590e-006 8.261052e-003
208 1.954868e-006 7.189614e-003
209 9.994232e-006 7.600094e-003
210 8.678643e-006 5.230887e-003
211 7.915393e-005 1.351547e-002
212 7.378442e-003 6.238665e-002
213 3.266230e-005 2.815718e-002
214 8.011296e-005 8.862143e-003
215 7.693784e-005 2.150059e-002
216 3.218520e-005 2.355327e-002
217 6.188261e-005 1.505769e-002
218 5.985794e-003 5.508246e-002
219 1.419868e-004 2.329527e-002
220 3.532086e-006 8.656901e-003
221 8.190395e-005 3.392541e-002
222 4.097458e-004 7.090410e-002
223 6.593000e-005 2.436932e-002
224 1.565672e-005 8.514409e-003
225 4.573320e-006 6.043835e-003
226 7.909767e-007 5.578910e-003
227 1.323694e-005 6.545957e-003
228 9.659659e-005 2.429406e-002
229 8.282459e-005 1.824092e-002
230 6.054652e-004 3.766983e-002
231 1.751226e-003 1.490388e-001
232 4.462801e-003 2.069212e-001
233 3.929707e-005 1.578410e-002
234 1.326851e-005 7.418207e-003
235 1.077390e-004 3.855161e-002
236 1.501455e-005 1.169382e-002
237 1.077390e-004 3.855161e-002
238 1.326851e-005 7.418207e-003
239 5.575181e-006 6.451074e-003
240 5.575181e-006 6.451074e-003
241 3.637768e-005 1.561522e-002
242 1.211382e-005 7.559980e-003
243 4.288584e-005 1.153585e-002
244 2.076065e-006 4.939831e-003
245 4.090805e-005 3.352887e-002
246 2.531293e-004 4.091031e-002
247 1.077390e-004 3.855161e-002
248 1.074086e-004 2.204346e-002
249 3.682880e-005 1.211006e-002
250 1.326851e-005 7.418207e-003
251 1.326851e-005 7.418207e-003
252 4.664401e-005 1.933275e-002
253 1.746284e-005 9.106348e-003
254 1.471225e-005 7.668564e-003
255 3.497599e-005 1.056658e-002
256 2.045575e-006 6.233842e-003
257 1.077390e-004 3.855161e-002
258 3.706181e-003 2.497026e-001
259 5.096488e-004 1.069037e-001
260 1.461219e-006 1.216554e-002
261 6.622311e-005 3.134445e-002
262 4.119387e-006 1.435484e-002
263 1.051164e-004 8.442205e-002
264 4.149204e-005 5.536940e-002
265 8.502462e-005 5.333948e-002
266 2.369001e-004 3.668714e-002
267 1.150062e-003 6.355220e-002
268 7.765879e-006 6.454514e-003
269 1.390168e-004 2.619222e-002
270 1.994529e-006 2.404524e-002
271 6.562814e-006 1.113398e-002
272 1.889746e-005 1.255298e-002
273 3.201513e-005 2.082925e-002
274 8.922523e-005 2.335274e-002
275 4.530967e-006 2.432682e-002
276 2.998776e-006 1.128505e-002
277 1.454847e-004 2.430576e-002
278 1.750514e-006 2.693380e-002
279 1.817538e-004 3.391557e-002
280 3.201513e-005 2.082925e-002
281 2.422054e-005 1.690099e-002
282 5.507444e-005 8.922444e-003
283 1.407685e-006 1.226985e-002
284 9.179555e-006 1.455883e-002
285 3.811673e-003 3.030451e-001
286 3.666581e-005 3.674898e-002
287 2.926059e-004 1.275204e-001
288 7.030036e-005 2.753329e-002
289 9.122906e-005 5.130808e-002
290 2.495825e-004 5.721896e-002
291 2.555092e-004 3.754527e-002
292 1.527637e-003 6.489378e-002
293 1.850029e-003 1.051740e-001
294 1.983970e-004 2.665679e-002
295 6.450769e-003 3.387957e-001
296 7.544145e-003 4.351598e-001
297 6.768694e-003 4.426840e-001
298 7.981698e-005 1.723913e-001
299 2.174601e-004 1.014748e-001
300 1.740892e-004 3.737306e-002
301 3.312905e-003 3.222802e-001
302 6.204313e-005 8.700084e-002
303 1.774579e-005 8.839344e-003
304 2.005738e-005 9.578933e-003
305 7.319452e-006 8.456303e-003
306 3.056416e-006 1.608331e-002
307 4.983137e-005 1.771957e-002
308 2.055351e-005 1.717483e-002
309 1.861750e-005 9.718387e-003
310 1.919123e-007 1.044620e-002
311 8.261372e-006 1.709591e-002
312 2.818855e-006 7.803398e-003
313 7.300109e-006 6.431225e-003
314 7.678999e-006 9.316531e-003
315 7.754492e-006 1.973511e-002
316 1.381383e-004 4.657316e-002
317 1.721196e-008 3.218149e-003
318 4.931788e-008 3.172346e-003
319 8.204294e-006 1.874451e-002
320 9.733675e-004 3.346391e-002
321 5.325284e-007 1.484123e-002
322 9.787788e-004 2.141646e-002
323 1.425052e-003 1.908479e-001
324 2.663552e-005 2.151362e-002
325 2.429334e-005 1.116408e-002
326 3.909010e-005 3.054012e-002
327 6.251182e-004 9.224509e-002
328 1.804714e-003 1.316713e-001
329 1.878265e-003 1.030453e-001
330 1.375443e-003 2.386818e-001
331 1.077609e-002 3.622682e-001
332 3.831336e-003 1.266353e-001
333 5.596773e-004 3.850726e-002
334 2.144531e-004 4.712783e-002
335 9.662568e-005 3.416093e-002
336 1.524812e-003 5.552283e-002
337 4.409891e-003 2.930966e-001
338 4.708658e-003 2.175932e-001
339 4.197929e-004 1.857372e-002
340 1.643339e-006 4.483083e-003
341 1.281169e-006 3.774000e-003
342 1.744979e-004 1.071785e-002
343 1.049480e-003 1.733500e-002
344 2.007268e-003 9.864919e-002
345 2.360396e-007 3.206301e-003
346 1.038057e-004 2.912725e-002
347 1.573641e-005 4.557546e-002
348 9.545282e-005 1.466588e-002
349 1.789440e-003 6.619564e-002
350 1.483349e-005 2.963285e-002
351 1.461445e-005 1.562693e-002
352 1.799210e-006 6.335542e-003
353 1.436530e-005 1.205562e-002
354 3.758741e-006 6.407427e-003
355 1.038333e-005 5.449990e-003
356 5.285856e-007 3.204779e-003
357 5.101419e-004 2.137954e-002
358 1.074046e-003 2.571196e-002
359 2.423927e-004 1.281701e-002
360 3.385251e-005 9.845657e-003
361 5.015448e-004 1.689865e-002
362 1.421924e-005 2.037994e-002
363 1.461445e-005 1.562693e-002
364 1.799210e-006 6.335542e-003
365 1.190047e-003 3.731308e-002
366 3.161064e-003 7.258357e-002
367 7.684436e-005 2.546419e-002
368 1.789440e-003 6.619564e-002
369 1.563032e-003 3.802034e-002
370 2.320565e-005 4.267200e-002
371 1.608633e-006 1.967479e-002
372 9.348498e-003 2.559926e-001
373 9.068679e-004 1.671193e-001
374 6.451769e-003 5.434228e-001
375 3.407967e-004 3.989915e-002
376 1.275391e-003 6.392859e-002
377 8.494583e-004 4.478226e-002
378 9.460920e-004 4.264685e-002
379 4.571864e-006 2.106095e-002
380 1.481206e-004 7.436162e-003
381 5.571727e-006 1.017913e-002
382 1.594312e-002 1.957656e-001
383 4.155960e-007 8.377389e-003
384 8.627022e-006 1.278828e-002
385 3.525467e-004 1.246954e-001
386 2.173803e-004 1.835119e-001
387 3.595964e-003 1.364197e-001
388 8.250572e-004 1.375759e-001
389 1.222438e-003 3.605814e-001
390 1.592913e-002 3.256336e-001
391 1.330130e-003 9.943918e-002
392 3.945300e-003 2.849132e-001
393 2.320880e-004 8.330232e-002
394 6.827010e-004 1.168052e-001
395 6.642362e-004 1.259938e-001
396 3.947599e-006 1.023459e-002
397 6.782900e-006 5.659095e-003
398 1.865935e-004 3.085952e-002
399 1.091260e-005 1.129398e-002
400 2.645726e-005 1.164156e-002
401 4.167625e-006 9.968943e-003
402 1.561759e-006 9.230379e-003
403 4.364404e-006 1.127716e-002
404 2.941866e-005 1.472499e-002
405 2.183413e-005 1.176184e-002
406 2.520608e-005 1.731031e-002
407 1.750996e-006 9.750476e-003
408 9.594517e-006 1.328047e-002
409 4.714524e-003 3.927801e-001
410 3.761010e-006 7.795442e-003
411 1.750996e-006 9.750476e-003
412 1.230209e-003 2.381835e-002
413 7.868271e-006 7.973274e-003
414 9.850711e-006 1.048082e-002
415 2.657671e-005 1.064947e-002
416 3.181066e-006 6.871777e-003
417 3.181066e-006 6.871777e-003
418 6.024458e-004 1.842866e-001
419 1.256638e-004 9.078439e-002
420 6.317426e-006 3.645444e-002
421 6.038487e-005 1.979305e-002
422 6.966543e-005 2.843162e-002
423 4.854846e-007 6.350193e-003
424 6.651770e-005 3.814751e-002
425 6.121309e-005 1.021421e-002
426 1.173565e-003 1.221561e-001
427 9.596767e-004 5.320352e-002
428 4.468105e-006 8.988475e-003
429 2.672318e-007 8.343829e-003
430 6.252402e-007 8.347962e-003
431 1.837681e-006 8.696222e-003
432 4.854846e-007 6.350193e-003
433 1.895568e-004 2.083122e-002
434 3.702407e-006 8.477362e-003
435 4.201277e-006 1.168153e-002
436 4.595746e-004 2.504874e-002
437 1.895568e-004 2.083122e-002
438 1.503386e-006 8.865646e-003
439 1.061532e-003 4.908126e-002
440 1.067950e-006 2.841458e-002
441 5.023262e-007 6.188269e-003
442 7.963569e-003 5.727120e-001
443 1.224238e-002 1.888589e-001
444 9.589033e-003 5.889871e-001
445 1.741224e-003 9.967615e-002
446 4.373420e-007 4.359822e-003
447 5.756923e-005 9.351358e-003
448 4.028137e-007 3.824149e-003
449 2.508268e-006 3.309126e-003
450 2.214463e-006 5.334479e-003
451 3.438340e-004 2.526634e-002
452 5.108449e-005 1.447938e-002
453 1.314573e-004 2.021576e-002
454 4.919806e-005 7.843798e-003
455 5.229304e-005 9.548185e-003
456 1.589288e-007 3.634020e-003
457 3.748770e-007 3.553567e-003
458 7.849556e-006 4.831602e-003
459 1.273308e-003 8.167640e-002
460 4.786472e-004 4.332057e-002
461 5.595384e-005 1.450225e-002
462 1.467409e-004 3.663079e-002
463 6.790440e-005 1.159599e-002
464 7.789018e-006 4.923225e-003
465 8.732808e-006 5.074771e-003
466 3.239360e-006 4.768125e-003
467 2.433808e-005 6.741301e-003
468 5.325888e-005 7.959134e-003
469 3.239360e-006 4.768125e-003
470 1.154834e-006 4.769174e-003
471 2.185879e-005 8.222116e-003
472 2.099798e-005 5.492896e-003
473 2.957456e-006 4.770440e-003
474 8.881209e-006 7.364285e-003
475 5.201530e-005 1.612740e-002
476 6.520916e-004 2.932708e-002
477 3.372201e-004 2.099351e-002
478 6.930322e-004 5.061272e-002
479 6.787722e-004 3.097136e-002
480 2.791273e-003 8.714594e-002
481 1.174738e-003 1.146541e-001
482 1.649151e-005 6.630803e-003
483 9.108242e-005 7.050593e-003
484 3.739230e-005 6.125916e-003
485 9.866835e-005 9.727830e-003
486 4.159825e-005 5.436454e-003
487 3.917162e-004 8.605895e-002
488 1.035659e-003 5.785388e-002
489 1.298628e-002 3.783999e-001
490 3.726587e-005 9.044868e-003
491 8.736761e-004 3.547363e-002
492 1.365700e-005 7.010198e-003
493 2.606694e-004 1.810057e-002
494 1.431404e-003 6.304926e-002
495 2.081700e-004 1.589172e-002
496 2.488886e-006 5.290066e-003
497 9.654431e-005 1.251317e-002
498 4.437883e-005 1.559319e-002
499 4.956830e-004 5.624034e-002
500 6.079714e-006 7.204576e-003
