1 1.097078e-003 3.174000e-002
2 2.869050e-004 9.617231e-002
3 1.071005e-003 1.195516e-002
4 7.481459e-004 1.054851e-002
5 1.676272e-005 3.954229e-003
6 2.934054e-003 1.781446e-001
7 5.276414e-003 2.497870e-001
8 1.233513e-003 5.661400e-002
9 4.635805e-006 3.160081e-003
10 2.324263e-003 1.608354e-001
11 7.153949e-006 9.087573e-003
12 1.389220e-003 1.756521e-002
13 4.465572e-003 1.387115e-001
14 3.220969e-005 5.547383e-003
15 2.334383e-003 5.627211e-002
16 5.878664e-003 1.376196e-001
17 1.457807e-005 7.116334e-003
18 3.998728e-004 1.508322e-002
19 6.933398e-004 5.784773e-002
20 2.318407e-006 5.047311e-003
21 5.519544e-003 2.979018e-001
22 1.112684e-003 3.464836e-002
23 3.901730e-005 5.695297e-003
24 2.183006e-003 3.252147e-002
25 5.621366e-004 3.371359e-002
26 2.204688e-003 4.006818e-002
27 9.943742e-005 2.177037e-002
28 9.212735e-007 4.179724e-003
29 5.188331e-003 9.199028e-002
30 1.285542e-002 4.106303e-001
31 1.400797e-004 3.254263e-002
32 6.911721e-005 2.099570e-002
33 5.027284e-006 3.109792e-003
34 2.604410e-007 2.778214e-003
35 6.989100e-004 1.078371e-002
36 4.229368e-003 1.461893e-001
37 6.459216e-004 6.483389e-002
38 3.250399e-005 2.174188e-002
39 3.443787e-006 2.808761e-003
40 2.385636e-004 8.592109e-003
41 9.398113e-004 4.884612e-002
42 2.206906e-004 1.877922e-002
43 4.874029e-004 3.809415e-002
44 2.274851e-003 3.715698e-002
45 3.695232e-004 9.146609e-003
46 3.761368e-005 9.116988e-003
47 3.325814e-003 4.583226e-002
48 1.140149e-005 3.196951e-003
49 3.298154e-004 8.556416e-003
50 2.983815e-003 1.122792e-001
51 9.158176e-004 5.109395e-002
52 1.382004e-004 7.990191e-003
53 3.698102e-005 3.302843e-003
54 7.967259e-004 1.277978e-002
55 5.630971e-006 3.677834e-003
56 2.485077e-002 1.568369e-001
57 6.619328e-005 2.265562e-002
58 5.708762e-005 1.988753e-002
59 7.615292e-004 2.404211e-002
60 5.081124e-005 1.099446e-002
61 4.480339e-003 2.393835e-001
62 2.454315e-004 2.354404e-002
63 2.539833e-006 3.871848e-003
64 1.190406e-005 2.973286e-003
65 1.672128e-003 9.518483e-002
66 6.153983e-007 2.847508e-003
67 9.500193e-005 7.064876e-003
68 1.925356e-006 4.117069e-003
69 3.955514e-005 5.931367e-003
70 3.344466e-006 1.072340e-002
71 1.096425e-004 2.154502e-002
72 1.263533e-005 4.273728e-003
73 5.270840e-006 3.060129e-003
74 3.073377e-003 4.006906e-002
75 1.624735e-005 3.877825e-003
76 6.119968e-006 2.940795e-003
77 6.226496e-006 4.222885e-003
78 9.767588e-004 4.721010e-002
79 3.769960e-003 1.451682e-001
80 7.330712e-006 9.000799e-003
81 6.604619e-007 2.798460e-003
82 3.531781e-004 6.526827e-003
83 3.569056e-005 4.215799e-003
84 3.647390e-004 2.009011e-002
85 5.823927e-003 2.383388e-001
86 7.294327e-005 2.736848e-002
87 1.945773e-006 4.042126e-003
88 2.045411e-005 1.027673e-002
89 1.774549e-003 1.727661e-001
90 5.465074e-005 1.706763e-002
91 3.578047e-004 1.411189e-002
92 1.588615e-002 2.287349e-001
93 6.632907e-004 4.965445e-002
94 6.571633e-006 4.344722e-003
95 1.035146e-003 1.986895e-002
96 2.353146e-006 3.932217e-003
97 3.321466e-005 6.437258e-003
98 3.484585e-005 6.019280e-003
99 3.424831e-004 1.351604e-002
100 5.693137e-003 1.820158e-001
101 2.853648e-005 5.022594e-003
102 4.018165e-005 5.200411e-003
103 5.887625e-004 8.050515e-002
104 8.340683e-006 1.131275e-002
105 2.102849e-004 3.123279e-002
106 2.972198e-005 5.923106e-003
107 1.174416e-005 4.237364e-003
108 1.174416e-005 4.237364e-003
109 4.881659e-006 3.255139e-003
110 2.463575e-005 1.152756e-002
111 4.178762e-004 2.236872e-002
112 5.882877e-005 1.411672e-002
113 1.779742e-003 5.945821e-002
114 1.134938e-002 1.615073e-001
115 3.648018e-003 1.115840e-001
116 6.779542e-004 1.155095e-001
117 2.401970e-004 6.199100e-002
118 1.509601e-002 2.755852e-001
119 9.071472e-005 6.660698e-003
120 2.197624e-004 7.782583e-003
121 4.023365e-004 2.756502e-002
122 1.691895e-003 1.314510e-002
123 2.915588e-005 4.457210e-003
124 5.836109e-004 1.640107e-002
125 7.884279e-005 4.904509e-003
126 9.760017e-005 1.033964e-002
127 1.100410e-004 1.260296e-002
128 5.836109e-004 1.640107e-002
129 8.748128e-005 5.466910e-003
130 1.960140e-004 4.530345e-003
131 2.382200e-004 7.823149e-003
132 3.284562e-003 4.249151e-002
133 8.206347e-004 1.401727e-002
134 1.302774e-003 5.815724e-002
135 3.829485e-005 7.337074e-003
136 9.702179e-005 8.763714e-003
137 3.541872e-003 5.546617e-002
138 8.999589e-005 9.167864e-003
139 8.999589e-005 9.167864e-003
140 3.282538e-005 5.729951e-003
141 3.282538e-005 5.729951e-003
142 3.282538e-005 5.729951e-003
143 2.992972e-005 4.786565e-003
144 8.999589e-005 9.167864e-003
145 9.483588e-005 7.555907e-003
146 3.585123e-006 2.872699e-003
147 1.016494e-004 8.244619e-003
148 3.282538e-005 5.729951e-003
149 3.062826e-005 4.352701e-003
150 2.978561e-005 6.137602e-003
151 1.198327e-005 3.576864e-003
152 1.325493e-005 5.560407e-003
153 2.402712e-004 9.318139e-003
154 2.687958e-005 4.416419e-003
155 3.282538e-005 5.729951e-003
156 2.402712e-004 9.318139e-003
157 3.285401e-005 4.929836e-003
158 7.440405e-004 1.652757e-002
159 9.702179e-005 8.763714e-003
160 1.132946e-004 7.977755e-003
161 1.078229e-004 7.942165e-003
162 1.747643e-005 5.664555e-003
163 1.747643e-005 5.664555e-003
164 1.747643e-005 5.664555e-003
165 1.747643e-005 5.664555e-003
166 1.747643e-005 5.664555e-003
167 4.036732e-005 5.922641e-003
168 4.036732e-005 5.922641e-003
169 1.068270e-004 1.384058e-002
170 5.197367e-005 7.733455e-003
171 9.710616e-005 5.234240e-003
172 4.066620e-005 4.334686e-003
173 1.200496e-004 8.455521e-003
174 4.401328e-004 1.843056e-002
175 1.416016e-004 1.242312e-002
176 1.200496e-004 8.455521e-003
177 1.200496e-004 8.455521e-003
178 3.831151e-005 4.470263e-003
179 3.882228e-004 1.883447e-002
180 1.200496e-004 8.455521e-003
181 1.082113e-003 2.926798e-002
182 1.082113e-003 2.926798e-002
183 1.200496e-004 8.455521e-003
184 3.882228e-004 1.883447e-002
185 2.851446e-003 3.671373e-002
186 3.718393e-004 1.754454e-002
187 1.230663e-004 9.903853e-003
188 4.339840e-004 1.896431e-002
189 4.072386e-004 1.156122e-002
190 4.085322e-004 2.497137e-002
191 4.553987e-004 3.563415e-002
192 1.315828e-004 1.254292e-002
193 9.280836e-004 2.665377e-002
194 1.340991e-004 7.268409e-003
195 1.484153e-004 8.845215e-003
196 1.438967e-004 1.234422e-002
197 5.261933e-005 6.417985e-003
198 5.387281e-005 7.570708e-003
199 1.315828e-004 1.254292e-002
200 3.175540e-004 1.540159e-002
201 1.553813e-005 4.840890e-003
202 1.315828e-004 1.254292e-002
203 1.152679e-004 1.221830e-002
204 3.932370e-005 5.871551e-003
205 1.553813e-005 4.840890e-003
206 4.708560e-005 1.211285e-002
207 1.520524e-005 7.892506e-003
208 4.799390e-005 6.960980e-003
209 4.811645e-005 6.490643e-003
210 1.553813e-005 4.840890e-003
211 1.152679e-004 1.221830e-002
212 3.694325e-004 1.000569e-002
213 3.321056e-004 2.362041e-002
214 7.782211e-005 4.535150e-003
215 3.667173e-004 1.466986e-002
216 3.330081e-004 2.127095e-002
217 2.997037e-004 1.258817e-002
218 2.997037e-004 1.258817e-002
219 2.997037e-004 1.258817e-002
220 1.040218e-004 8.126547e-003
221 9.280836e-004 2.665377e-002
222 2.119049e-003 5.157116e-002
223 1.191637e-004 2.018254e-002
224 8.822471e-005 7.266386e-003
225 8.302033e-005 5.520611e-003
226 8.268327e-005 5.016719e-003
227 8.268327e-005 5.016719e-003
228 7.292746e-004 1.822405e-002
229 2.627396e-004 1.403904e-002
230 7.292746e-004 1.822405e-002
231 2.133421e-003 6.981068e-002
232 2.133421e-003 6.981068e-002
233 2.458797e-004 1.016403e-002
234 8.302033e-005 5.520611e-003
235 6.741174e-004 2.314331e-002
236 2.304358e-004 6.842988e-003
237 6.741174e-004 2.314331e-002
238 8.302033e-005 5.520611e-003
239 8.302033e-005 5.520611e-003
240 8.302033e-005 5.520611e-003
241 2.276132e-004 1.041266e-002
242 8.302033e-005 5.520611e-003
243 1.008892e-004 7.680720e-003
244 2.978874e-005 4.542234e-003
245 6.741174e-004 2.314331e-002
246 6.741174e-004 2.314331e-002
247 6.741174e-004 2.314331e-002
248 2.458797e-004 1.016403e-002
249 2.304358e-004 6.842988e-003
250 8.302033e-005 5.520611e-003
251 8.302033e-005 5.520611e-003
252 2.918491e-004 1.266195e-002
253 1.092640e-004 6.608900e-003
254 9.205376e-005 5.564491e-003
255 9.205376e-005 5.564491e-003
256 8.268327e-005 5.016719e-003
257 6.741174e-004 2.314331e-002
258 3.096518e-003 5.331212e-002
259 1.071060e-003 7.678150e-002
260 1.826289e-005 1.197568e-002
261 1.301830e-004 2.600018e-002
262 4.795100e-005 1.377715e-002
263 1.223590e-003 6.968064e-002
264 1.272021e-003 4.333001e-002
265 4.660234e-004 4.575692e-002
266 4.762261e-004 2.707151e-002
267 3.732086e-004 2.114404e-002
268 1.370971e-005 5.824188e-003
269 2.751543e-004 1.682487e-002
270 6.114626e-005 2.346651e-002
271 5.897591e-006 1.085642e-002
272 3.834733e-005 1.167531e-002
273 5.518052e-005 1.994317e-002
274 1.537865e-004 2.088326e-002
275 5.274193e-005 2.369140e-002
276 1.643641e-005 1.101762e-002
277 3.143586e-004 1.614731e-002
278 1.335147e-004 2.570188e-002
279 2.834000e-004 1.821869e-002
280 5.518052e-005 1.994317e-002
281 1.152700e-004 1.472717e-002
282 3.599618e-005 6.527988e-003
283 4.315540e-005 1.186139e-002
284 1.612798e-005 1.420744e-002
285 3.478561e-003 9.550681e-002
286 1.604703e-004 3.389415e-002
287 1.144413e-003 1.134165e-001
288 5.184454e-005 2.166685e-002
289 4.494688e-004 4.119176e-002
290 1.247571e-003 4.386436e-002
291 4.762261e-004 2.707151e-002
292 1.271429e-003 2.786672e-002
293 3.476943e-003 5.321975e-002
294 1.537865e-004 2.088326e-002
295 4.908307e-003 7.478716e-002
296 6.929453e-003 8.568494e-002
297 6.388778e-003 1.134714e-001
298 6.388778e-003 1.134714e-001
299 1.011092e-003 8.636876e-002
300 8.348226e-004 1.505876e-002
301 7.215248e-003 1.846451e-001
302 2.205029e-003 4.403603e-002
303 2.385649e-004 5.904870e-003
304 2.670040e-004 6.489098e-003
305 2.385649e-004 5.904870e-003
306 6.523969e-004 1.094102e-002
307 6.861917e-004 1.166226e-002
308 6.861917e-004 1.166226e-002
309 2.502837e-004 6.639766e-003
310 2.701806e-004 8.447624e-003
311 6.861917e-004 1.166226e-002
312 2.385649e-004 5.904870e-003
313 3.877434e-005 5.406668e-003
314 2.502837e-004 6.639766e-003
315 3.082777e-004 1.534288e-002
316 7.120645e-004 1.989542e-002
317 4.396718e-006 3.155907e-003
318 1.058522e-005 3.087559e-003
319 7.042608e-004 1.309082e-002
320 8.230402e-004 1.585764e-002
321 3.056459e-004 1.256925e-002
322 2.629558e-004 6.601154e-003
323 2.204482e-003 4.733310e-002
324 2.254596e-004 1.080592e-002
325 2.720152e-004 7.945348e-003
326 2.318427e-004 2.473198e-002
327 6.817574e-004 4.363910e-002
328 6.386359e-004 8.615268e-002
329 7.528934e-004 5.684732e-002
330 4.175027e-003 8.408376e-002
331 9.222378e-003 8.809692e-002
332 6.954957e-004 4.387935e-002
333 6.055104e-004 2.400172e-002
334 6.125547e-004 2.160300e-002
335 2.085193e-004 2.710970e-002
336 5.483213e-004 1.993791e-002
337 4.876430e-003 9.900227e-002
338 1.575580e-003 5.147483e-002
339 1.103405e-004 4.666657e-003
340 4.432803e-005 4.320052e-003
341 3.504321e-005 3.604937e-003
342 1.221418e-004 7.118189e-003
343 1.383101e-004 6.015616e-003
344 1.324738e-003 4.613652e-002
345 5.800456e-006 3.159963e-003
346 4.417681e-004 2.400908e-002
347 4.740445e-004 4.180673e-002
348 1.737933e-004 1.211448e-002
349 9.774379e-004 2.342129e-002
350 4.384272e-004 2.619937e-002
351 1.480333e-004 1.441070e-002
352 4.421392e-005 5.982325e-003
353 1.309475e-004 9.503315e-003
354 3.813688e-005 5.989432e-003
355 3.504192e-005 4.554896e-003
356 5.221059e-006 3.159214e-003
357 3.270360e-004 9.089081e-003
358 1.128884e-004 9.889805e-003
359 1.512742e-004 7.668067e-003
360 3.703268e-004 8.006849e-003
361 3.633282e-004 9.177594e-003
362 1.733460e-004 1.863162e-002
363 1.480333e-004 1.441070e-002
364 4.421392e-005 5.982325e-003
365 3.633282e-004 9.177594e-003
366 3.633282e-004 9.177594e-003
367 3.713173e-004 1.698327e-002
368 9.774379e-004 2.342129e-002
369 4.204697e-004 1.321436e-002
370 1.356327e-004 3.850508e-002
371 5.090856e-005 1.888521e-002
372 6.649367e-003 1.094744e-001
373 6.303197e-004 3.206654e-002
374 5.233044e-003 1.414203e-001
375 2.728875e-004 2.629436e-002
376 1.365561e-004 1.642309e-002
377 3.816118e-004 1.767035e-002
378 4.245204e-004 2.216340e-002
379 7.804520e-004 1.686747e-002
380 1.035933e-004 5.625440e-003
381 1.016328e-004 8.561469e-003
382 7.883339e-004 1.338142e-002
383 1.019089e-004 7.777560e-003
384 2.840172e-004 9.714748e-003
385 1.282833e-003 1.000478e-001
386 1.728695e-003 1.659167e-001
387 3.927627e-003 4.976205e-002
388 4.565392e-003 4.179754e-002
389 1.347737e-002 1.179617e-001
390 2.254410e-003 3.530748e-002
391 3.687324e-003 6.354696e-002
392 7.226436e-003 1.074090e-001
393 4.179432e-003 4.643982e-002
394 3.994403e-003 6.520965e-002
395 4.870303e-003 9.068841e-002
396 5.310896e-005 8.360133e-003
397 1.444898e-005 4.898693e-003
398 4.243713e-004 1.401988e-002
399 1.484153e-004 8.845215e-003
400 1.484153e-004 8.845215e-003
401 5.310896e-005 8.360133e-003
402 5.310896e-005 8.360133e-003
403 1.484153e-004 8.845215e-003
404 1.484153e-004 8.845215e-003
405 1.107034e-004 7.250666e-003
406 3.428119e-004 1.165411e-002
407 5.310896e-005 8.360133e-003
408 1.226719e-004 1.053366e-002
409 6.714575e-003 2.394987e-001
410 4.792739e-005 6.343595e-003
411 5.310896e-005 8.360133e-003
412 1.484153e-004 8.845215e-003
413 4.474372e-005 6.228116e-003
414 5.310896e-005 8.360133e-003
415 5.387281e-005 7.570708e-003
416 1.715034e-005 6.186949e-003
417 1.715034e-005 6.186949e-003
418 3.327982e-003 6.209124e-002
419 1.863245e-003 6.270763e-002
420 1.019665e-004 3.482317e-002
421 3.093909e-004 7.934516e-003
422 1.414967e-004 1.423629e-002
423 6.225350e-006 5.875161e-003
424 3.428400e-004 1.129145e-002
425 4.792739e-005 6.343595e-003
426 9.580814e-004 1.377177e-002
427 3.428119e-004 1.165411e-002
428 1.927786e-005 7.394629e-003
429 1.927786e-005 7.394629e-003
430 1.927786e-005 7.394629e-003
431 5.387281e-005 7.570708e-003
432 6.225350e-006 5.875161e-003
433 1.484153e-004 8.845215e-003
434 1.927786e-005 7.394629e-003
435 5.387281e-005 7.570708e-003
436 1.484153e-004 8.845215e-003
437 1.484153e-004 8.845215e-003
438 1.927786e-005 7.394629e-003
439 3.428119e-004 1.165411e-002
440 3.292779e-005 2.678623e-002
441 6.225350e-006 5.875161e-003
442 1.176577e-002 3.030651e-001
443 4.582754e-003 5.455014e-002
444 1.137670e-002 2.815670e-001
445 2.245302e-003 5.557529e-002
446 1.587757e-005 4.033261e-003
447 1.259470e-004 6.716618e-003
448 3.761728e-005 3.684292e-003
449 1.372064e-005 3.031768e-003
450 3.499841e-005 4.974433e-003
451 8.455035e-004 1.422039e-002
452 3.274609e-004 1.236584e-002
453 2.954639e-004 8.549296e-003
454 1.197441e-004 6.425890e-003
455 1.256262e-004 7.186380e-003
456 1.346097e-005 3.531543e-003
457 1.311429e-005 3.445244e-003
458 4.593828e-005 4.531893e-003
459 2.449151e-003 5.795971e-002
460 1.058961e-003 3.382209e-002
461 3.274609e-004 1.236584e-002
462 9.666884e-004 3.216408e-002
463 1.485577e-004 8.488241e-003
464 4.593828e-005 4.531893e-003
465 4.593828e-005 4.531893e-003
466 4.593828e-005 4.531893e-003
467 1.280286e-004 5.228316e-003
468 1.197441e-004 6.425890e-003
469 4.593828e-005 4.531893e-003
470 4.425031e-005 4.383958e-003
471 1.259470e-004 6.716618e-003
472 4.593828e-005 4.531893e-003
473 4.593828e-005 4.531893e-003
474 1.259470e-004 6.716618e-003
475 3.444237e-004 1.316089e-002
476 1.022748e-004 8.336388e-003
477 1.301837e-004 1.565656e-002
478 2.188615e-004 7.238838e-003
479 2.533653e-004 8.595888e-003
480 9.204351e-004 2.046527e-002
481 1.017750e-003 5.328791e-002
482 3.765378e-005 5.501104e-003
483 3.765378e-005 5.501104e-003
484 8.787990e-005 5.222688e-003
485 3.682993e-005 6.475265e-003
486 3.858922e-005 4.956798e-003
487 9.349548e-004 2.957540e-002
488 2.772015e-003 3.075131e-002
489 5.767266e-003 1.857386e-001
490 9.567302e-005 7.239600e-003
491 1.094429e-004 8.134115e-003
492 5.491822e-006 6.424778e-003
493 3.888269e-005 7.006271e-003
494 2.533653e-004 8.595888e-003
495 3.684708e-005 7.972535e-003
496 3.498518e-005 5.124102e-003
497 4.071581e-005 8.132861e-003
498 7.141369e-004 1.144861e-002
499 1.271141e-003 3.542917e-002
500 3.714705e-005 6.871618e-003
