1 4.110219e-005 7.857223e-002
2 9.886698e-008 9.773968e-002
3 1.070172e-003 1.403289e-001
4 8.206967e-006 2.239554e-002
5 7.234870e-008 4.131686e-003
6 1.906243e-003 6.475282e-001
7 4.070097e-002 1.017563e+000
8 2.042194e-004 7.472772e-002
9 3.694752e-007 3.209248e-003
10 4.286367e-004 4.468803e-001
11 5.926116e-008 9.372074e-003
12 2.540607e-004 4.284922e-002
13 2.631892e-003 3.527859e-001
14 2.210610e-008 5.691322e-003
15 1.292847e-003 1.217311e-001
16 3.438169e-004 2.560248e-001
17 9.070846e-010 7.217053e-003
18 1.178405e-005 1.968576e-002
19 3.706035e-005 8.643825e-002
20 5.138760e-011 5.073522e-003
21 1.195703e-002 1.276955e+000
22 4.115630e-003 1.478281e-001
23 8.979700e-008 5.919523e-003
24 1.880300e-004 5.567226e-002
25 8.577058e-005 5.602421e-002
26 3.721441e-003 3.434389e-001
27 1.108961e-004 3.168454e-002
28 4.231838e-009 4.300981e-003
29 1.601387e-003 4.071241e-001
30 3.434430e-002 1.447838e+000
31 3.046930e-003 6.594218e-002
32 1.480901e-003 1.650828e-001
33 2.764430e-006 3.273040e-003
34 6.159926e-011 2.780131e-003
35 1.123596e-005 2.545206e-002
36 8.167762e-003 4.486644e-001
37 2.787899e-007 6.770184e-002
38 8.955937e-008 2.253651e-002
39 6.097675e-009 2.842719e-003
40 6.488619e-006 1.472600e-002
41 8.266790e-004 2.102873e-001
42 1.622835e-007 2.019371e-002
43 9.139014e-003 4.256079e-001
44 7.987353e-005 5.771991e-002
45 6.302762e-004 5.936803e-002
46 4.759852e-005 1.101161e-002
47 3.354397e-003 2.935381e-001
48 9.115368e-009 3.290416e-003
49 1.089049e-004 6.191105e-002
50 1.513593e-002 7.284213e-001
51 9.688141e-004 9.750088e-002
52 9.056107e-004 3.177445e-002
53 1.425166e-005 6.787962e-003
54 1.593413e-006 1.911108e-002
55 8.990870e-007 3.840674e-003
56 1.217932e-002 8.198424e-001
57 2.067072e-004 3.375705e-002
58 5.794743e-005 2.297503e-002
59 1.024863e-003 4.421520e-002
60 1.953943e-006 1.993224e-002
61 5.103238e-003 8.338690e-001
62 1.754382e-003 2.113000e-001
63 7.312238e-008 3.971764e-003
64 1.912390e-006 3.512480e-003
65 6.015003e-005 1.985347e-001
66 2.527068e-008 2.863001e-003
67 6.579007e-008 8.856491e-003
68 3.556668e-009 4.155418e-003
69 1.167452e-006 6.840024e-003
70 5.745512e-009 1.086351e-002
71 7.492057e-003 2.095018e-001
72 2.176838e-005 5.643879e-003
73 1.107176e-007 3.153133e-003
74 2.365483e-004 1.171380e-001
75 1.163883e-008 4.010599e-003
76 1.606321e-004 9.153326e-003
77 5.121644e-009 4.439903e-003
78 4.147847e-003 3.847506e-001
79 2.671269e-002 7.786863e-001
80 3.332854e-007 9.119461e-003
81 5.266262e-010 2.817617e-003
82 4.598721e-006 1.071045e-002
83 1.888898e-006 5.579416e-003
84 6.089002e-005 2.923170e-002
85 2.260770e-003 5.088632e-001
86 3.561343e-004 4.818569e-002
87 1.236169e-008 4.129938e-003
88 1.879893e-006 1.092133e-002
89 2.026596e-004 1.915506e-001
90 1.556594e-004 2.049806e-002
91 1.194129e-005 2.934027e-002
92 1.797219e-002 1.631619e+000
93 4.052846e-004 1.592417e-001
94 3.136748e-007 4.772536e-003
95 3.897144e-005 1.024092e-001
96 7.701824e-007 4.118749e-003
97 4.245681e-007 8.592221e-003
98 1.254260e-005 7.419046e-003
99 1.404524e-004 5.952904e-002
100 1.268588e-002 9.447771e-001
101 3.534952e-008 5.900502e-003
102 1.978085e-007 5.636408e-003
103 3.741718e-005 1.043481e-001
104 1.854457e-004 1.587124e-002
105 2.102389e-003 1.408689e-001
106 1.126166e-006 6.698855e-003
107 4.968346e-009 4.345414e-003
108 2.394750e-008 4.347868e-003
109 4.066666e-007 3.472714e-003
110 3.662911e-005 1.316594e-002
111 1.709057e-006 2.541378e-002
112 2.950245e-005 3.287048e-002
113 2.821222e-003 2.511101e-001
114 1.330711e-002 6.735316e-001
115 1.140198e-002 6.017666e-001
116 1.070671e-002 4.893096e-001
117 2.140895e-004 8.490517e-002
118 5.700693e-003 1.066870e+000
119 1.008046e-004 1.131057e-002
120 3.253417e-005 1.648619e-002
121 1.539095e-005 4.796104e-002
122 8.035133e-006 6.211961e-002
123 3.596223e-007 5.510708e-003
124 2.808981e-004 4.795807e-002
125 2.656295e-006 1.110503e-002
126 2.774483e-006 1.333664e-002
127 8.424438e-006 1.578439e-002
128 3.381739e-006 3.793702e-002
129 2.788235e-006 1.309837e-002
130 2.246723e-006 8.708421e-003
131 7.682004e-006 1.262655e-002
132 2.252150e-004 2.042667e-001
133 5.459450e-005 4.512235e-002
134 4.950598e-005 1.255699e-001
135 2.631087e-006 8.893660e-003
136 4.173026e-005 1.610618e-002
137 2.295493e-004 1.478472e-001
138 2.522354e-006 1.218693e-002
139 2.515254e-006 1.320217e-002
140 4.199041e-007 6.759670e-003
141 2.125726e-006 6.730175e-003
142 2.805948e-005 8.337620e-003
143 1.037005e-006 6.214443e-003
144 3.208052e-006 1.465447e-002
145 1.242076e-006 9.494596e-003
146 7.177011e-009 2.921000e-003
147 5.427564e-007 1.008417e-002
148 8.075920e-007 6.152032e-003
149 8.001518e-007 5.076794e-003
150 4.719624e-008 6.483363e-003
151 5.599672e-008 3.797989e-003
152 1.470034e-007 5.741362e-003
153 1.437562e-005 1.420759e-002
154 7.619707e-007 5.035553e-003
155 3.292431e-007 6.117513e-003
156 6.928595e-006 1.456023e-002
157 3.800345e-007 5.642606e-003
158 3.279065e-004 5.732880e-002
159 5.982877e-005 2.439829e-002
160 1.296130e-004 1.240079e-002
161 1.381884e-004 2.988237e-002
162 2.041836e-005 7.634486e-003
163 6.937390e-006 6.447802e-003
164 1.834615e-005 7.353781e-003
165 2.816152e-006 6.393292e-003
166 7.208363e-006 6.699463e-003
167 1.170162e-004 1.514357e-002
168 6.923110e-004 3.650530e-002
169 1.630282e-004 4.903547e-002
170 5.377340e-005 1.058631e-002
171 4.155075e-005 1.104451e-002
172 2.803502e-004 1.524767e-002
173 3.871511e-004 4.965325e-002
174 1.419396e-003 1.694721e-001
175 1.669922e-004 2.190806e-002
176 2.617379e-005 1.486912e-002
177 1.069352e-005 1.467954e-002
178 3.168669e-006 5.085364e-003
179 7.719287e-005 3.115835e-002
180 7.107994e-005 2.273690e-002
181 4.729947e-004 1.079195e-001
182 1.432349e-005 5.206539e-002
183 3.400371e-006 1.179654e-002
184 4.676892e-004 9.602529e-002
185 1.478015e-003 2.046322e-001
186 3.156743e-005 4.203690e-002
187 1.108712e-005 1.345088e-002
188 6.816843e-005 3.106403e-002
189 2.832771e-005 1.693976e-002
190 1.806059e-004 4.872716e-002
191 2.449369e-004 6.382212e-002
192 1.468418e-005 1.435414e-002
193 4.557585e-004 4.815106e-002
194 1.018839e-005 9.194003e-003
195 7.083792e-005 2.103447e-002
196 1.909838e-004 1.959738e-002
197 1.115700e-003 3.041490e-002
198 6.688201e-005 1.365629e-002
199 6.935917e-005 1.929617e-002
200 3.572981e-005 2.334327e-002
201 7.349690e-006 5.829124e-003
202 5.013216e-006 1.567330e-002
203 3.286805e-005 1.507438e-002
204 7.779896e-006 7.774181e-003
205 2.088978e-005 5.664715e-003
206 7.966468e-005 1.473412e-002
207 1.429217e-006 8.317478e-003
208 8.225694e-007 7.222089e-003
209 4.205372e-006 7.766122e-003
210 3.647783e-006 5.358758e-003
211 3.330638e-005 1.483040e-002
212 3.362497e-003 1.877842e-001
213 5.733224e-006 2.859452e-002
214 8.261314e-005 1.106227e-002
215 8.625663e-005 2.268810e-002
216 5.649479e-006 2.398423e-002
217 5.992422e-005 1.574983e-002
218 9.727798e-004 1.045096e-001
219 5.154734e-005 2.479740e-002
220 6.072119e-007 8.704913e-003
221 3.755684e-005 3.506221e-002
222 2.938466e-005 7.587447e-002
223 8.215649e-005 2.560915e-002
224 5.264167e-005 9.418925e-003
225 4.310860e-007 6.106189e-003
226 1.787306e-007 5.590757e-003
227 2.991044e-006 6.744217e-003
228 2.182714e-005 2.574086e-002
229 1.646253e-005 1.949141e-002
230 1.285275e-004 4.669398e-002
231 1.020488e-003 1.741097e-001
232 3.942506e-004 2.575677e-001
233 1.868932e-005 1.721225e-002
234 6.248578e-006 7.983667e-003
235 1.311833e-004 4.319713e-002
236 7.079515e-006 1.217789e-002
237 1.173535e-004 4.543844e-002
238 6.256238e-006 7.845991e-003
239 4.559357e-007 6.608597e-003
240 6.301632e-006 6.668287e-003
241 6.699679e-006 1.669260e-002
242 1.460537e-005 8.157510e-003
243 7.580673e-006 1.451608e-002
244 6.936485e-008 4.997398e-003
245 1.068155e-004 3.688262e-002
246 1.203859e-004 5.010965e-002
247 5.123967e-005 4.246711e-002
248 5.807240e-005 2.589223e-002
249 1.736516e-005 1.329744e-002
250 1.085092e-006 7.793098e-003
251 1.085092e-006 7.793098e-003
252 5.672431e-005 2.212275e-002
253 8.305160e-006 9.740990e-003
254 2.886878e-006 8.026694e-003
255 1.706218e-005 1.247823e-002
256 3.767338e-007 6.294425e-003
257 5.123967e-005 4.246711e-002
258 1.426835e-003 3.474346e-001
259 4.826743e-004 1.252026e-001
260 1.471511e-006 1.221264e-002
261 6.668955e-005 3.347883e-002
262 3.901357e-006 1.450275e-002
263 2.241962e-004 8.976091e-002
264 1.693163e-005 5.644941e-002
265 1.471127e-005 5.585727e-002
266 9.230923e-005 4.536232e-002
267 2.568816e-003 1.040183e-001
268 7.820578e-006 6.704810e-003
269 3.526361e-004 3.133914e-002
270 8.577957e-007 2.411432e-002
271 1.642769e-005 1.140399e-002
272 2.128572e-005 1.307030e-002
273 1.464077e-005 2.181790e-002
274 3.476702e-005 2.662013e-002
275 2.072046e-006 2.446674e-002
276 6.781034e-006 1.141592e-002
277 6.573447e-005 2.773767e-002
278 1.657863e-006 2.699665e-002
279 4.109940e-004 4.184745e-002
280 3.639167e-005 2.203904e-002
281 6.062757e-005 1.789747e-002
282 6.344096e-005 1.077430e-002
283 3.002363e-006 1.234134e-002
284 9.674899e-006 1.523268e-002
285 3.415218e-003 4.085509e-001
286 1.392950e-005 3.787203e-002
287 2.771189e-004 1.380264e-001
288 7.076622e-005 3.026956e-002
289 2.250521e-004 5.896335e-002
290 2.630504e-004 7.554007e-002
291 1.098879e-004 4.639503e-002
292 6.569973e-004 1.178046e-001
293 4.391144e-003 3.012613e-001
294 1.921557e-004 3.616636e-002
295 6.324746e-003 4.895625e-001
296 8.957773e-003 8.556820e-001
297 7.489662e-003 7.854916e-001
298 2.141518e-004 1.771806e-001
299 4.029381e-005 1.057069e-001
300 7.592270e-005 4.236057e-002
301 7.029133e-004 3.700785e-001
302 3.059541e-005 8.922686e-002
303 7.989621e-006 9.264222e-003
304 3.738391e-006 9.810933e-003
305 3.265484e-006 8.591871e-003
306 1.363583e-006 1.613992e-002
307 5.586451e-005 1.931710e-002
308 5.899177e-005 1.806560e-002
309 8.382088e-006 1.016414e-002
310 5.548854e-007 1.045400e-002
311 2.371142e-005 1.745395e-002
312 3.160137e-006 7.893767e-003
313 3.256854e-006 6.566435e-003
314 3.425892e-006 9.458758e-003
315 8.857161e-006 1.991354e-002
316 1.577813e-004 4.975182e-002
317 2.905335e-009 3.218452e-003
318 5.633076e-008 3.173480e-003
319 1.506392e-006 1.887704e-002
320 4.206442e-004 5.353553e-002
321 9.968483e-008 1.485023e-002
322 5.991561e-005 4.892467e-002
323 7.514051e-003 2.810613e-001
324 3.828220e-006 2.207088e-002
325 1.980074e-005 1.213663e-002
326 3.075293e-005 3.242727e-002
327 2.615726e-004 1.199126e-001
328 1.286089e-004 1.683486e-001
329 1.758832e-003 2.018523e-001
330 3.257735e-003 4.532361e-001
331 4.354267e-003 7.447938e-001
332 2.505249e-004 1.803967e-001
333 2.313278e-004 5.461135e-002
334 9.149621e-005 5.699178e-002
335 1.269509e-003 6.378786e-002
336 6.161270e-004 1.096500e-001
337 7.038514e-004 3.716228e-001
338 1.990663e-003 3.913173e-001
339 1.575067e-004 2.745990e-002
340 1.116783e-007 4.496142e-003
341 8.706586e-008 3.784181e-003
342 1.731042e-004 1.521037e-002
343 1.694402e-004 2.725387e-002
344 8.796019e-004 1.377539e-001
345 1.093867e-007 3.214906e-003
346 7.259061e-006 2.966443e-002
347 2.813878e-006 4.571917e-002
348 2.478160e-004 1.886867e-002
349 8.139973e-004 9.052470e-002
350 1.654540e-005 3.022325e-002
351 2.613257e-006 1.576039e-002
352 3.126536e-007 6.361511e-003
353 2.472392e-006 1.223281e-002
354 6.680807e-007 6.475964e-003
355 3.285071e-007 5.500799e-003
356 9.185376e-008 3.212409e-003
357 1.969052e-004 3.729344e-002
358 1.589995e-004 4.291705e-002
359 2.495519e-004 2.053445e-002
360 3.247844e-005 1.128103e-002
361 1.935868e-004 3.254436e-002
362 1.505142e-005 2.101239e-002
363 5.804524e-006 1.591073e-002
364 3.126536e-007 6.361511e-003
365 1.761720e-004 5.637638e-002
366 1.830063e-004 1.057509e-001
367 5.121538e-006 2.604831e-002
368 8.139973e-004 9.052470e-002
369 1.041733e-004 4.990147e-002
370 1.028701e-005 4.375661e-002
371 4.128533e-006 1.980896e-002
372 3.108155e-003 3.953197e-001
373 1.295780e-004 1.918061e-001
374 1.163232e-003 7.042595e-001
375 4.411050e-005 4.480701e-002
376 2.741870e-003 1.712379e-001
377 2.662900e-004 6.159431e-002
378 7.930506e-004 7.529504e-002
379 6.733054e-007 2.116243e-002
380 1.091582e-005 9.076328e-003
381 9.726129e-007 1.038434e-002
382 2.357773e-003 4.097915e-001
383 6.710989e-008 8.392955e-003
384 1.393080e-006 1.311140e-002
385 8.312327e-004 1.452240e-001
386 5.597831e-004 2.013438e-001
387 1.460786e-003 2.540624e-001
388 2.241465e-003 2.196324e-001
389 3.197406e-003 4.611226e-001
390 1.589489e-002 6.282501e-001
391 1.395174e-003 1.424903e-001
392 3.773767e-003 4.225104e-001
393 9.550036e-005 9.928084e-002
394 6.030748e-004 1.452887e-001
395 1.383268e-003 1.980182e-001
396 7.113569e-007 1.030899e-002
397 7.340786e-006 6.118178e-003
398 6.629380e-005 3.243250e-002
399 1.086167e-005 1.157956e-002
400 2.633380e-005 1.233394e-002
401 6.901387e-007 1.001894e-002
402 3.722700e-006 9.275405e-003
403 9.566062e-006 1.139944e-002
404 3.184397e-005 1.551400e-002
405 3.668130e-006 1.202147e-002
406 9.622341e-006 1.765752e-002
407 1.564782e-006 9.798349e-003
408 8.065627e-006 1.341944e-002
409 1.264612e-002 5.575008e-001
410 1.660927e-006 7.908108e-003
411 1.564782e-006 9.798349e-003
412 2.957792e-003 9.604007e-002
413 6.614459e-006 8.087237e-003
414 4.351015e-006 1.060172e-002
415 1.036943e-005 1.093380e-002
416 3.443317e-006 6.957093e-003
417 3.443317e-006 6.957093e-003
418 9.034733e-003 4.218895e-001
419 3.414694e-004 1.059791e-001
420 1.613800e-005 3.746369e-002
421 5.323437e-005 2.137851e-002
422 7.540874e-005 3.030004e-002
423 1.240402e-006 6.380927e-003
424 7.200150e-005 3.993151e-002
425 2.484125e-005 1.181452e-002
426 2.797379e-003 1.559909e-001
427 3.894521e-004 7.829260e-002
428 7.005589e-007 9.096663e-003
429 1.180351e-007 8.347109e-003
430 6.518571e-007 8.366075e-003
431 8.116955e-007 8.718776e-003
432 5.255086e-007 6.363214e-003
433 3.138969e-005 2.310533e-002
434 6.131009e-007 8.521780e-003
435 1.855686e-006 1.173309e-002
436 1.954758e-004 4.549193e-002
437 1.708649e-004 3.167462e-002
438 6.640389e-007 8.884097e-003
439 1.041456e-003 7.710115e-002
440 2.410285e-006 2.847246e-002
441 2.136598e-007 6.210614e-003
442 3.481007e-003 8.730908e-001
443 5.061920e-003 4.251751e-001
444 4.522563e-003 8.221928e-001
445 1.515640e-004 1.149400e-001
446 1.155986e-008 4.364086e-003
447 1.067140e-005 1.027423e-002
448 2.863795e-008 3.828339e-003
449 6.629872e-008 3.333583e-003
450 1.689380e-007 5.365222e-003
451 2.477191e-005 2.852430e-002
452 3.631841e-006 1.501068e-002
453 8.438610e-006 2.275159e-002
454 1.403062e-006 8.335997e-003
455 3.717763e-006 1.009206e-002
456 1.865345e-009 3.635516e-003
457 7.558764e-008 3.558930e-003
458 2.238587e-007 4.910132e-003
459 2.215732e-004 9.652430e-002
460 2.025494e-004 4.935188e-002
461 3.978026e-006 1.508420e-002
462 4.184852e-006 3.809885e-002
463 4.361152e-006 1.233095e-002
464 2.221322e-007 5.001150e-003
465 1.590675e-006 5.203301e-003
466 9.478177e-008 4.799147e-003
467 4.131358e-006 7.013367e-003
468 1.518871e-006 8.491959e-003
469 9.238213e-008 4.800533e-003
470 7.609564e-008 4.780859e-003
471 6.233829e-007 8.440801e-003
472 3.361938e-006 5.738894e-003
473 8.434264e-008 4.800028e-003
474 6.603804e-007 7.497486e-003
475 1.517759e-006 1.717738e-002
476 4.456482e-003 9.541976e-002
477 1.484159e-004 2.630298e-002
478 3.575840e-004 7.599372e-002
479 3.658165e-004 4.584228e-002
480 5.326460e-004 1.451715e-001
481 4.860432e-004 1.388360e-001
482 7.532425e-006 7.251586e-003
483 1.673378e-005 8.644432e-003
484 8.351470e-005 8.005700e-003
485 4.710225e-005 1.081589e-002
486 1.793373e-005 5.826041e-003
487 3.966902e-004 9.672055e-002
488 1.069452e-003 7.490172e-002
489 6.361852e-003 6.587337e-001
490 1.747495e-005 9.625833e-003
491 9.593122e-004 4.752539e-002
492 7.583746e-006 7.374708e-003
493 7.019197e-004 3.169952e-002
494 2.016464e-003 1.220789e-001
495 2.932557e-004 2.447645e-002
496 2.570097e-006 5.331035e-003
497 6.012595e-004 2.215998e-002
498 1.177079e-004 1.687190e-002
499 8.714320e-005 6.382261e-002
500 8.564689e-006 7.455297e-003
