2 2.944221e-03 5.914216e-02
3 5.635103e-03 3.062097e-02
4 9.342756e-03 1.671370e-01
5 3.007330e-03 3.976548e-02
6 1.603211e-03 1.024289e-01
7 2.933797e-03 7.869778e-02
8 8.916731e-03 4.564340e-02
9 1.717210e-03 1.708224e-02
10 3.919440e-05 2.770026e-03
11 3.468269e-03 2.168713e-01
12 3.462145e-03 5.370102e-02
13 2.189964e-03 3.733407e-02
14 5.061961e-03 2.194709e-02
15 6.857692e-03 6.771635e-02
16 3.169482e-03 1.094284e-01
17 1.263619e-03 1.292871e-02
18 9.104857e-03 5.899600e-02
19 6.109999e-04 2.474265e-02
20 1.709798e-03 4.082853e-02
21 6.063312e-04 1.168721e-02
22 5.869624e-03 6.036239e-02
23 3.533888e-03 1.373638e-01
24 1.230787e-03 7.635013e-02
25 1.475236e-03 3.153575e-02
26 3.505057e-03 7.104217e-02
27 1.729009e-02 9.874127e-02
28 3.903041e-03 3.313496e-02
29 1.995336e-03 3.628347e-02
30 7.048851e-04 6.190761e-03
31 2.567895e-03 2.857249e-02
32 3.408307e-03 6.063740e-02
33 2.892976e-03 5.920679e-02
34 3.183662e-04 7.506667e-03
35 1.029094e-02 1.727649e-01
36 6.806010e-04 2.539462e-02
37 1.280704e-04 1.206275e-02
38 1.094148e-03 6.688853e-02
39 9.837911e-03 1.947910e-01
40 1.163773e-02 1.347384e-01
41 4.327957e-04 2.158891e-02
42 1.847342e-03 2.997007e-02
43 1.655595e-03 1.660522e-02
44 1.260528e-04 3.652730e-03
45 4.373413e-05 3.710608e-03
46 1.153156e-04 4.107077e-03
47 1.115526e-04 7.003973e-03
48 3.110848e-05 4.091744e-03
49 1.503128e-03 3.674103e-02
50 2.844517e-04 6.867026e-03
51 1.356245e-05 2.945283e-03
52 9.997309e-05 4.058196e-03
53 4.934874e-04 1.240349e-02
54 5.423030e-06 2.639604e-03
55 3.512960e-05 2.899872e-03
56 3.454216e-05 3.607689e-03
57 1.406776e-05 2.878811e-03
58 1.014826e-04 3.548257e-03
59 6.948583e-04 8.745656e-03
60 1.072667e-04 5.338349e-03
61 6.948583e-04 8.745656e-03
62 5.228236e-06 2.665229e-03
63 2.782582e-04 8.329056e-03
64 5.423030e-06 2.639604e-03
65 4.613156e-06 2.836166e-03
66 9.401180e-05 7.918291e-03
67 4.613156e-06 2.836166e-03
68 4.135850e-05 3.070657e-03
69 3.345817e-04 1.509682e-02
70 3.274782e-04 1.057117e-02
71 1.134497e-04 4.690154e-03
72 1.051561e-04 8.323724e-03
73 2.936467e-04 7.919407e-03
74 4.300280e-05 4.700495e-03
75 1.332651e-05 3.364221e-03
76 2.135614e-03 3.633088e-02
77 1.234816e-04 9.234129e-03
78 1.649422e-03 2.699681e-02
79 2.527898e-04 8.157886e-03
80 1.002698e-04 8.841479e-03
81 1.406776e-05 2.878811e-03
82 3.204408e-04 1.611153e-02
83 4.761445e-05 4.794929e-03
84 9.234012e-04 2.521498e-02
85 3.438134e-04 9.654367e-03
86 1.561392e-05 4.650592e-03
87 2.799437e-04 8.251390e-03
88 3.400503e-05 3.635969e-03
89 1.171400e-04 7.569466e-03
90 1.326245e-04 3.879841e-03
91 1.594344e-05 2.713560e-03
92 4.460500e-05 4.489727e-03
93 4.605135e-05 4.179578e-03
94 1.134497e-04 4.690154e-03
95 1.333166e-05 2.658811e-03
96 2.405587e-03 1.707458e-02
97 3.724213e-05 8.149735e-03
98 9.385393e-03 4.323202e-02
99 1.478316e-03 3.262733e-02
100 2.522347e-04 6.369534e-03
101 1.135073e-04 6.457816e-03
102 1.058611e-04 4.119812e-03
103 6.350319e-04 1.265328e-02
104 1.179118e-04 9.889013e-03
105 8.901398e-04 1.603533e-02
106 4.218207e-05 3.714849e-03
107 1.626092e-05 2.997590e-03
108 3.068656e-04 9.871941e-03
109 1.019636e-03 2.891491e-02
110 1.678557e-04 1.100321e-02
111 2.276451e-03 4.172623e-02
112 5.021191e-04 5.113153e-02
113 2.906592e-03 7.642131e-02
114 4.162470e-04 1.262658e-02
115 6.928521e-04 2.722596e-02
116 1.413379e-03 5.085527e-02
117 6.527188e-05 1.008821e-02
118 1.377701e-05 5.161088e-03
119 2.996136e-03 3.416280e-02
120 4.826917e-03 4.191536e-02
121 4.135850e-05 3.070657e-03
122 3.137990e-05 4.589043e-03
123 7.717401e-04 1.690098e-02
124 8.676329e-05 5.367564e-03
125 4.586656e-05 6.145381e-03
126 9.433645e-05 7.245452e-03
127 1.219730e-04 7.167005e-03
128 9.346064e-05 4.275901e-03
129 2.034048e-04 5.274790e-03
130 4.301464e-05 6.568138e-03
131 6.820800e-03 6.751379e-02
132 1.594344e-05 2.713560e-03
133 6.391314e-03 6.448832e-02
134 2.425837e-04 7.672423e-03
135 1.107400e-04 4.513807e-03
136 2.660587e-04 4.493657e-03
137 1.036979e-04 3.864243e-03
138 1.678557e-04 1.100321e-02
139 1.035667e-04 5.100210e-03
140 3.244350e-05 3.688322e-03
141 1.754017e-03 4.390648e-02
142 2.224277e-03 2.016214e-02
143 3.858899e-05 4.163904e-03
144 1.192722e-04 5.916210e-03
145 8.635332e-05 8.249290e-03
146 1.542206e-05 3.883083e-03
147 1.927728e-03 2.519522e-02
148 1.348008e-05 2.522522e-03
149 3.983092e-05 5.482847e-03
150 1.191542e-05 2.970012e-03
151 1.854371e-05 9.319568e-03
152 5.594214e-05 1.962386e-02
153 2.771532e-04 6.894156e-03
154 1.661804e-03 2.037060e-02
155 5.196486e-06 2.406133e-03
156 2.370393e-04 4.796877e-03
157 2.635064e-04 6.474735e-03
158 3.204454e-05 3.606246e-03
159 9.548943e-05 5.001053e-03
160 2.540708e-03 2.609740e-02
161 9.088520e-05 6.284048e-03
162 2.815584e-05 1.001150e-02
163 1.561392e-05 4.650592e-03
164 2.003017e-04 2.132047e-02
165 1.296493e-05 2.803660e-03
166 1.434147e-05 3.578033e-03
167 4.068154e-05 4.829234e-03
168 9.040986e-05 3.644289e-03
169 9.108001e-04 1.354857e-02
170 4.042700e-03 5.453701e-02
171 9.983075e-05 4.754536e-03
172 2.131983e-04 9.100981e-03
173 3.922367e-05 3.642598e-03
174 3.056542e-05 2.652319e-03
175 1.356245e-05 2.945283e-03
176 9.540181e-05 4.934412e-03
177 3.324530e-05 3.997699e-03
178 4.056947e-05 5.362952e-03
179 8.759917e-04 2.467170e-02
180 4.000602e-05 4.709178e-03
181 1.331860e-03 3.336064e-02
182 4.957698e-06 2.659844e-03
183 1.072897e-04 7.716738e-03
184 7.047936e-04 1.689654e-02
185 3.911285e-05 4.299074e-03
186 1.348998e-05 5.569919e-03
187 1.932575e-03 3.041452e-02
188 1.520468e-04 2.544971e-02
189 1.152951e-05 4.257392e-03
190 1.222758e-03 5.633890e-02
191 1.073632e-04 4.131001e-03
192 4.243458e-04 1.660958e-02
193 3.804087e-04 3.130331e-02
194 8.742802e-05 4.083716e-03
195 1.728256e-02 1.173727e-01
196 1.594344e-05 2.713560e-03
197 4.017408e-03 8.066041e-02
198 2.771532e-04 6.894156e-03
199 1.165628e-02 8.927475e-02
200 1.127400e-04 6.494871e-03
201 4.739277e-06 2.590616e-03
202 2.914547e-03 5.876077e-02
203 5.498411e-03 4.067322e-02
204 8.279275e-05 4.468402e-03
205 3.204518e-03 3.942647e-02
206 2.132110e-05 1.145705e-02
207 1.243336e-05 2.608285e-03
208 1.055333e-03 3.748756e-02
209 1.111858e-03 4.049385e-02
210 6.127871e-04 5.682347e-02
211 1.037669e-03 1.882451e-02
212 3.151644e-04 1.762122e-02
213 1.251720e-03 3.594447e-02
214 2.770652e-03 4.958192e-02
215 1.007760e-04 1.153451e-02
216 1.623135e-05 7.397882e-03
217 3.892702e-05 4.447993e-03
218 2.278030e-04 7.917893e-02
219 5.228236e-06 2.665229e-03
220 7.213801e-04 5.361957e-02
221 8.109383e-04 1.046297e-02
222 2.206982e-04 1.141031e-02
223 4.068154e-05 4.829234e-03
224 8.347488e-05 2.750081e-03
225 9.755483e-04 2.457244e-02
226 5.423030e-06 2.639604e-03
227 3.266570e-04 9.335951e-03
228 2.816221e-03 3.534209e-02
229 2.625156e-03 1.816040e-02
230 1.189078e-04 4.021975e-03
231 5.108263e-04 1.802322e-02
232 3.814702e-05 3.333786e-03
233 4.423688e-06 5.540223e-03
234 1.283997e-04 8.835826e-03
235 1.007795e-04 1.084775e-02
236 2.071687e-04 3.073984e-02
237 1.385883e-05 3.578472e-03
238 2.849138e-04 1.142742e-02
239 3.818617e-05 6.269261e-03
240 1.560151e-04 1.430551e-02
241 3.471320e-03 3.002007e-02
242 4.283025e-05 7.376646e-03
243 3.313864e-05 2.570264e-03
244 1.618264e-04 1.131716e-02
245 5.921358e-04 2.144035e-02
246 9.419140e-04 1.699090e-02
247 2.936970e-04 5.070176e-03
248 3.514235e-03 7.739659e-02
249 7.628223e-04 1.411715e-02
250 1.474511e-03 7.768626e-02
251 1.356245e-05 2.945283e-03
252 3.214144e-03 5.731310e-02
253 3.276269e-04 2.858783e-02
254 9.034910e-04 1.665704e-02
255 1.522327e-05 5.640606e-03
256 1.615875e-06 2.388625e-03
257 4.783892e-04 2.529350e-02
258 7.278030e-04 9.312004e-03
259 5.228236e-06 2.665229e-03
260 3.451835e-04 1.083937e-02
261 4.050372e-05 5.486964e-03
262 5.228236e-06 2.665229e-03
263 2.986406e-04 5.483318e-03
264 1.029825e-04 4.136559e-03
265 2.031084e-04 2.453200e-02
266 4.437764e-05 5.470584e-03
267 4.210536e-05 8.446598e-03
268 1.265426e-05 4.046927e-03
269 1.438467e-05 7.607837e-03
270 5.509539e-06 3.148544e-03
271 1.475050e-04 2.004055e-02
272 9.001268e-05 6.256413e-03
273 9.810423e-04 1.628212e-02
274 1.099313e-04 8.707296e-03
275 3.954256e-06 3.730352e-03
276 5.237829e-06 5.995051e-03
277 4.310939e-05 1.307601e-02
278 3.132313e-04 2.532638e-02
279 8.758933e-05 5.637215e-03
280 1.963101e-03 2.880730e-02
281 6.959179e-04 1.295553e-02
282 1.145081e-04 1.073879e-02
283 9.065026e-04 6.866096e-02
284 3.170543e-04 1.342506e-02
285 7.435159e-04 9.754873e-03
286 4.201826e-05 3.645139e-03
287 3.884304e-05 4.863485e-03
288 2.007401e-04 1.169254e-02
289 3.490949e-04 9.183520e-03
290 6.165953e-04 7.284810e-03
291 4.263084e-06 3.333955e-03
292 1.091768e-04 1.074098e-02
293 9.973358e-05 5.506635e-03
294 3.673182e-06 2.992088e-03
295 3.236370e-03 4.901338e-02
296 6.037307e-04 3.812907e-02
297 1.232827e-04 1.275149e-02
298 2.210735e-04 4.049506e-03
299 1.018553e-04 6.910151e-03
300 1.114798e-03 4.689608e-02
301 9.300615e-04 8.577602e-03
302 3.346499e-04 9.856135e-03
303 4.647251e-04 4.273039e-02
304 1.098039e-05 3.282692e-03
305 7.068210e-04 3.607772e-02
306 1.728080e-06 2.364746e-03
307 6.216138e-04 5.973972e-02
308 1.879202e-06 2.727116e-03
309 4.188192e-05 1.534290e-02
310 1.069602e-04 6.310940e-03
311 1.054819e-04 9.375576e-03
312 5.102844e-04 3.474494e-02
313 2.078834e-04 3.259234e-02
314 4.050372e-05 5.486964e-03
315 9.002082e-05 8.428024e-03
316 4.514337e-03 1.467711e-01
317 6.185953e-04 3.887954e-02
318 1.619531e-03 4.527142e-02
319 8.883109e-05 8.202521e-03
320 2.926818e-04 1.781501e-02
321 4.507002e-06 2.860781e-03
322 4.688433e-06 4.688143e-03
323 7.255886e-04 2.479577e-02
324 3.332816e-04 2.105695e-02
325 1.292514e-05 2.510772e-03
326 4.520597e-05 6.233124e-03
327 1.025604e-04 3.615285e-03
328 7.925849e-05 3.974798e-03
329 4.060148e-03 5.246124e-02
330 3.300315e-05 3.074500e-03
331 1.397253e-03 4.228515e-02
332 3.984096e-04 1.351360e-02
333 3.299039e-05 5.809910e-03
334 6.484985e-05 1.428311e-02
335 3.600360e-05 4.210216e-03
336 3.539688e-05 5.082417e-03
337 1.709741e-06 3.031902e-03
338 2.676813e-03 2.563478e-02
339 1.240578e-04 5.205300e-03
340 8.577820e-05 2.327894e-02
341 2.672297e-04 1.074798e-02
342 1.836448e-03 1.574570e-02
343 1.575332e-05 8.410130e-03
344 4.142141e-04 2.801401e-02
345 9.899564e-03 1.224655e-01
346 5.345402e-04 4.231326e-02
347 4.595241e-06 3.089689e-03
348 1.110410e-03 1.836105e-02
349 8.118859e-05 4.023344e-03
350 1.219978e-04 5.078999e-03
351 3.850123e-03 8.629783e-02
352 1.174536e-04 1.586938e-02
353 1.356245e-05 2.945283e-03
354 1.034882e-04 1.218505e-02
355 2.667193e-03 2.045446e-02
356 3.023690e-04 1.093478e-02
357 7.140253e-04 4.370535e-02
358 8.259811e-04 6.777028e-03
359 1.345892e-05 3.963003e-03
360 6.819757e-05 3.677458e-02
361 4.098159e-05 1.338268e-02
362 1.077250e-03 5.218992e-02
363 1.057687e-03 5.161954e-02
364 9.867106e-04 1.893840e-02
365 4.943710e-04 3.032813e-02
366 4.284413e-04 2.325164e-02
367 2.749427e-05 3.358053e-03
368 1.771843e-03 9.567981e-03
369 4.759898e-05 5.301437e-03
370 1.152071e-04 1.098818e-02
371 2.273023e-04 3.954733e-02
372 3.613693e-04 3.537588e-02
373 1.775677e-06 4.250367e-03
374 3.843914e-05 4.515820e-03
375 5.228236e-06 2.665229e-03
376 1.108734e-05 3.141201e-03
377 2.697469e-03 2.687088e-02
378 8.715884e-05 5.122041e-03
379 1.974543e-04 2.022807e-02
380 2.437493e-03 6.532971e-02
381 1.407423e-04 6.888529e-03
382 1.279785e-05 2.991543e-03
383 2.067906e-03 1.291100e-02
384 2.999122e-04 5.511073e-03
385 5.057261e-05 1.272426e-02
386 5.023466e-06 2.749025e-03
387 3.315163e-04 1.082623e-02
388 3.772654e-03 7.048133e-02
389 1.711217e-04 1.440170e-02
390 4.703734e-04 4.112739e-02
391 3.253075e-04 2.363253e-02
392 3.752054e-03 8.016627e-02
393 1.325944e-05 3.231907e-03
394 1.893776e-03 1.135099e-02
395 7.215436e-05 3.354068e-03
396 1.492606e-04 1.262344e-02
397 9.074576e-04 1.619458e-02
398 1.799461e-06 5.533850e-03
399 7.709268e-04 9.930685e-03
400 6.390209e-05 2.231408e-02
401 1.594344e-05 2.713560e-03
402 3.147791e-05 9.571792e-03
403 1.647843e-03 5.066311e-02
404 2.053086e-04 5.428635e-03
405 3.046495e-04 5.261651e-03
406 1.561396e-04 1.451704e-02
407 2.562876e-03 3.604676e-02
408 1.177983e-04 2.473793e-02
409 2.542256e-04 3.348259e-02
410 1.447518e-05 5.509547e-03
411 2.878181e-05 4.722004e-03
412 3.174218e-05 9.478424e-03
413 4.115926e-05 5.060662e-03
414 3.518674e-04 1.408147e-02
415 1.842512e-06 2.564225e-03
416 7.019353e-04 1.678870e-02
417 9.145736e-05 4.478005e-03
418 3.511262e-04 9.740915e-03
419 2.547298e-04 1.118394e-02
420 4.941337e-04 8.985485e-02
421 4.837401e-05 6.318383e-03
422 8.287447e-04 1.249645e-02
423 1.025604e-04 3.615285e-03
424 6.298834e-04 1.006226e-02
425 3.132656e-03 5.642948e-02
426 4.702938e-05 4.025647e-03
427 1.944344e-03 4.154176e-02
428 1.254482e-03 5.455131e-02
429 1.048495e-04 1.359315e-02
430 4.050372e-05 5.486964e-03
431 1.615875e-06 2.388625e-03
432 5.104416e-06 6.232700e-03
433 5.228236e-06 2.665229e-03
434 1.434147e-05 3.578033e-03
435 3.266427e-03 4.162436e-02
436 4.200545e-06 2.731774e-03
437 4.663457e-04 2.318983e-02
438 3.337528e-05 4.319363e-03
439 4.135850e-05 3.070657e-03
440 2.601964e-04 4.354455e-03
441 3.366371e-05 8.989697e-03
442 4.299395e-05 4.066632e-03
443 4.135850e-05 3.070657e-03
444 1.024777e-04 1.190621e-02
445 4.237621e-05 6.256530e-03
446 3.361175e-04 2.157950e-02
447 1.356245e-05 2.945283e-03
448 1.067629e-04 4.612873e-03
449 3.910891e-05 5.902911e-03
450 3.184044e-04 1.052665e-02
451 1.365798e-06 2.592057e-03
452 9.389832e-03 6.802454e-02
453 3.256495e-05 9.606904e-03
454 3.320071e-04 7.798416e-03
455 4.525939e-05 8.247767e-03
456 3.979912e-04 1.235259e-02
457 3.817104e-03 4.434720e-02
458 3.550674e-03 6.715523e-02
459 1.442909e-04 1.707546e-02
460 1.404514e-04 8.713427e-03
461 5.707607e-06 4.321977e-03
462 7.707424e-05 7.417772e-03
463 1.063385e-03 3.125306e-02
464 3.288115e-05 3.114798e-03
465 1.235156e-04 5.861386e-03
466 1.377880e-05 3.517766e-03
467 2.059879e-04 1.394109e-02
468 1.589427e-06 2.938153e-03
469 1.110464e-04 6.650526e-03
470 4.870304e-04 4.263371e-02
471 4.068154e-05 4.829234e-03
472 1.434147e-05 3.578033e-03
473 3.443856e-04 8.956615e-03
474 1.123657e-04 6.529162e-03
475 9.973358e-05 5.506635e-03
476 1.219978e-04 5.078999e-03
477 4.083062e-04 1.734833e-02
478 1.274815e-05 3.207929e-03
479 9.166064e-06 2.523713e-03
480 1.416518e-05 7.749823e-03
481 2.684421e-04 1.028151e-02
482 4.135850e-05 3.070657e-03
483 3.056542e-05 2.652319e-03
484 4.135850e-05 3.070657e-03
485 1.474054e-05 2.583732e-03
486 7.342419e-06 1.495661e-02
487 2.289095e-04 7.327910e-03
488 1.077524e-05 2.430312e-03
489 3.526238e-03 5.055573e-02
490 1.670690e-04 4.892436e-02
491 4.430538e-04 1.917387e-02
492 1.002329e-04 3.452246e-03
493 1.356245e-05 2.945283e-03
494 2.527762e-03 5.664763e-02
495 1.727732e-04 2.158071e-02
496 4.585141e-06 2.459993e-03
497 1.081939e-04 2.130083e-02
498 1.139764e-04 4.210335e-03
499 1.145015e-05 4.108780e-03
500 5.190425e-06 4.105301e-03
501 3.559579e-04 1.202853e-02
502 1.334478e-04 1.308746e-02
503 1.016733e-04 3.217134e-03
504 2.810606e-03 3.689856e-02
505 2.267905e-04 5.430233e-03
506 1.586673e-04 1.261570e-02
507 7.669620e-05 4.626532e-03
508 4.390125e-06 3.863196e-03
509 3.030480e-04 1.732796e-02
510 6.202153e-04 8.858613e-03
511 4.875555e-03 3.766963e-02
512 3.342778e-05 2.700034e-03
513 3.458334e-05 2.928634e-03
514 1.309006e-05 3.902660e-03
515 7.127840e-04 2.043055e-02
516 1.048719e-04 4.909955e-03
517 5.228236e-06 2.665229e-03
518 1.315465e-05 6.410466e-03
519 1.036979e-04 3.864243e-03
520 3.403142e-05 6.281591e-03
521 4.234492e-05 6.835941e-03
522 1.169216e-04 4.894161e-03
523 3.632948e-04 2.070522e-02
524 4.649622e-06 3.353999e-03
525 3.102403e-05 4.428574e-03
526 4.288433e-05 5.228241e-03
527 1.250932e-05 3.218148e-03
528 3.310965e-05 2.748985e-03
529 3.036433e-04 6.298835e-03
530 4.050372e-05 5.486964e-03
531 4.420444e-06 2.481659e-03
532 1.254906e-05 4.858819e-03
533 1.080311e-04 7.672526e-03
534 4.847842e-04 5.912238e-02
535 4.129684e-05 8.960787e-03
536 1.974543e-04 2.022807e-02
537 2.063308e-04 1.374525e-02
538 1.170171e-03 1.044556e-01
539 3.977329e-05 4.412206e-03
540 6.675568e-05 1.009378e-02
541 4.602077e-04 2.644902e-02
542 7.053245e-04 9.215079e-03
543 9.005187e-05 5.139629e-03
544 1.149782e-04 6.436251e-03
545 4.513471e-05 1.031147e-02
546 1.049672e-04 1.097260e-02
547 5.168708e-04 4.043445e-02
548 5.375250e-03 5.301341e-02
549 8.595711e-04 1.489498e-02
550 1.423482e-05 5.850962e-03
551 3.015533e-04 5.618617e-03
552 4.066690e-05 3.914168e-03
553 1.038925e-05 3.749790e-03
554 1.157551e-05 6.007789e-03
555 8.584803e-04 1.232049e-02
556 4.049056e-05 6.165643e-03
557 1.798251e-03 5.618000e-02
558 1.332855e-04 1.383966e-02
559 3.985367e-04 2.940367e-02
560 1.457538e-05 2.727454e-03
561 1.312042e-04 1.275635e-02
562 1.375368e-05 2.741265e-03
563 5.652042e-04 7.378765e-02
564 9.711698e-04 1.707324e-02
565 1.214501e-04 8.380499e-03
566 3.863100e-06 2.437508e-03
567 1.882056e-03 2.258032e-02
568 1.572032e-03 4.286203e-02
569 6.860183e-05 1.942957e-02
570 3.685624e-05 6.501858e-03
571 1.901407e-03 1.061478e-01
572 1.018553e-04 6.910151e-03
573 2.302343e-03 2.634859e-02
574 6.372616e-05 1.012495e-02
575 1.657389e-05 3.635386e-03
576 4.374679e-05 5.228558e-03
577 1.757443e-04 2.233124e-02
578 1.202063e-03 6.422046e-02
579 4.969668e-05 4.347400e-03
580 1.165628e-02 8.927475e-02
581 3.035213e-04 2.731149e-02
582 2.707887e-04 2.252661e-02
583 4.633876e-04 4.639258e-02
584 1.081939e-04 2.130083e-02
585 5.020227e-06 5.672844e-03
586 2.901500e-04 2.373758e-02
587 4.167869e-04 1.023608e-02
588 1.924526e-03 2.753668e-02
589 1.183727e-03 2.649203e-02
590 2.039524e-03 2.035355e-02
591 1.289170e-04 5.640488e-03
592 1.486809e-04 1.335220e-02
593 2.480015e-04 6.263673e-03
594 9.148353e-05 6.882577e-03
595 6.923501e-03 6.099073e-02
596 1.745734e-04 1.201581e-02
597 2.521284e-04 3.978518e-03
598 1.281121e-04 1.134477e-02
599 4.289601e-04 1.048501e-02
600 3.923298e-04 1.474443e-02
601 4.761445e-05 4.794929e-03
