1 1.357410e-04 1.879516e-02
2 9.368186e-04 3.138842e-02
3 6.064501e-05 9.852169e-03
4 3.739706e-05 3.376233e-03
5 2.000136e-06 2.579095e-03
6 6.405378e-03 2.203459e-01
7 1.149284e-02 2.971375e-01
8 1.051751e-02 1.431071e-01
9 9.064833e-04 3.176315e-02
10 1.501141e-03 9.018067e-02
11 1.918066e-05 4.632211e-03
12 9.805571e-05 5.034875e-03
13 5.179063e-04 5.020984e-02
14 2.642696e-04 6.348679e-03
15 2.413100e-03 2.295504e-02
16 5.435109e-04 3.107507e-02
17 3.107291e-05 5.513969e-03
18 2.139415e-04 7.585934e-03
19 4.029598e-03 4.246382e-02
20 1.175827e-05 2.978057e-03
21 1.922418e-02 2.067009e-01
22 3.795524e-05 6.474289e-03
23 2.211745e-06 2.834090e-03
24 4.157780e-04 1.958200e-02
25 9.199483e-05 4.994296e-03
26 1.790615e-05 1.138321e-02
27 4.433687e-05 5.070089e-03
28 1.558941e-05 4.131895e-03
29 1.493501e-03 4.549169e-02
30 3.645546e-03 3.017281e-01
31 1.078619e-03 3.496063e-02
32 1.254155e-03 2.923218e-02
33 3.579900e-06 2.707179e-03
34 1.118991e-06 4.776164e-03
35 2.059573e-05 1.846038e-02
36 5.831883e-03 1.678776e-01
37 3.461480e-05 3.644831e-03
38 2.320519e-04 5.016309e-02
39 5.066266e-06 2.455896e-03
40 1.928660e-05 4.391902e-03
41 8.048170e-04 8.206000e-02
42 5.661327e-04 8.404810e-02
43 3.695087e-04 2.271086e-02
44 3.735415e-05 4.157923e-03
45 1.452843e-03 1.662506e-02
46 9.280786e-05 3.488515e-03
47 2.664088e-03 5.520146e-02
48 4.662066e-06 2.116900e-02
49 5.317299e-06 5.250204e-03
50 2.869660e-03 9.520211e-02
51 6.276727e-04 3.281341e-02
52 5.839334e-04 6.053700e-03
53 1.140347e-05 2.532259e-03
54 5.898105e-06 2.945497e-03
55 2.061845e-04 4.869317e-03
56 2.740048e-04 1.768580e-02
57 2.272897e-03 4.013332e-02
58 8.690021e-04 2.741019e-02
59 9.100315e-04 2.486727e-02
60 1.965478e-03 3.127423e-02
61 9.886914e-03 1.736508e-01
62 1.053797e-03 3.176098e-02
63 8.889320e-07 3.730652e-03
64 6.312909e-04 2.470037e-02
65 4.042289e-03 1.255238e-01
66 9.070820e-07 2.644190e-03
67 9.173078e-04 2.920711e-02
68 3.784117e-05 6.354292e-03
69 9.730292e-05 4.043650e-03
70 2.440594e-05 1.134009e-02
71 1.976769e-03 2.928065e-02
72 7.202654e-06 4.285465e-03
73 1.099524e-05 4.243949e-03
74 3.526545e-03 7.176087e-02
75 2.307683e-06 2.984036e-03
76 2.547465e-04 5.155554e-03
77 6.503274e-06 5.650502e-03
78 3.171349e-04 6.508685e-02
79 5.402874e-03 7.717635e-02
80 5.480855e-05 5.857565e-02
81 2.127783e-06 4.219695e-03
82 6.033629e-06 3.817306e-03
83 2.988977e-05 3.984584e-03
84 2.072650e-06 6.578531e-03
85 1.198720e-03 6.972770e-02
86 2.100412e-05 2.682041e-02
87 1.025003e-06 3.779926e-03
88 2.961272e-06 7.545649e-03
89 5.019986e-03 5.307695e-02
90 7.959294e-04 2.044155e-02
91 2.244220e-06 3.982504e-03
92 3.056882e-02 2.161391e-01
93 1.463455e-05 4.040085e-03
94 1.577204e-05 5.599809e-03
95 1.023980e-04 8.536157e-03
96 1.813150e-06 4.454578e-03
97 1.454108e-04 1.165676e-02
98 1.545950e-05 4.672783e-03
99 1.393695e-05 3.566713e-03
100 1.045212e-02 6.774617e-01
101 1.078581e-04 7.928704e-03
102 3.987798e-05 6.585832e-03
103 3.416827e-03 5.390311e-02
104 1.130164e-03 3.813099e-02
105 1.689393e-04 2.914463e-02
106 1.010738e-04 4.626361e-03
107 3.314453e-05 3.653513e-03
108 3.116067e-05 3.471678e-03
109 9.353606e-05 9.655753e-03
110 1.190760e-03 5.914445e-02
111 3.826090e-05 8.848691e-03
112 8.447734e-05 2.916710e-03
113 1.246287e-04 1.184019e-02
114 5.898423e-04 1.548265e-02
115 8.724719e-03 1.484910e-01
116 3.147560e-03 8.213965e-02
117 3.087978e-03 7.023867e-02
118 2.889724e-02 1.559713e-01
119 1.069501e-04 7.721411e-03
120 2.032390e-03 4.071867e-02
121 2.326686e-03 3.141587e-02
122 7.284942e-04 2.087560e-02
123 1.419391e-05 6.300485e-03
124 1.918090e-04 7.324088e-03
125 8.022889e-05 9.129707e-03
126 5.275789e-04 1.359046e-02
127 3.093029e-05 4.590274e-03
128 5.442693e-04 1.349319e-02
129 5.383879e-04 1.369274e-02
130 2.827392e-05 7.042496e-03
131 2.827392e-05 7.042496e-03
132 5.546318e-04 1.760342e-02
133 5.200213e-04 9.853171e-03
134 5.859689e-04 1.303227e-02
135 7.507575e-05 7.117382e-03
136 2.126165e-04 1.132458e-02
137 1.914300e-04 1.152711e-02
138 7.665872e-05 1.059369e-02
139 8.514294e-05 1.051258e-02
140 1.358554e-05 5.442324e-03
141 8.514294e-05 1.051258e-02
142 1.403466e-05 1.032870e-02
143 1.952893e-04 6.084229e-03
144 5.083041e-04 1.203413e-02
145 7.507575e-05 7.117382e-03
146 9.010366e-05 6.463856e-03
147 2.362042e-04 1.322999e-02
148 8.514294e-05 1.051258e-02
149 2.107909e-04 1.118642e-02
150 7.751013e-05 5.791823e-03
151 2.362042e-04 1.322999e-02
152 3.103917e-05 5.495806e-03
153 2.126165e-04 1.132458e-02
154 1.914300e-04 1.152711e-02
155 2.035520e-04 1.079672e-02
156 2.221377e-04 1.489430e-02
157 3.141062e-05 7.706998e-03
158 2.221377e-04 1.489430e-02
159 5.898423e-04 1.548265e-02
160 2.100657e-04 7.334839e-03
161 4.427426e-05 1.670574e-02
162 3.768163e-05 1.105122e-02
163 4.056464e-05 2.125329e-02
164 3.247263e-05 8.364829e-03
165 5.181383e-06 4.651807e-03
166 1.212768e-05 5.106179e-03
167 3.265106e-05 7.726648e-03
168 1.578315e-05 9.704177e-03
169 1.883949e-05 1.172530e-02
170 1.845079e-05 2.751730e-02
171 1.141152e-04 1.954141e-02
172 5.383659e-06 7.097097e-03
173 4.773281e-05 1.904844e-02
174 8.918362e-04 6.010030e-02
175 1.849508e-05 1.657128e-02
176 1.198084e-04 2.170024e-02
177 4.773281e-05 1.904844e-02
178 1.136130e-04 1.350723e-02
179 4.773281e-05 1.904844e-02
180 1.198084e-04 2.170024e-02
181 1.598307e-05 7.899509e-03
182 1.141152e-04 1.954141e-02
183 1.090562e-04 1.975920e-02
184 1.278076e-04 3.072930e-02
185 4.773281e-05 1.904844e-02
186 1.849508e-05 1.657128e-02
187 5.150705e-05 1.068138e-02
188 1.514334e-05 7.834811e-03
189 1.324207e-04 2.427109e-02
190 4.792511e-05 1.069339e-02
191 6.198680e-04 1.425486e-02
192 2.550709e-04 1.008530e-02
193 1.777137e-03 1.965157e-02
194 2.550709e-04 1.008530e-02
195 4.166897e-05 6.535562e-03
196 2.469613e-04 1.062695e-02
197 2.698846e-04 1.141065e-02
198 5.966215e-04 1.062147e-02
199 5.775520e-04 1.250355e-02
200 3.689763e-05 4.600952e-03
201 1.135256e-04 1.126849e-02
202 2.976564e-04 1.817744e-02
203 3.487829e-05 5.294437e-03
204 2.966648e-04 1.095918e-02
205 5.762022e-04 9.562602e-03
206 9.567396e-05 1.079016e-02
207 7.627166e-05 4.033817e-03
208 1.102197e-04 2.183332e-02
209 2.550709e-04 1.008530e-02
210 2.295644e-04 7.628570e-03
211 9.567396e-05 1.079016e-02
212 5.828651e-04 1.820649e-02
213 7.051752e-04 1.594728e-02
214 1.207863e-05 3.662256e-03
215 2.577645e-04 1.358777e-02
216 8.924821e-04 3.902466e-02
217 1.067081e-04 1.269538e-02
218 2.305469e-04 7.913264e-03
219 1.200731e-04 1.281474e-02
220 9.077231e-05 1.451241e-02
221 7.860494e-04 2.101265e-02
222 6.298699e-04 2.316269e-02
223 1.935478e-03 2.717949e-02
224 1.976263e-04 3.728961e-03
225 1.961163e-04 6.540484e-03
226 2.755030e-05 2.945612e-03
227 7.853540e-05 5.935355e-03
228 1.961163e-04 6.540484e-03
229 2.419772e-04 1.175502e-02
230 2.419772e-04 1.175502e-02
231 2.419772e-04 1.175502e-02
232 2.419772e-04 1.175502e-02
233 8.203273e-05 6.203055e-03
234 3.063708e-05 4.722240e-03
235 8.203273e-05 6.203055e-03
236 1.266356e-05 5.170997e-03
237 8.203273e-05 6.203055e-03
238 8.203273e-05 6.203055e-03
239 8.203273e-05 6.203055e-03
240 8.203273e-05 6.203055e-03
241 3.063708e-05 4.722240e-03
242 2.449875e-04 1.398205e-02
243 1.270503e-05 4.639498e-03
244 1.961163e-04 6.540484e-03
245 8.203273e-05 6.203055e-03
246 8.203273e-05 6.203055e-03
247 3.063708e-05 4.722240e-03
248 8.203273e-05 6.203055e-03
249 8.203273e-05 6.203055e-03
250 8.203273e-05 6.203055e-03
251 8.203273e-05 6.203055e-03
252 3.401852e-05 5.981509e-03
253 1.270503e-05 4.639498e-03
254 9.037216e-05 7.386966e-03
255 9.037216e-05 7.386966e-03
256 1.226871e-05 4.571795e-03
257 8.203273e-05 6.203055e-03
258 7.542926e-04 4.125167e-02
259 2.921443e-04 2.591617e-02
260 2.921443e-04 2.591617e-02
261 7.244564e-04 3.959646e-02
262 1.051936e-04 1.125414e-02
263 2.774880e-04 1.927597e-02
264 2.708603e-04 1.857341e-02
265 1.027921e-04 1.894636e-02
266 8.287070e-04 5.302380e-02
267 3.184482e-05 6.702862e-03
268 1.147889e-05 6.086537e-03
269 1.049614e-04 9.468120e-03
270 9.782289e-05 1.019913e-02
271 1.285473e-05 5.343055e-03
272 3.791843e-05 9.218223e-03
273 9.782289e-05 1.019913e-02
274 3.717053e-05 9.915581e-03
275 9.441509e-05 1.522466e-02
276 2.972319e-04 4.685069e-02
277 9.952646e-05 1.720894e-02
278 2.921443e-04 2.591617e-02
279 9.952646e-05 1.720894e-02
280 3.441937e-05 7.865326e-03
281 3.441937e-05 7.865326e-03
282 1.147889e-05 6.086537e-03
283 1.285473e-05 5.343055e-03
284 2.921443e-04 2.591617e-02
285 7.573838e-04 5.314747e-02
286 8.447595e-04 6.700450e-02
287 2.921443e-04 2.591617e-02
288 3.526157e-05 8.305866e-03
289 7.063575e-04 3.207175e-02
290 8.447595e-04 6.700450e-02
291 2.828630e-04 2.395733e-02
292 2.828630e-04 2.395733e-02
293 1.552272e-02 4.798372e-01
294 3.717053e-05 9.915581e-03
295 3.473141e-03 1.315040e-01
296 7.044854e-03 8.219870e-02
297 1.058220e-02 1.091002e-01
298 4.267379e-03 5.362877e-02
299 5.518394e-04 1.382394e-02
300 1.162621e-04 1.241524e-02
301 2.986303e-04 2.359246e-02
302 6.542410e-04 1.477973e-02
303 2.225347e-04 8.662311e-03
304 6.314553e-04 1.582128e-02
305 6.542410e-04 1.477973e-02
306 2.774107e-05 3.486119e-03
307 7.609599e-05 5.829801e-03
308 6.469003e-04 1.933135e-02
309 6.104307e-04 1.919856e-02
310 1.487682e-05 6.863279e-03
311 2.358299e-04 8.710720e-03
312 2.619928e-04 1.047538e-02
313 3.382139e-05 3.967817e-03
314 7.609599e-05 5.829801e-03
315 1.461469e-05 6.860472e-03
316 2.904933e-04 4.686734e-02
317 5.439882e-06 4.893752e-03
318 3.483172e-05 5.080314e-03
319 1.953865e-03 4.083009e-02
320 1.414701e-05 3.883161e-03
321 3.816797e-05 1.229632e-02
322 2.674010e-04 1.959300e-02
323 7.868423e-03 1.710643e-01
324 3.706389e-05 4.032473e-03
325 1.498342e-05 8.428935e-03
326 2.810168e-05 1.820511e-02
327 3.112991e-05 4.687777e-02
328 2.053951e-04 4.875269e-02
329 7.672187e-05 2.737358e-02
330 1.404022e-03 4.603136e-02
331 1.786357e-03 1.290284e-01
332 1.839957e-03 1.466916e-01
333 4.725868e-03 1.538188e-01
334 6.909253e-04 6.869675e-02
335 2.272616e-04 1.476465e-02
336 4.877963e-03 1.929171e-01
337 1.376329e-03 4.663971e-02
338 2.655151e-05 1.526677e-02
339 4.678357e-04 1.009747e-02
340 6.997953e-05 4.854957e-03
341 1.068973e-05 4.127653e-03
342 6.997953e-05 4.854957e-03
343 1.952325e-04 7.037491e-03
344 8.777026e-05 7.446484e-03
345 1.025581e-05 2.901325e-03
346 3.035370e-05 3.811502e-03
347 3.528458e-05 6.674373e-03
348 3.719480e-05 7.395909e-03
349 7.940459e-05 8.166225e-03
350 1.316181e-05 4.096938e-03
351 2.976107e-05 3.454041e-03
352 1.025581e-05 2.901325e-03
353 2.746059e-05 4.060411e-03
354 1.033777e-05 3.524655e-03
355 4.660181e-04 1.808735e-02
356 1.546339e-06 2.647776e-03
357 1.068973e-05 4.127653e-03
358 4.912471e-04 2.022661e-02
359 2.965554e-05 4.814633e-03
360 1.240450e-05 4.686523e-03
361 7.874437e-05 4.933231e-03
362 1.160269e-04 1.230640e-02
363 1.012299e-05 2.862854e-03
364 1.025581e-05 2.901325e-03
365 2.020236e-04 1.024686e-02
366 5.604555e-04 1.387640e-02
367 8.091325e-05 9.426768e-03
368 7.940459e-05 8.166225e-03
369 5.604555e-04 1.387640e-02
370 9.771752e-05 7.294386e-03
371 9.938364e-05 5.586260e-03
372 8.288558e-03 1.223360e-01
373 4.417614e-04 4.084894e-02
374 8.369427e-03 1.765983e-01
375 1.734989e-04 3.570557e-02
376 3.256363e-03 1.146699e-01
377 4.747989e-04 4.629171e-02
378 1.640905e-03 3.340451e-02
379 4.006778e-06 3.337646e-03
380 1.413908e-05 9.842648e-03
381 2.142231e-04 4.760739e-03
382 5.003452e-04 8.394636e-03
383 8.213345e-05 3.743496e-03
384 3.114103e-05 4.017355e-03
385 5.075628e-04 6.411528e-03
386 3.671098e-03 2.651261e-02
387 2.001867e-04 4.100409e-03
388 3.721447e-03 2.429549e-02
389 1.076088e-02 6.583573e-02
390 3.360903e-04 1.017137e-02
391 7.797537e-04 1.036174e-02
392 1.023942e-03 1.507165e-01
393 4.703506e-03 9.431943e-02
394 2.392316e-04 1.912224e-02
395 3.000509e-04 3.526993e-02
396 2.366754e-04 8.903023e-03
397 9.202703e-05 6.356952e-03
398 1.134567e-04 2.218539e-02
399 4.155906e-05 1.142207e-02
400 1.139998e-04 2.261522e-02
401 3.728317e-05 8.161513e-03
402 9.899803e-05 8.310616e-03
403 3.942471e-05 9.734989e-03
404 3.728317e-05 8.161513e-03
405 2.715596e-04 1.644613e-02
406 6.548424e-04 1.954452e-02
407 3.728317e-05 8.161513e-03
408 6.548424e-04 1.954452e-02
409 2.524998e-03 2.101679e-01
410 3.568516e-05 6.151924e-03
411 9.899803e-05 8.310616e-03
412 1.103518e-04 1.158828e-02
413 3.465786e-05 6.218348e-03
414 9.899803e-05 8.310616e-03
415 2.862611e-04 1.849653e-02
416 3.568516e-05 6.151924e-03
417 3.568516e-05 6.151924e-03
418 5.889544e-04 1.407848e-02
419 7.062292e-04 3.126886e-02
420 3.325306e-05 3.533734e-03
421 8.154899e-05 5.990854e-03
422 2.261829e-04 9.057328e-03
423 1.429240e-05 5.814525e-03
424 2.387252e-04 9.440147e-03
425 2.740983e-04 1.647604e-02
426 2.387252e-04 9.440147e-03
427 2.387252e-04 9.440147e-03
428 3.965008e-05 7.374599e-03
429 3.965008e-05 7.374599e-03
430 2.366754e-04 8.903023e-03
431 4.192757e-05 8.902874e-03
432 1.429240e-05 5.814525e-03
433 2.740983e-04 1.647604e-02
434 9.479177e-05 7.611866e-03
435 1.528485e-05 5.560696e-03
436 6.843667e-04 2.020953e-02
437 9.615399e-05 6.643295e-03
438 3.965008e-05 7.374599e-03
439 6.609644e-04 1.875251e-02
440 3.965008e-05 7.374599e-03
441 9.479177e-05 7.611866e-03
442 6.718918e-03 1.809866e-01
443 3.605372e-03 1.441570e-01
444 5.040516e-03 1.954053e-01
445 4.833884e-04 5.992732e-02
446 7.882647e-07 2.599802e-03
447 5.691885e-06 4.086360e-03
448 2.279333e-06 3.942753e-03
449 5.691885e-06 4.086360e-03
450 8.335425e-07 3.022354e-03
451 4.250315e-05 7.480689e-03
452 3.771599e-04 4.523954e-02
453 5.409845e-06 3.983092e-03
454 4.482090e-05 1.045726e-02
455 6.252394e-06 6.252433e-03
456 4.940192e-06 3.430758e-03
457 1.858046e-06 2.796548e-03
458 5.691885e-06 4.086360e-03
459 2.616904e-03 8.642039e-02
460 3.727576e-04 5.813848e-02
461 3.069741e-04 2.559822e-02
462 1.897964e-05 1.302485e-02
463 5.691885e-06 4.086360e-03
464 5.691885e-06 4.086360e-03
465 1.524038e-05 6.216227e-03
466 5.207640e-06 3.976693e-03
467 1.524038e-05 6.216227e-03
468 3.854764e-05 4.714736e-03
469 1.461942e-05 4.126248e-03
470 4.705947e-06 2.669795e-03
471 5.691885e-06 4.086360e-03
472 2.006561e-06 3.449749e-03
473 2.279333e-06 3.942753e-03
474 2.006561e-06 3.449749e-03
475 8.443949e-05 5.778483e-03
476 2.066689e-04 6.655762e-03
477 3.977822e-05 6.123238e-03
478 5.454084e-04 6.969374e-03
479 1.824677e-04 3.947423e-03
480 2.102090e-04 6.306317e-03
481 6.605100e-04 1.646783e-02
482 5.976004e-04 1.482899e-02
483 2.380897e-04 1.309244e-02
484 3.533326e-05 3.407169e-03
485 8.624793e-05 4.333041e-03
486 2.850364e-04 9.915571e-03
487 2.232236e-04 8.023908e-03
488 3.706461e-05 5.532097e-03
489 3.694537e-03 1.516628e-01
490 9.235978e-05 7.953340e-03
491 9.235978e-05 7.953340e-03
492 3.368269e-05 5.316254e-03
493 9.235978e-05 7.953340e-03
494 3.019880e-05 4.025059e-03
495 6.899583e-05 4.198147e-03
496 1.336043e-05 3.917608e-03
497 7.814696e-05 7.440990e-03
498 3.194090e-05 3.986788e-03
499 3.194090e-05 3.986788e-03
500 3.194090e-05 3.986788e-03
501 4.299652e-03 8.857258e-02
502 3.863281e-05 7.753300e-03
503 2.562252e-04 1.297668e-02
504 2.472992e-04 1.657031e-02
505 9.235978e-05 7.953340e-03
506 1.172215e-03 1.086432e-02
507 7.814696e-05 7.440990e-03
508 3.431584e-05 3.969361e-03
509 1.762121e-03 3.267813e-02
510 3.431584e-05 3.969361e-03
511 1.567454e-03 3.395286e-02
512 5.854031e-04 1.444527e-02
513 1.567454e-03 3.395286e-02
514 1.394664e-02 2.080452e-01
515 8.104499e-04 3.119743e-02
516 6.408718e-04 2.322581e-02
517 1.954330e-03 3.749206e-02
518 6.408718e-04 2.322581e-02
519 2.470519e-04 1.385263e-02
520 7.533816e-04 1.935218e-02
521 7.533816e-04 1.935218e-02
522 7.533816e-04 1.935218e-02
523 2.470519e-04 1.385263e-02
524 7.533816e-04 1.935218e-02
525 7.533816e-04 1.935218e-02
526 7.533816e-04 1.935218e-02
527 8.104499e-04 3.119743e-02
528 7.533816e-04 1.935218e-02
529 7.533816e-04 1.935218e-02
530 6.328918e-04 4.077830e-02
531 8.104499e-04 3.119743e-02
532 7.533816e-04 1.935218e-02
533 8.104499e-04 3.119743e-02
534 8.104499e-04 3.119743e-02
535 7.533816e-04 1.935218e-02
536 7.533816e-04 1.935218e-02
537 1.954330e-03 3.749206e-02
538 1.851652e-03 3.584264e-02
539 7.533816e-04 1.935218e-02
540 8.104499e-04 3.119743e-02
541 8.104499e-04 3.119743e-02
542 2.813683e-04 1.022431e-02
543 1.954330e-03 3.749206e-02
544 7.533816e-04 1.935218e-02
545 3.087412e-05 6.440014e-03
546 9.031901e-05 4.501281e-03
547 1.308366e-05 6.422224e-03
548 8.868797e-05 7.570839e-03
549 4.524741e-06 3.457280e-03
550 2.389541e-04 1.469314e-02
551 8.613420e-05 9.000978e-03
552 2.389541e-04 1.469314e-02
553 9.740484e-05 9.372556e-03
554 8.310451e-05 7.298087e-03
555 2.065405e-04 9.444754e-03
556 4.620327e-06 4.444908e-03
557 1.263435e-05 6.073627e-03
558 2.065405e-04 9.444754e-03
559 1.263435e-05 6.073627e-03
560 1.336006e-05 9.278030e-03
561 7.445028e-05 6.787656e-03
562 3.155013e-05 6.744755e-03
563 2.455357e-04 2.319689e-02
564 4.870459e-06 5.045746e-03
565 2.035866e-04 1.272713e-02
566 5.083907e-04 1.685468e-02
567 1.192876e-05 5.498767e-03
568 3.697708e-05 7.290823e-03
569 1.462684e-05 5.625485e-03
570 3.268889e-05 5.247682e-03
571 3.268889e-05 5.247682e-03
572 3.652571e-05 6.715438e-03
573 3.629680e-05 8.430971e-03
574 1.462684e-05 5.625485e-03
575 3.652571e-05 6.715438e-03
576 3.652571e-05 6.715438e-03
577 9.119714e-05 8.133134e-03
578 1.956891e-04 9.084201e-03
579 1.873746e-04 8.274195e-03
580 3.652571e-05 6.715438e-03
581 2.065405e-04 9.444754e-03
582 9.779992e-05 1.325575e-02
583 1.001930e-04 1.385813e-02
584 3.525328e-05 8.482852e-03
585 9.779992e-05 1.325575e-02
586 8.270979e-05 7.511551e-03
587 1.157955e-04 1.404185e-02
588 3.020504e-05 6.204111e-03
589 1.150908e-05 3.430023e-03
590 1.567454e-03 3.395286e-02
591 2.007922e-04 7.029463e-03
592 1.798685e-04 1.058813e-02
593 1.774514e-03 2.708940e-02
594 1.546700e-05 7.131084e-03
595 2.639278e-04 2.115857e-02
596 3.461253e-05 9.969687e-03
597 4.719313e-06 4.100578e-03
598 4.527745e-06 2.875349e-03
599 4.527745e-06 2.875349e-03
600 1.263626e-05 6.254296e-03
