2 6.645539e-004 7.248001e-002
3 4.623487e-003 3.640969e-001
4 2.382965e-004 1.775836e-001
5 7.914009e-004 1.861512e-001
6 5.298104e-003 5.807576e-001
7 1.877849e-003 1.248055e-001
8 4.445787e-003 1.791473e-001
9 2.128128e-003 5.029029e-002
10 8.040689e-005 4.554400e-003
11 4.584906e-003 1.839482e-001
12 4.257475e-003 9.589275e-002
13 1.186844e-002 1.924996e-001
14 3.728186e-003 2.455078e-001
15 1.133998e-002 1.487909e-001
16 2.016403e-003 1.258063e-001
17 6.884789e-006 7.716387e-003
18 2.090839e-003 2.382501e-001
19 3.985723e-005 5.313728e-003
20 2.734111e-003 1.271375e-001
21 1.671526e-004 4.922148e-002
22 3.703573e-003 2.552640e-001
23 6.162816e-004 2.499071e-002
24 1.397167e-002 2.890078e-001
25 5.477777e-004 2.319911e-002
26 6.463037e-003 1.694271e-001
27 3.571139e-003 2.261743e-001
28 1.284371e-004 1.042653e-002
29 7.020938e-003 4.500177e-001
30 7.707802e-004 3.975307e-002
31 2.476952e-004 5.019468e-002
32 1.569463e-003 6.342993e-002
33 1.283425e-003 6.955931e-002
34 5.887743e-004 6.020226e-002
35 1.112517e-002 3.923991e-001
36 6.980896e-005 5.155663e-002
37 1.746805e-003 1.376369e-001
38 1.518779e-002 2.922812e-001
39 4.535257e-005 6.069032e-002
40 6.700147e-003 2.549077e-001
41 7.968165e-006 7.666058e-003
42 2.891999e-004 5.953410e-002
43 1.521963e-003 8.935030e-002
44 8.935516e-006 8.362854e-003
45 2.567431e-006 6.332096e-003
46 4.363942e-005 8.638164e-003
47 2.105620e-005 1.104831e-002
48 3.816781e-007 2.887947e-003
49 2.526504e-003 1.284175e-001
50 8.368951e-006 1.027477e-002
51 1.120839e-006 3.789814e-003
52 1.466165e-006 7.558798e-003
53 6.630623e-004 3.108166e-002
54 2.381674e-006 3.798235e-003
55 7.173625e-006 6.970641e-003
56 7.566884e-006 6.314661e-003
57 2.952972e-006 5.493636e-003
58 2.170094e-005 9.151219e-003
59 8.052290e-006 8.325872e-003
60 2.484609e-006 6.544745e-003
61 2.418722e-005 1.358707e-002
62 5.977062e-005 1.232007e-002
63 5.237492e-005 8.444346e-003
64 4.419038e-005 4.922124e-003
65 1.818615e-005 5.367632e-003
66 6.487619e-006 7.537805e-003
67 3.825978e-007 3.122791e-003
68 1.556568e-005 7.355657e-003
69 4.175403e-004 4.519487e-002
70 3.452520e-004 1.717664e-002
71 1.782619e-005 7.456232e-003
72 4.337942e-005 8.193963e-003
73 2.895904e-005 2.347466e-002
74 8.355486e-006 9.062301e-003
75 4.736357e-005 6.382370e-003
76 1.600756e-004 4.116819e-002
77 6.794658e-006 4.505114e-003
78 1.324336e-005 3.403174e-002
79 9.037796e-004 6.523459e-002
80 2.284117e-005 1.358254e-002
81 4.852235e-006 3.486947e-003
82 5.946112e-004 6.980204e-002
83 5.624552e-005 1.118630e-002
84 5.722867e-004 5.524743e-002
85 2.651482e-005 1.598168e-002
86 1.345993e-004 1.275296e-002
87 1.328209e-003 4.907371e-002
88 1.181112e-006 6.566580e-003
89 4.664117e-005 1.642007e-002
90 2.205175e-005 9.348168e-003
91 9.765537e-007 4.040170e-003
92 9.981162e-007 7.076164e-003
93 8.089283e-006 1.252904e-002
94 3.168722e-006 7.309618e-003
95 5.201060e-005 8.331504e-003
96 1.938516e-003 3.211577e-001
97 1.817299e-005 6.599232e-003
98 6.249996e-004 5.908610e-002
99 1.778710e-003 2.067537e-001
100 6.849137e-003 2.275832e-001
101 2.211525e-002 2.341353e-001
102 2.038481e-005 1.082928e-002
103 1.738277e-003 6.529354e-002
104 2.286231e-004 4.433402e-002
105 2.255259e-004 7.622343e-002
106 5.739137e-005 1.644552e-002
107 9.982160e-006 3.157641e-002
108 2.178715e-004 1.031504e-002
109 3.302811e-004 8.276495e-002
110 2.641165e-006 4.302014e-003
111 5.131113e-005 3.018428e-002
112 6.411433e-004 4.500755e-002
113 7.860439e-004 8.957840e-002
114 8.665877e-004 7.699522e-002
115 4.923080e-005 2.501352e-002
116 1.795829e-004 3.296579e-002
117 3.168919e-006 4.074767e-003
118 2.105613e-005 6.704670e-003
119 9.993947e-004 2.378236e-001
120 2.494754e-005 3.971068e-002
121 1.158720e-006 4.408076e-003
122 1.260059e-006 7.773532e-003
123 2.572065e-003 1.275451e-001
124 5.315460e-004 5.817816e-002
125 2.376006e-005 2.919200e-002
126 1.934453e-005 6.918086e-003
127 1.331393e-006 8.583301e-003
128 4.798122e-003 2.377091e-001
129 3.443640e-004 3.362190e-002
130 2.790744e-006 4.087388e-003
131 4.419484e-004 1.017699e-001
132 1.490689e-005 5.724949e-003
133 9.686808e-003 3.528366e-001
134 5.855917e-005 1.914567e-002
135 3.175942e-004 1.073733e-002
136 1.855578e-005 8.596817e-003
137 2.506268e-006 5.261076e-003
138 4.674566e-006 1.209923e-002
139 6.692485e-006 5.553880e-003
140 7.419041e-006 1.262025e-002
141 2.831116e-004 2.677015e-002
142 8.126918e-004 7.335115e-002
143 1.480402e-005 4.784033e-003
144 2.176334e-006 3.967719e-003
145 3.206086e-004 1.566706e-002
146 4.087491e-005 1.475030e-002
147 3.369908e-003 1.043010e-001
148 1.399173e-005 3.755425e-003
149 1.869916e-004 1.220506e-002
150 3.069531e-007 2.957332e-003
151 2.581470e-007 1.015592e-002
152 1.508077e-006 1.245129e-002
153 4.830648e-005 9.697263e-003
154 1.956898e-005 2.007490e-002
155 4.117612e-005 4.482599e-003
156 3.149714e-003 8.793054e-002
157 5.928025e-006 4.037473e-003
158 2.819185e-006 9.798844e-003
159 2.585727e-006 5.460041e-003
160 4.562142e-005 1.336355e-002
161 8.890013e-006 7.951074e-003
162 5.777816e-005 1.945961e-002
163 9.319615e-004 3.474916e-002
164 9.048931e-004 3.133073e-002
165 1.861920e-004 1.046488e-002
166 2.902312e-006 4.444763e-003
167 2.628815e-006 3.960542e-003
168 5.778040e-005 2.122519e-002
169 1.060833e-003 3.168856e-002
170 4.535277e-004 2.549006e-002
171 2.032753e-004 3.483148e-002
172 1.102905e-004 1.496242e-002
173 7.611336e-007 3.296090e-003
174 6.900135e-006 3.675709e-003
175 2.622789e-006 3.568037e-003
176 7.254958e-003 1.143302e-001
177 5.700624e-006 8.168335e-003
178 1.031374e-004 1.464339e-002
179 1.051109e-004 6.054475e-003
180 3.460485e-006 4.364048e-003
181 1.093081e-004 7.776194e-002
182 8.661793e-005 9.303610e-003
183 4.712664e-005 1.101266e-002
184 6.765764e-003 1.987509e-001
185 5.697642e-005 1.169989e-002
186 2.758992e-005 1.288632e-002
187 3.334060e-003 1.442003e-001
188 3.722485e-004 9.553232e-003
189 2.964298e-007 3.304253e-003
190 5.802511e-005 1.247097e-002
191 7.356600e-005 2.412650e-002
192 1.486601e-004 1.664868e-002
193 9.826718e-005 4.576677e-002
194 1.486601e-004 1.664868e-002
195 3.180079e-004 4.201498e-002
196 4.767149e-005 6.881790e-003
197 6.163609e-004 1.122984e-001
198 8.590896e-004 1.159660e-002
199 2.462712e-003 8.077134e-002
200 9.724391e-004 5.009207e-002
201 2.653844e-006 5.265003e-003
202 6.217042e-005 3.952093e-002
203 1.925468e-003 1.287949e-001
204 1.703107e-006 3.479032e-003
205 1.546407e-003 1.185534e-001
206 1.280873e-007 8.526983e-003
207 9.468019e-004 1.757389e-001
208 1.292047e-004 6.662150e-002
209 9.856716e-004 1.019817e-001
210 3.153498e-003 9.713908e-002
211 1.528262e-004 1.571156e-002
212 4.365261e-004 3.294423e-002
213 2.321591e-005 1.245251e-002
214 7.180043e-005 3.041147e-002
215 1.159541e-006 4.053709e-003
216 2.108185e-005 6.045310e-003
217 4.181961e-005 3.306962e-002
218 2.563824e-005 1.313554e-002
219 7.696515e-006 5.974359e-003
220 5.258894e-005 2.507014e-002
221 1.377774e-004 2.833805e-002
222 8.981797e-004 5.635181e-002
223 1.442830e-004 1.686811e-002
224 2.234369e-006 3.047191e-003
225 1.736199e-004 3.026709e-002
226 1.037130e-006 3.741664e-003
227 3.816692e-004 3.481834e-002
228 6.162716e-005 1.437988e-002
229 7.259003e-003 1.315731e-001
230 1.570028e-003 1.603276e-001
231 2.338715e-005 1.406898e-002
232 8.628456e-004 6.102348e-002
233 9.409986e-005 2.143913e-002
234 5.300432e-005 1.542818e-002
235 6.166075e-005 1.307797e-002
236 5.410071e-003 1.356083e-001
237 1.657828e-005 3.681544e-003
238 1.553045e-004 1.461406e-002
239 1.267303e-004 1.305873e-002
240 3.292980e-003 6.482142e-002
241 2.212710e-003 1.262755e-001
242 6.836883e-005 1.281332e-002
243 1.703436e-005 6.295137e-003
244 7.172092e-006 4.412206e-003
245 5.881289e-005 1.172325e-002
246 5.386964e-005 1.352224e-002
247 1.496456e-005 7.012896e-003
248 8.428181e-005 2.697749e-002
249 4.334123e-004 6.276107e-002
250 2.477968e-004 5.239101e-002
251 1.111570e-004 5.475419e-003
252 1.952215e-003 2.962229e-001
253 1.515306e-004 2.237523e-002
254 8.892258e-004 1.445638e-002
255 4.035521e-004 1.519158e-002
256 2.740317e-006 3.208099e-003
257 1.004776e-004 2.873305e-002
258 1.662728e-004 2.724494e-002
259 6.874988e-006 4.537021e-003
260 4.925306e-005 1.026903e-002
261 5.799756e-005 1.041112e-002
262 7.344128e-007 3.465733e-003
263 5.165326e-005 1.737163e-002
264 2.619610e-004 3.822911e-002
265 3.649996e-004 1.139472e-002
266 9.000407e-004 1.235329e-002
267 5.149209e-005 1.076852e-002
268 2.189492e-006 4.202036e-003
269 4.363059e-006 8.021492e-003
270 3.973062e-007 4.707263e-003
271 3.144721e-003 4.926775e-002
272 4.010571e-005 1.067939e-002
273 9.831322e-005 1.446954e-002
274 1.272378e-004 8.164067e-003
275 4.265459e-005 6.041832e-003
276 4.177071e-006 2.839746e-003
277 2.093552e-005 1.849156e-002
278 7.748444e-005 1.412574e-002
279 7.483110e-006 4.896155e-003
280 2.247309e-003 1.033512e-001
281 2.753368e-003 3.929753e-002
282 3.863422e-005 4.999848e-003
283 1.228143e-003 6.952328e-002
284 2.654142e-005 1.340947e-002
285 9.704157e-004 2.065097e-002
286 8.562222e-006 7.977360e-003
287 2.458922e-004 7.452742e-003
288 1.976775e-005 1.045153e-002
289 6.498197e-006 7.062579e-003
290 1.510602e-004 1.374953e-002
291 1.813528e-004 3.673166e-002
292 3.568718e-004 4.043713e-002
293 1.983428e-006 3.944851e-003
294 6.689424e-006 8.784014e-003
295 3.206372e-005 9.131531e-003
296 1.584519e-004 4.401712e-002
297 2.125457e-005 8.483114e-003
298 8.519074e-007 3.910451e-003
299 3.998894e-005 6.903076e-003
300 1.809928e-005 7.990952e-003
301 1.238894e-002 2.875977e-001
302 2.039584e-005 5.872592e-003
303 2.732156e-003 1.121939e-001
304 4.236270e-005 4.024704e-003
305 1.291382e-004 1.321244e-002
306 4.032950e-005 5.527452e-003
307 5.652692e-003 3.791546e-002
308 5.457123e-003 5.523915e-002
309 2.305049e-003 6.576178e-002
310 1.553890e-004 4.478770e-002
311 5.106876e-005 1.157859e-002
312 1.773907e-004 6.259142e-002
313 1.047562e-003 4.613092e-002
314 1.969552e-005 4.110489e-003
315 2.210764e-003 4.310073e-002
316 2.019993e-003 2.730808e-001
317 1.002295e-003 6.745066e-002
318 1.619195e-003 1.181307e-001
319 2.190588e-003 5.203511e-002
320 2.101226e-005 6.297305e-003
321 5.327755e-005 1.127060e-002
322 1.361464e-005 7.661368e-003
323 7.207625e-003 4.908776e-001
324 1.568906e-005 5.432361e-003
325 3.058276e-005 8.052603e-003
326 6.934007e-006 6.198666e-003
327 6.115107e-005 7.635040e-003
328 8.191831e-004 2.772119e-002
329 2.832407e-003 1.499732e-001
330 6.393705e-007 2.853625e-003
331 8.359652e-004 7.184910e-002
332 1.046726e-004 9.767825e-003
333 3.121180e-004 1.068989e-002
334 2.066482e-005 9.481216e-003
335 2.510733e-006 1.127323e-002
336 4.128462e-004 1.203679e-002
337 1.752993e-005 4.217203e-003
338 6.890024e-004 2.227803e-002
339 1.119012e-004 1.205238e-002
340 7.601173e-004 7.918073e-002
341 1.942531e-004 5.451792e-002
342 3.581319e-004 2.866351e-002
343 7.439875e-006 4.782231e-003
344 7.407047e-003 1.071489e-001
345 3.454277e-004 7.062758e-002
346 6.345640e-003 1.916608e-001
347 1.053500e-006 3.683075e-003
348 2.388805e-003 3.764169e-002
349 1.553513e-004 9.831286e-003
350 3.145841e-006 5.707436e-003
351 4.269849e-003 2.860134e-001
352 1.532287e-004 1.421544e-002
353 3.083322e-006 3.602338e-003
354 1.704256e-003 7.366012e-002
355 2.059590e-004 3.833067e-002
356 2.091331e-005 7.750315e-003
357 9.777884e-004 4.464388e-002
358 8.197790e-006 6.829879e-003
359 3.233233e-007 5.731489e-003
360 2.768065e-006 3.718185e-003
361 1.157428e-004 1.145355e-002
362 1.024595e-004 8.405276e-002
363 2.011648e-004 9.810604e-002
364 3.103218e-003 1.301832e-001
365 8.169379e-005 8.668560e-002
366 8.589621e-006 8.567715e-003
367 2.906119e-006 7.434464e-003
368 7.186745e-003 1.169497e-001
369 9.791794e-006 7.369610e-003
370 2.189429e-003 6.456572e-002
371 1.454899e-004 1.162910e-002
372 1.258894e-002 3.402257e-001
373 2.265699e-004 6.065201e-003
374 6.063657e-006 8.843205e-003
375 8.075405e-006 4.580051e-003
376 1.420997e-005 1.171029e-002
377 4.482674e-004 2.992379e-002
378 4.312870e-005 9.997392e-003
379 3.398656e-004 2.166218e-002
380 1.219540e-003 9.113208e-002
381 1.206709e-003 6.075398e-002
382 9.320576e-006 5.559261e-003
383 2.165492e-004 1.907265e-002
384 6.206668e-005 6.214934e-003
385 8.272899e-004 1.793812e-002
386 1.996536e-005 5.096338e-003
387 9.192305e-004 3.619757e-002
388 5.862818e-005 3.444062e-002
389 1.890693e-004 9.385118e-003
390 7.831049e-006 5.131287e-003
391 7.546141e-005 1.806633e-002
392 2.336907e-003 1.384506e-001
393 7.582205e-007 3.299340e-003
394 1.333994e-003 8.822141e-002
395 1.481717e-004 1.608537e-002
396 1.333890e-005 1.722312e-002
397 6.019578e-005 1.102246e-002
398 6.323300e-006 5.406515e-003
399 7.205132e-006 5.197777e-003
400 3.654030e-004 2.071308e-002
401 1.079672e-006 4.354613e-003
402 8.112192e-005 2.544248e-002
403 2.170506e-004 3.984588e-002
404 7.399269e-005 1.568834e-002
405 6.495361e-006 6.233803e-003
406 1.134428e-004 9.234076e-003
407 1.760526e-004 3.134988e-002
408 1.722140e-003 1.411363e-001
409 1.346427e-004 2.846991e-002
410 3.414121e-004 1.039810e-002
411 1.247702e-004 1.835498e-002
412 4.294842e-004 1.410137e-002
413 6.969297e-004 2.678135e-002
414 6.126798e-007 1.294901e-002
415 1.078292e-006 4.018515e-003
416 6.713626e-004 5.569346e-002
417 2.090612e-005 3.868251e-003
418 4.050257e-004 3.017010e-002
419 1.227541e-003 1.056426e-001
420 2.978241e-005 6.901001e-003
421 8.134691e-006 1.954414e-002
422 5.988725e-004 7.802760e-002
423 1.424068e-004 5.622500e-003
424 2.172771e-005 7.824426e-003
425 3.426455e-005 3.129983e-002
426 1.241750e-004 1.104936e-002
427 1.723489e-003 1.006499e-001
428 8.108599e-006 2.170243e-002
429 1.865915e-004 2.185324e-002
430 5.304071e-005 7.335847e-003
431 3.435604e-005 3.332168e-003
432 4.858414e-005 7.118357e-003
433 3.780091e-007 3.545225e-003
434 6.292673e-005 1.303571e-002
435 4.174570e-004 3.356586e-002
436 1.781684e-006 3.552805e-003
437 1.323557e-003 7.453458e-002
438 9.012644e-007 3.491344e-003
439 7.093464e-006 4.401241e-003
440 4.680502e-005 1.106438e-002
441 9.182891e-005 2.920844e-002
442 1.944529e-005 6.146955e-003
443 5.159032e-005 6.886862e-003
444 1.171765e-003 1.832036e-002
445 1.167349e-003 3.054403e-002
446 1.579190e-005 5.440028e-003
447 8.700328e-006 4.938644e-003
448 1.297573e-003 4.206030e-002
449 1.383116e-005 3.854706e-003
450 5.586339e-005 1.535592e-002
451 2.341911e-006 4.944858e-003
452 7.245065e-004 2.141859e-001
453 1.212761e-004 2.489643e-002
454 2.603348e-003 6.118267e-002
455 1.551410e-004 1.440299e-002
456 1.972224e-003 1.178070e-001
457 3.262115e-004 2.190914e-002
458 1.425482e-004 5.092891e-002
459 4.760740e-005 1.514614e-001
460 9.704250e-004 2.215467e-002
461 1.404345e-004 7.558007e-003
462 4.166843e-007 6.101953e-003
463 3.829019e-004 1.135246e-002
464 7.833917e-005 3.446681e-002
465 1.418175e-004 1.583287e-002
466 3.275141e-004 1.390384e-002
467 2.373057e-005 2.201973e-002
468 3.686764e-007 3.296553e-003
469 6.153730e-004 1.210123e-002
470 4.580133e-004 1.874692e-002
471 9.325149e-006 6.393122e-003
472 1.589468e-004 9.136388e-003
473 7.241097e-003 6.965437e-002
474 7.945487e-005 8.238302e-003
475 1.433618e-005 4.644737e-003
476 7.115556e-006 4.387188e-003
477 3.403943e-005 1.657089e-002
478 3.271476e-006 4.407988e-003
479 2.993408e-006 8.992724e-003
480 3.242439e-006 8.505529e-003
481 1.670959e-005 5.532639e-003
482 1.766865e-005 5.898977e-003
483 2.200168e-006 6.018117e-003
484 7.333037e-006 5.731589e-003
485 3.113329e-004 2.033155e-002
486 8.288705e-004 8.494096e-003
487 9.981297e-004 5.207208e-002
488 9.394237e-005 3.348220e-002
489 2.220852e-003 6.508149e-002
490 9.984319e-005 2.754366e-002
491 2.176650e-003 4.576930e-002
492 2.418703e-003 6.031899e-002
493 2.203380e-005 3.858679e-003
494 4.240230e-003 1.791847e-001
495 3.482738e-004 1.555794e-002
496 2.223072e-005 1.089932e-002
497 7.531193e-003 9.676658e-002
498 6.196553e-006 6.965251e-003
499 8.536748e-006 8.336831e-003
500 3.989734e-005 8.845222e-003
501 4.130948e-004 4.134993e-002
