2 1.859074e-003 9.202729e-002
3 5.193152e-003 4.335539e-001
4 1.450089e-003 1.945829e-001
5 3.075529e-004 1.904245e-001
6 2.103858e-003 6.177703e-001
7 4.747511e-003 1.592863e-001
8 4.722268e-003 2.447617e-001
9 5.385810e-003 1.157474e-001
10 2.573789e-004 5.706106e-003
11 6.099049e-003 2.542950e-001
12 4.673616e-003 1.557030e-001
13 8.522156e-004 2.214709e-001
14 4.591429e-003 3.158407e-001
15 1.373939e-002 3.000741e-001
16 5.640837e-003 1.851170e-001
17 1.771528e-005 7.857832e-003
18 5.849073e-003 2.997503e-001
19 4.197506e-005 5.654660e-003
20 3.427033e-003 1.854331e-001
21 1.017400e-003 5.272126e-002
22 9.775646e-003 3.706606e-001
23 7.469423e-004 4.532401e-002
24 6.132780e-003 3.734614e-001
25 4.003244e-005 2.461471e-002
26 3.114743e-003 2.131824e-001
27 4.419026e-003 2.987113e-001
28 4.549160e-004 1.308890e-002
29 3.511519e-003 5.245545e-001
30 3.018828e-004 4.583634e-002
31 3.002101e-004 5.836702e-002
32 4.497030e-003 1.381442e-001
33 8.063034e-003 1.210399e-001
34 4.115312e-003 8.513738e-002
35 1.238215e-002 5.378787e-001
36 5.242829e-006 5.198398e-002
37 8.418409e-004 1.494629e-001
38 7.319479e-003 3.951039e-001
39 4.863813e-005 6.107266e-002
40 5.794248e-003 3.008266e-001
41 2.293618e-005 7.852352e-003
42 3.031756e-004 6.457110e-002
43 2.024584e-003 1.127020e-001
44 1.201699e-005 8.465264e-003
45 1.931263e-005 6.419745e-003
46 1.545680e-004 9.542766e-003
47 2.301328e-005 1.131083e-002
48 1.090123e-006 2.894265e-003
49 7.272483e-003 1.874864e-001
50 4.451089e-006 1.034718e-002
51 3.969940e-006 3.813047e-003
52 7.545345e-007 7.572781e-003
53 1.893794e-003 4.205714e-002
54 2.947149e-006 3.846612e-003
55 3.691773e-006 7.039060e-003
56 3.894156e-006 6.386830e-003
57 3.227437e-006 5.530453e-003
58 7.479495e-005 9.443954e-003
59 1.082918e-005 8.418160e-003
60 8.800323e-006 6.596248e-003
61 8.566958e-005 1.408844e-002
62 2.117037e-004 1.355906e-002
63 4.460541e-004 1.091759e-002
64 4.829767e-005 5.473070e-003
65 3.672583e-006 5.481270e-003
66 6.832340e-006 7.593299e-003
67 2.929120e-006 3.138019e-003
68 4.480545e-005 7.719579e-003
69 2.148794e-004 4.917716e-002
70 1.776775e-004 2.046948e-002
71 5.131229e-005 7.873003e-003
72 5.879554e-005 8.873411e-003
73 9.530944e-005 2.426733e-002
74 2.386438e-005 9.200607e-003
75 6.137710e-005 6.741577e-003
76 5.669774e-004 4.448640e-002
77 2.406624e-005 4.645960e-003
78 1.781043e-005 3.418352e-002
79 2.454616e-003 8.824891e-002
80 4.612636e-006 1.372526e-002
81 1.396705e-005 3.600391e-003
82 3.060056e-004 7.547314e-002
83 1.833041e-004 1.315717e-002
84 1.850604e-003 6.951867e-002
85 9.391378e-005 1.653131e-002
86 3.048869e-003 2.433296e-002
87 1.818003e-003 6.564135e-002
88 8.092028e-006 6.601430e-003
89 2.400301e-005 1.686491e-002
90 2.490809e-005 9.605740e-003
91 1.323600e-006 4.055466e-003
92 5.136619e-007 7.085683e-003
93 9.908540e-006 1.261506e-002
94 1.630724e-006 7.339840e-003
95 2.676629e-005 8.827555e-003
96 2.398773e-003 3.605328e-001
97 9.352392e-006 6.772557e-003
98 8.471112e-004 6.887541e-002
99 2.516126e-003 2.275409e-001
100 9.283174e-003 3.348606e-001
101 9.139250e-003 3.286435e-001
102 5.867720e-005 1.130588e-002
103 7.183529e-004 7.272196e-002
104 9.541275e-005 4.515753e-002
105 4.512021e-003 9.165356e-002
106 1.651997e-004 1.778732e-002
107 5.137133e-006 3.167162e-002
108 8.855689e-005 1.288180e-002
109 1.603756e-004 8.686172e-002
110 1.282478e-006 4.334774e-003
111 1.024939e-005 3.054672e-002
112 7.933685e-004 5.803045e-002
113 3.778166e-004 9.482793e-002
114 4.165305e-004 8.278266e-002
115 1.421161e-004 2.636143e-002
116 2.056605e-004 3.503203e-002
117 8.606611e-006 4.155462e-003
118 1.083615e-005 6.905492e-003
119 2.063975e-002 3.585686e-001
120 2.604358e-003 4.739860e-002
121 5.963139e-007 4.419128e-003
122 8.721222e-006 7.841066e-003
123 1.381480e-003 1.465804e-001
124 6.864789e-004 6.624398e-002
125 1.276175e-005 2.936784e-002
126 6.973497e-005 7.370668e-003
127 4.381854e-006 8.619744e-003
128 1.343963e-002 3.075811e-001
129 3.889692e-004 3.764420e-002
130 7.334019e-006 4.163735e-003
131 3.830784e-003 1.254735e-001
132 1.844620e-005 6.027738e-003
133 4.985135e-003 4.452245e-001
134 7.936985e-005 2.006288e-002
135 2.431460e-003 2.337838e-002
136 2.296144e-005 8.973722e-003
137 1.734658e-005 5.395401e-003
138 1.345563e-005 1.220852e-002
139 3.444163e-006 5.617709e-003
140 5.481507e-007 1.263721e-002
141 1.456981e-004 2.947032e-002
142 1.480894e-002 1.189410e-001
143 9.259874e-005 5.271836e-003
144 6.973539e-006 4.017559e-003
145 8.325252e-004 1.984481e-002
146 1.294627e-004 1.646184e-002
147 4.438970e-003 1.666588e-001
148 2.825545e-006 3.842853e-003
149 1.309373e-005 1.283544e-002
150 1.395776e-007 2.959675e-003
151 2.793921e-007 1.015828e-002
152 6.635418e-007 1.246393e-002
153 2.416046e-005 1.021010e-002
154 1.304325e-004 2.136011e-002
155 8.315269e-006 4.739893e-003
156 6.181666e-004 1.089453e-001
157 1.184122e-006 4.079345e-003
158 2.925496e-006 9.824559e-003
159 1.293250e-006 5.487492e-003
160 2.281753e-005 1.384788e-002
161 8.469808e-006 8.033360e-003
162 1.015301e-005 1.976323e-002
163 4.661200e-004 4.464320e-002
164 9.261578e-004 4.106884e-002
165 7.760641e-005 1.200980e-002
166 1.209708e-006 4.468845e-003
167 1.314801e-006 3.988450e-003
168 6.137373e-005 2.207796e-002
169 1.426670e-003 4.384685e-002
170 4.817324e-004 3.218358e-002
171 9.269490e-005 3.839848e-002
172 3.014243e-004 1.699324e-002
173 2.743806e-006 3.313897e-003
174 7.329251e-006 3.777546e-003
175 3.212647e-006 3.595924e-003
176 3.308310e-003 2.416379e-001
177 1.091044e-006 8.220862e-003
178 2.945740e-004 1.635059e-002
179 2.969489e-004 8.660932e-003
180 4.653859e-006 4.403709e-003
181 4.451056e-005 7.828490e-002
182 4.295263e-005 9.799976e-003
183 8.062573e-006 1.121078e-002
184 2.946737e-003 2.292298e-001
185 6.083696e-005 1.213614e-002
186 1.981099e-006 1.295367e-002
187 1.606789e-003 1.667721e-001
188 1.924118e-004 1.318907e-002
189 5.817767e-008 3.306231e-003
190 2.902123e-005 1.308699e-002
191 5.435373e-006 2.429468e-002
192 1.579052e-004 1.884272e-002
193 4.914828e-005 4.681001e-002
194 1.579052e-004 1.884272e-002
195 3.377847e-004 4.670838e-002
196 2.535444e-005 7.294256e-003
197 9.399247e-005 1.141695e-001
198 4.227037e-004 1.519894e-002
199 2.615867e-003 1.171179e-001
200 1.830965e-004 5.348534e-002
201 3.686013e-007 5.272450e-003
202 1.949178e-004 4.094915e-002
203 2.294497e-003 1.690147e-001
204 2.341384e-006 3.503986e-003
205 3.034996e-004 1.288709e-001
206 2.191357e-008 8.527522e-003
207 1.247163e-003 1.932588e-001
208 6.678474e-005 6.788347e-002
209 4.929832e-004 1.124459e-001
210 1.519771e-003 1.184885e-001
211 1.873896e-004 1.851100e-002
212 4.770991e-004 3.838664e-002
213 1.161142e-005 1.269898e-002
214 3.591095e-005 3.117373e-002
215 2.219249e-007 4.064393e-003
216 2.471484e-005 6.221948e-003
217 1.699816e-005 3.356230e-002
218 3.355194e-005 1.330053e-002
219 3.960868e-006 6.047764e-003
220 1.556738e-004 2.612868e-002
221 1.474906e-004 3.131015e-002
222 3.444637e-004 6.939408e-002
223 1.073528e-003 2.492664e-002
224 1.043741e-006 3.063586e-003
225 2.128860e-004 3.344743e-002
226 4.322847e-007 3.750270e-003
227 1.836409e-004 3.881888e-002
228 6.735512e-005 1.514822e-002
229 8.650241e-003 2.832016e-001
230 3.908935e-003 1.804508e-001
231 1.063086e-005 1.415709e-002
232 6.490466e-003 9.048001e-002
233 3.774897e-005 2.280152e-002
234 9.979962e-006 1.561313e-002
235 7.397695e-005 1.409669e-002
236 8.045376e-004 1.589273e-001
237 1.224875e-006 3.719444e-003
238 6.473224e-005 1.590269e-002
239 5.160491e-005 1.366504e-002
240 9.048256e-005 7.219685e-002
241 9.222762e-004 1.446354e-001
242 5.051384e-006 1.296962e-002
243 3.260211e-006 6.452096e-003
244 9.645441e-006 4.494406e-003
245 3.026696e-005 1.228417e-002
246 1.451713e-004 1.454701e-002
247 2.864072e-006 7.150783e-003
248 2.460745e-004 2.903588e-002
249 2.088752e-004 6.569531e-002
250 2.561243e-004 5.463913e-002
251 5.720486e-005 6.535578e-003
252 9.763991e-004 3.169483e-001
253 1.443682e-004 2.377780e-002
254 9.966096e-004 2.246067e-002
255 2.981617e-005 1.611416e-002
256 4.299868e-007 3.215517e-003
257 5.025380e-005 2.979976e-002
258 5.269922e-004 3.259066e-002
259 2.865554e-006 4.594066e-003
260 5.345741e-005 1.120950e-002
261 2.487384e-005 1.084021e-002
262 2.572979e-006 3.488465e-003
263 7.070105e-005 1.801593e-002
264 1.393259e-004 4.049567e-002
265 5.074834e-005 1.307457e-002
266 1.751373e-004 1.520242e-002
267 6.238619e-005 1.116311e-002
268 1.553976e-005 4.280017e-003
269 2.856396e-007 8.037742e-003
270 1.091695e-008 4.708153e-003
271 2.911769e-003 8.465626e-002
272 3.884004e-005 1.162842e-002
273 4.522676e-005 1.491125e-002
274 3.634081e-004 1.027020e-002
275 9.496510e-005 7.155101e-003
276 3.086200e-007 2.849295e-003
277 9.526268e-006 1.861342e-002
278 1.349192e-005 1.447792e-002
279 2.908074e-006 4.936561e-003
280 1.311417e-004 1.092128e-001
281 1.340038e-003 5.475361e-002
282 7.675789e-004 8.772799e-003
283 6.150330e-004 7.512813e-002
284 1.960994e-006 1.347015e-002
285 4.161893e-004 2.783046e-002
286 1.120510e-005 8.032462e-003
287 2.687468e-004 1.051841e-002
288 2.160507e-005 1.069798e-002
289 4.431707e-005 7.435086e-003
290 2.076733e-004 1.596290e-002
291 1.269888e-005 3.734303e-002
292 8.885121e-004 4.501120e-002
293 8.061919e-007 3.968218e-003
294 6.387168e-006 8.889968e-003
295 3.405774e-005 9.604752e-003
296 1.938710e-004 4.506121e-002
297 2.530204e-005 8.744820e-003
298 2.175795e-006 3.938450e-003
299 2.000045e-005 7.327613e-003
300 1.922486e-005 8.258075e-003
301 6.196320e-003 4.191231e-001
302 8.290172e-006 6.112877e-003
303 1.061766e-003 1.269468e-001
304 7.889631e-006 4.204709e-003
305 4.208612e-004 1.773751e-002
306 6.728457e-006 5.786371e-003
307 7.771163e-003 1.207399e-001
308 1.006397e-003 8.481156e-002
309 1.216441e-003 8.190502e-002
310 6.038703e-005 4.562676e-002
311 2.266104e-005 1.201328e-002
312 1.884225e-004 6.520949e-002
313 5.239374e-004 5.725222e-002
314 1.013593e-005 4.298335e-003
315 1.660340e-004 5.663451e-002
316 8.021319e-004 2.871925e-001
317 4.065232e-004 7.193788e-002
318 1.834173e-003 1.408602e-001
319 2.628139e-003 8.822680e-002
320 2.722919e-005 6.456662e-003
321 9.533452e-006 1.181294e-002
322 1.892934e-006 7.724027e-003
323 7.479423e-003 5.566202e-001
324 3.002734e-006 5.576924e-003
325 7.614261e-005 8.444585e-003
326 4.539537e-007 6.224491e-003
327 3.058468e-005 8.284242e-003
328 7.585002e-004 3.693971e-002
329 1.324468e-003 1.825187e-001
330 7.689108e-007 2.868271e-003
331 7.732410e-004 7.746510e-002
332 3.317540e-004 1.313308e-002
333 1.423279e-004 1.616684e-002
334 3.535402e-006 9.568090e-003
335 9.184304e-007 1.128462e-002
336 1.869087e-004 1.510484e-002
337 8.512059e-006 4.434642e-003
338 5.182788e-003 4.579975e-002
339 1.504912e-004 1.333489e-002
340 5.022038e-005 8.254544e-002
341 7.895689e-005 5.680643e-002
342 1.254697e-003 3.974881e-002
343 1.462008e-006 4.802375e-003
344 5.562878e-004 1.524931e-001
345 3.734316e-004 7.645749e-002
346 4.556498e-004 2.071507e-001
347 6.897027e-008 3.686999e-003
348 1.041486e-003 5.589771e-002
349 6.084469e-005 1.105737e-002
350 6.352837e-007 5.727093e-003
351 7.362140e-004 3.100909e-001
352 7.539414e-005 1.485796e-002
353 1.586774e-006 3.631746e-003
354 8.294454e-004 8.322699e-002
355 3.547516e-005 3.900803e-002
356 6.520840e-005 8.037269e-003
357 1.061255e-003 6.331429e-002
358 9.942599e-006 7.020602e-003
359 1.472856e-007 5.734678e-003
360 2.950368e-006 3.748017e-003
361 5.046224e-005 1.233809e-002
362 1.219707e-004 8.531434e-002
363 4.478683e-004 1.033564e-001
364 2.292791e-004 1.372776e-001
365 4.222677e-005 8.748352e-002
366 1.685809e-006 8.625025e-003
367 3.190174e-006 7.475290e-003
368 9.665147e-003 1.993175e-001
369 4.817923e-006 7.410670e-003
370 9.197122e-004 8.858574e-002
371 3.885056e-004 1.410833e-002
372 5.586163e-003 4.473818e-001
373 2.803639e-004 1.066729e-002
374 8.430708e-007 8.871112e-003
375 4.294964e-006 4.649921e-003
376 1.509368e-005 1.192001e-002
377 2.242007e-004 3.468276e-002
378 7.892009e-006 1.016491e-002
379 3.714546e-004 2.589947e-002
380 3.483168e-003 1.113188e-001
381 2.124253e-004 6.538159e-002
382 3.013995e-005 5.791690e-003
383 2.580524e-004 2.359600e-002
384 3.159441e-005 6.935773e-003
385 2.017422e-003 3.781669e-002
386 7.983566e-006 5.187409e-003
387 3.286937e-004 4.484309e-002
388 2.932285e-005 3.506304e-002
389 9.456291e-005 1.139235e-002
390 2.190717e-005 5.361630e-003
391 8.015431e-005 1.918005e-002
392 2.163795e-003 1.647485e-001
393 8.053738e-007 3.310530e-003
394 1.530180e-003 9.943347e-002
395 2.651375e-005 1.759369e-002
396 6.671445e-006 1.736473e-002
397 6.393932e-005 1.191088e-002
398 5.626690e-006 5.442133e-003
399 2.524283e-005 5.420799e-003
400 3.383349e-004 2.482507e-002
401 3.330098e-006 4.365779e-003
402 9.400422e-005 2.668525e-002
403 5.932002e-004 4.384251e-002
404 3.007536e-005 1.656005e-002
405 5.475796e-005 6.417412e-003
406 1.454101e-004 1.051878e-002
407 8.805262e-005 3.321892e-002
408 1.127446e-004 1.475501e-001
409 1.313095e-004 2.979021e-002
410 6.247410e-005 1.172420e-002
411 2.134608e-005 1.887951e-002
412 1.976472e-004 2.249125e-002
413 3.035383e-004 2.992093e-002
414 4.083676e-006 1.298924e-002
415 7.966885e-008 4.020980e-003
416 2.629450e-004 6.099209e-002
417 7.404812e-005 4.301614e-003
418 5.684931e-004 3.398073e-002
419 1.488810e-003 1.342016e-001
420 2.575565e-005 7.105112e-003
421 2.045620e-005 1.978651e-002
422 6.189984e-004 8.346083e-002
423 1.915168e-004 7.254634e-003
424 2.944928e-005 8.164745e-003
425 3.555666e-005 3.161236e-002
426 1.669977e-004 1.247254e-002
427 2.685586e-004 1.074515e-001
428 3.535236e-006 2.176440e-002
429 1.807030e-004 2.626862e-002
430 2.729642e-005 7.841722e-003
431 2.004846e-006 3.421777e-003
432 4.201528e-005 7.451324e-003
433 1.621195e-007 3.548022e-003
434 3.147277e-005 1.370376e-002
435 1.516775e-004 3.591235e-002
436 3.318210e-007 3.560375e-003
437 1.968276e-004 8.023948e-002
438 3.865318e-007 3.498012e-003
439 3.650519e-006 4.468894e-003
440 8.631733e-006 1.131802e-002
441 8.502647e-005 3.024182e-002
442 3.423088e-006 6.221526e-003
443 2.655000e-005 7.378905e-003
444 1.244636e-003 3.561417e-002
445 1.241516e-003 3.853203e-002
446 3.889028e-005 5.755928e-003
447 1.170070e-005 5.038359e-003
448 3.283865e-003 8.197113e-002
449 7.117949e-006 3.986621e-003
450 4.127428e-006 1.548363e-002
451 9.699236e-007 4.961132e-003
452 4.829032e-003 2.617685e-001
453 1.174488e-004 2.776623e-002
454 5.257305e-004 7.744997e-002
455 2.921086e-005 1.494434e-002
456 1.313185e-002 1.945337e-001
457 3.887322e-004 2.872316e-002
458 7.129542e-005 5.244225e-002
459 1.850111e-005 1.517184e-001
460 9.906002e-004 3.022006e-002
461 1.551790e-004 8.427341e-003
462 1.054534e-006 6.114770e-003
463 4.799430e-004 1.951653e-002
464 1.444723e-005 3.489134e-002
465 5.438885e-005 1.789217e-002
466 8.999239e-006 1.463739e-002
467 1.717309e-006 2.209195e-002
468 5.482627e-008 3.298142e-003
469 1.535458e-003 2.500752e-002
470 5.457947e-004 2.831405e-002
471 4.663968e-006 6.492122e-003
472 1.688316e-004 1.148225e-002
473 3.105542e-003 1.232267e-001
474 1.104322e-004 9.083718e-003
475 1.708381e-005 4.944196e-003
476 1.436944e-006 4.431650e-003
477 1.497708e-005 1.685616e-002
478 5.759004e-007 4.420534e-003
479 3.023504e-006 9.063843e-003
480 1.523856e-004 8.876699e-003
481 8.505845e-006 5.726703e-003
482 8.836968e-006 6.086553e-003
483 2.336995e-006 6.050588e-003
484 1.480863e-006 5.777410e-003
485 8.709464e-004 2.948913e-002
486 3.314412e-004 1.227494e-002
487 4.551539e-004 6.958693e-002
488 9.978459e-005 3.486868e-002
489 9.256701e-004 8.350893e-002
490 9.244707e-005 2.866723e-002
491 2.593819e-003 9.123590e-002
492 1.286405e-003 8.124620e-002
493 2.963232e-005 4.111210e-003
494 1.342531e-002 2.633768e-001
495 1.051862e-003 2.145061e-002
496 9.265954e-006 1.108378e-002
497 1.119972e-003 1.292281e-001
498 1.225657e-006 7.016795e-003
499 3.539221e-006 8.444395e-003
500 1.692515e-005 9.209438e-003
501 4.842824e-004 4.481112e-002
