2 1.662421e-003 1.086317e-001
3 1.393612e-002 5.688664e-001
4 1.616923e-003 2.174179e-001
5 2.750200e-004 1.931714e-001
6 2.420799e-003 6.786003e-001
7 1.146679e-002 2.291958e-001
8 1.814084e-003 2.744796e-001
9 2.047234e-003 1.360843e-001
10 1.700353e-003 1.546816e-002
11 6.800751e-003 3.503385e-001
12 2.030199e-003 1.825825e-001
13 1.025358e-003 2.362578e-001
14 6.428736e-003 4.036676e-001
15 1.563466e-002 4.688166e-001
16 5.044150e-003 2.354985e-001
17 1.161752e-004 8.413513e-003
18 1.430053e-002 3.765621e-001
19 1.364109e-004 7.001922e-003
20 1.701604e-003 2.214032e-001
21 1.157744e-003 6.521661e-002
22 9.505503e-003 5.275749e-001
23 3.023851e-004 5.162983e-002
24 6.726184e-003 4.415121e-001
25 1.899930e-005 2.513404e-002
26 2.786746e-003 2.531336e-001
27 4.460418e-003 3.522079e-001
28 1.841639e-004 1.692939e-002
29 1.083470e-002 6.404614e-001
30 3.632157e-004 5.107434e-002
31 1.354703e-004 6.082368e-002
32 9.936789e-003 2.172771e-001
33 3.304161e-003 1.812914e-001
34 1.336902e-002 1.715493e-001
35 1.229546e-002 6.825245e-001
36 1.792919e-005 5.232980e-002
37 8.262665e-004 1.645562e-001
38 2.963149e-003 4.568962e-001
39 1.074725e-004 6.192853e-002
40 5.449393e-003 3.843397e-001
41 2.270283e-005 8.077879e-003
42 1.953477e-003 7.762426e-002
43 4.670487e-003 1.522824e-001
44 4.804177e-006 8.536152e-003
45 7.720842e-006 6.533669e-003
46 1.498165e-004 1.160268e-002
47 2.230583e-005 1.161752e-002
48 4.358116e-007 2.900695e-003
49 7.158505e-003 2.321879e-001
50 1.282210e-005 1.048934e-002
51 6.549696e-007 3.828696e-003
52 7.313394e-007 7.582837e-003
53 3.124424e-004 4.952196e-002
54 3.903225e-006 3.884072e-003
55 1.184793e-005 7.133478e-003
56 4.626892e-006 6.439695e-003
57 1.582515e-006 5.555493e-003
58 1.778228e-004 1.089435e-002
59 2.868306e-005 8.598933e-003
60 8.629728e-006 6.670175e-003
61 8.400887e-005 1.480811e-002
62 2.077101e-004 1.590568e-002
63 1.060481e-003 1.956733e-002
64 1.264438e-004 6.589512e-003
65 6.059110e-007 5.495747e-003
66 7.377751e-006 7.661189e-003
67 1.171009e-006 3.155298e-003
68 1.996639e-005 7.970845e-003
69 6.896077e-004 5.467277e-002
70 5.594750e-004 2.505429e-002
71 2.051373e-005 8.175693e-003
72 4.433238e-004 1.118600e-002
73 2.525786e-004 2.611457e-002
74 2.576942e-005 9.437737e-003
75 5.949032e-005 7.559544e-003
76 6.122380e-004 5.012019e-002
77 1.894484e-004 5.744733e-003
78 4.250409e-005 3.443157e-002
79 1.054540e-003 1.134438e-001
80 7.610030e-007 1.374345e-002
81 2.304315e-006 3.655445e-003
82 1.289882e-004 7.912110e-002
83 5.885867e-004 1.862727e-002
84 7.402313e-004 8.539988e-002
85 9.214222e-005 1.757229e-002
86 1.358649e-003 4.143087e-002
87 4.956498e-003 1.012334e-001
88 1.071714e-005 6.704286e-003
89 3.117433e-005 1.713003e-002
90 9.963098e-006 9.819492e-003
91 5.291514e-007 4.063274e-003
92 3.800099e-006 7.105872e-003
93 1.287573e-005 1.274567e-002
94 1.937566e-006 7.361978e-003
95 1.434610e-005 8.983846e-003
96 2.829207e-003 3.825963e-001
97 1.542979e-006 6.809422e-003
98 6.008273e-003 9.744284e-002
99 8.718342e-004 2.345011e-001
100 4.463716e-003 3.923154e-001
101 1.507814e-003 3.646680e-001
102 2.614797e-005 1.163493e-002
103 3.201153e-004 7.675045e-002
104 3.816457e-005 4.597633e-002
105 2.010665e-003 1.169568e-001
106 4.524760e-004 2.093071e-002
107 1.649526e-005 3.182492e-002
108 1.389162e-005 1.310997e-002
109 3.637115e-004 8.811761e-002
110 1.523793e-006 4.352185e-003
111 1.290663e-005 3.063011e-002
112 7.425195e-004 6.140225e-002
113 8.260589e-004 9.899501e-002
114 1.941915e-004 8.473440e-002
115 1.334860e-004 2.744332e-002
116 5.720535e-004 3.701851e-002
117 1.139866e-005 4.264858e-003
118 1.435147e-005 7.043227e-003
119 1.754209e-002 4.385550e-001
120 6.000238e-003 8.022429e-002
121 2.385223e-007 4.424245e-003
122 9.417418e-006 7.927725e-003
123 1.739641e-003 1.578211e-001
124 9.091774e-004 7.496959e-002
125 6.839997e-006 2.944236e-002
126 7.622449e-005 7.956182e-003
127 4.734163e-006 8.675049e-003
128 7.203322e-003 3.860566e-001
129 9.868223e-004 4.330974e-002
130 8.714010e-006 4.263299e-003
131 2.053209e-003 1.478419e-001
132 9.886726e-006 6.135447e-003
133 6.474533e-003 5.002870e-001
134 3.173063e-005 2.053108e-002
135 1.083517e-003 3.701389e-002
136 2.480758e-005 9.263526e-003
137 2.062152e-005 5.704787e-003
138 6.597726e-006 1.231292e-002
139 6.834360e-007 5.630918e-003
140 5.630911e-007 1.264165e-002
141 1.732052e-004 3.206893e-002
142 1.390966e-002 2.316778e-001
143 1.100224e-004 6.528918e-003
144 8.285701e-006 4.112229e-003
145 8.989839e-004 2.811723e-002
146 4.973377e-005 1.727657e-002
147 6.901017e-004 1.810499e-001
148 2.941493e-006 3.886256e-003
149 1.656900e-005 1.324140e-002
150 6.496078e-008 2.961166e-003
151 1.131065e-007 1.016064e-002
152 1.108551e-007 1.246800e-002
153 1.028692e-005 1.054589e-002
154 5.280309e-005 2.246125e-002
155 5.610841e-007 4.770742e-003
156 7.109137e-004 1.224982e-001
157 1.437548e-006 4.093793e-003
158 7.975903e-006 9.881833e-003
159 5.235472e-007 5.498410e-003
160 2.463900e-005 1.407461e-002
161 3.496528e-006 8.123884e-003
162 1.110196e-005 1.989932e-002
163 4.662803e-004 5.228170e-002
164 9.264762e-004 5.624616e-002
165 7.763309e-005 1.328157e-002
166 1.210124e-006 4.488669e-003
167 1.315253e-006 4.009996e-003
168 2.613139e-005 2.293095e-002
169 4.011626e-003 8.076167e-002
170 2.051095e-004 3.887889e-002
171 3.523484e-005 3.874850e-002
172 2.983577e-004 1.995709e-002
173 3.435548e-006 3.358118e-003
174 1.013790e-005 3.953527e-003
175 5.300297e-007 3.608588e-003
176 1.461084e-003 2.694921e-001
177 1.070859e-006 8.240424e-003
178 3.544220e-004 2.146178e-002
179 3.572794e-004 1.381333e-002
180 4.844833e-006 4.475197e-003
181 3.688452e-004 8.409182e-002
182 5.007335e-005 1.040262e-002
183 3.223271e-006 1.125834e-002
184 6.789052e-003 2.663709e-001
185 5.714259e-005 1.259928e-002
186 8.020097e-007 1.297040e-002
187 2.018326e-003 1.983235e-001
188 1.924780e-004 1.634220e-002
189 2.707645e-008 3.306852e-003
190 2.903121e-005 1.356257e-002
191 1.874534e-005 2.447458e-002
192 1.579595e-004 2.143038e-002
193 4.916518e-005 4.761542e-002
194 1.579595e-004 2.143038e-002
195 3.516459e-004 5.189708e-002
196 2.942152e-005 7.664511e-003
197 6.209538e-004 1.177345e-001
198 2.792559e-003 3.123156e-002
199 2.616766e-003 1.599852e-001
200 1.906100e-004 5.629788e-002
201 2.435135e-006 5.286430e-003
202 4.782732e-004 4.570369e-002
203 2.638754e-003 2.193201e-001
204 9.969024e-007 3.536528e-003
205 1.228660e-004 1.314331e-001
206 3.850412e-009 8.527734e-003
207 1.434283e-003 2.206020e-001
208 1.804504e-004 6.979667e-002
209 4.931527e-004 1.205246e-001
210 4.108559e-003 1.726532e-001
211 2.006463e-004 2.215344e-002
212 1.907356e-004 4.120103e-002
213 1.161542e-005 1.288926e-002
214 8.617922e-005 3.193865e-002
215 3.707604e-008 4.065755e-003
216 4.077510e-006 6.319367e-003
217 7.365661e-006 3.371479e-002
218 5.535474e-006 1.343279e-002
219 1.583483e-006 6.071129e-003
220 2.697689e-005 2.661789e-002
221 1.719417e-004 3.337951e-002
222 3.409592e-004 7.278112e-002
223 1.755298e-004 3.065639e-002
224 1.090054e-006 3.082674e-003
225 8.510799e-005 3.470323e-002
226 9.135680e-008 3.754273e-003
227 7.341632e-005 3.990218e-002
228 1.089727e-005 1.535584e-002
229 9.164811e-003 3.736823e-001
230 3.602398e-003 2.124255e-001
231 4.133943e-006 1.421421e-002
232 2.651239e-003 1.340278e-001
233 1.703429e-005 2.311043e-002
234 1.185782e-005 1.574862e-002
235 3.108061e-005 1.458819e-002
236 9.478804e-004 1.813671e-001
237 1.709542e-006 3.738068e-003
238 7.444440e-005 1.732191e-002
239 2.197208e-005 1.438227e-002
240 3.663011e-005 7.296072e-002
241 1.008476e-003 1.569973e-001
242 5.275526e-006 1.306199e-002
243 5.378769e-007 6.464947e-003
244 1.004125e-005 4.642569e-003
245 3.268310e-005 1.258492e-002
246 1.568433e-004 1.637926e-002
247 2.755645e-006 7.176425e-003
248 1.260154e-004 3.256889e-002
249 3.600988e-005 6.806166e-002
250 5.036923e-005 5.605130e-002
251 6.177140e-005 7.103996e-003
252 9.767348e-004 3.329490e-001
253 1.356014e-004 2.487683e-002
254 3.984265e-004 2.833964e-002
255 5.863628e-006 1.627855e-002
256 2.201973e-007 3.221690e-003
257 6.271682e-005 3.041918e-002
258 9.259730e-005 3.768178e-002
259 1.182965e-006 4.624692e-003
260 1.349243e-004 1.306465e-002
261 6.310540e-005 1.120251e-002
262 4.244959e-007 3.498607e-003
263 3.037425e-005 1.874163e-002
264 3.620784e-004 4.287664e-002
265 7.023297e-005 1.457527e-002
266 9.997264e-005 1.752199e-002
267 5.859775e-005 1.163804e-002
268 6.212514e-006 4.371686e-003
269 4.921783e-008 8.039866e-003
270 5.593569e-009 4.708370e-003
271 1.178773e-003 1.092379e-001
272 3.844489e-005 1.201033e-002
273 1.808084e-005 1.517804e-002
274 4.105480e-004 1.326846e-002
275 9.853766e-005 8.199833e-003
276 5.884667e-008 2.850539e-003
277 9.917185e-006 1.875975e-002
278 2.653311e-006 1.455231e-002
279 1.489232e-006 4.978314e-003
280 2.637587e-003 1.247530e-001
281 2.238745e-004 6.297558e-002
282 9.641738e-004 2.384521e-002
283 7.636110e-004 9.497549e-002
284 2.216545e-006 1.349051e-002
285 4.696162e-004 3.755332e-002
286 1.306269e-005 8.189674e-003
287 5.332826e-005 1.154907e-002
288 8.637318e-006 1.082543e-002
289 7.679756e-006 7.574353e-003
290 8.573221e-005 1.818248e-002
291 2.188112e-006 3.743745e-002
292 3.783061e-004 5.736010e-002
293 9.699842e-007 3.982206e-003
294 1.067077e-006 8.929157e-003
295 3.724093e-005 1.006125e-002
296 2.001288e-004 5.110173e-002
297 3.933565e-006 8.826849e-003
298 8.808283e-007 3.956818e-003
299 2.504277e-005 7.649951e-003
300 2.102171e-005 8.515758e-003
301 7.274139e-003 4.934705e-001
302 8.951958e-006 6.195252e-003
303 4.383209e-004 1.382949e-001
304 3.917392e-006 4.287519e-003
305 4.129222e-004 2.240253e-002
306 2.998362e-006 5.824104e-003
307 3.463017e-003 1.643202e-001
308 4.447020e-004 9.598607e-002
309 1.891132e-004 8.584871e-002
310 5.671999e-005 4.608647e-002
311 1.562975e-004 1.299834e-002
312 8.026824e-005 6.914437e-002
313 4.921209e-004 6.124082e-002
314 9.520419e-006 4.375497e-003
315 6.311222e-005 5.726146e-002
316 6.373662e-003 3.218928e-001
317 2.081816e-004 7.777452e-002
318 2.322224e-003 2.180693e-001
319 2.422041e-003 1.097247e-001
320 2.557568e-005 6.663951e-003
321 9.929940e-006 1.202598e-002
322 2.942838e-007 7.730164e-003
323 1.829376e-002 7.048898e-001
324 3.759754e-006 5.625317e-003
325 9.722105e-005 9.982931e-003
326 1.385936e-006 6.233003e-003
327 1.288527e-005 8.529739e-003
328 3.032347e-004 4.141408e-002
329 3.511260e-003 2.221969e-001
330 8.407768e-007 2.878577e-003
331 3.959787e-004 8.856687e-002
332 5.157593e-005 1.420863e-002
333 4.186990e-004 1.922462e-002
334 1.505285e-006 9.617226e-003
335 1.140302e-006 1.131425e-002
336 2.168905e-004 1.783429e-002
337 1.335258e-006 4.456574e-003
338 6.157997e-003 1.161592e-001
339 4.829680e-004 1.718375e-002
340 9.645606e-006 8.290002e-002
341 2.322747e-004 5.850274e-002
342 1.630427e-003 5.628795e-002
343 1.522812e-006 4.835046e-003
344 5.126640e-004 1.570434e-001
345 3.722210e-004 7.971704e-002
346 8.960777e-005 2.096630e-001
347 1.137887e-008 3.687271e-003
348 2.637093e-003 9.943012e-002
349 1.401814e-004 1.182427e-002
350 2.539749e-007 5.730841e-003
351 1.852077e-003 3.290095e-001
352 2.119994e-004 1.680877e-002
353 2.617896e-007 3.638000e-003
354 3.862372e-004 9.531928e-002
355 2.383339e-004 4.019939e-002
356 2.527610e-005 8.340421e-003
357 2.838839e-003 8.566330e-002
358 1.640352e-006 7.059793e-003
359 1.457872e-007 5.736126e-003
360 3.061361e-006 3.780474e-003
361 4.951034e-005 1.289743e-002
362 1.215753e-004 8.637897e-002
363 2.622665e-003 1.182089e-001
364 9.767319e-005 1.420657e-001
365 4.224129e-005 8.817551e-002
366 1.938741e-006 8.661985e-003
367 3.191271e-006 7.527569e-003
368 9.477787e-003 2.805091e-001
369 5.202527e-006 7.458543e-003
370 1.194492e-003 9.874427e-002
371 1.904967e-004 1.712260e-002
372 6.303269e-003 5.778837e-001
373 5.925066e-005 1.326362e-002
374 3.204649e-007 8.874295e-003
375 7.085929e-007 4.666851e-003
376 6.110382e-006 1.204743e-002
377 1.329501e-003 4.488906e-002
378 9.495412e-006 1.030185e-002
379 3.715823e-004 3.198665e-002
380 1.437930e-003 1.485465e-001
381 2.295047e-004 6.806268e-002
382 4.972557e-006 5.910494e-003
383 8.551760e-004 3.301468e-002
384 1.535326e-005 7.311946e-003
385 2.207153e-003 7.271997e-002
386 6.671858e-005 5.719102e-003
387 9.978165e-004 5.685201e-002
388 1.248493e-005 3.547058e-002
389 2.555062e-004 1.410132e-002
390 3.849288e-006 5.573269e-003
391 3.204424e-005 1.965288e-002
392 5.247860e-003 2.452243e-001
393 1.316846e-007 3.314829e-003
394 4.660062e-003 1.683969e-001
395 1.170955e-005 1.781692e-002
396 7.439003e-006 1.746979e-002
397 4.224101e-004 1.433602e-002
398 8.920186e-007 5.465228e-003
399 2.903016e-005 5.974232e-003
400 1.732622e-004 2.968270e-002
401 5.851282e-007 4.397951e-003
402 8.406045e-005 2.752486e-002
403 1.310755e-003 5.428088e-002
404 4.917546e-006 1.672057e-002
405 2.260532e-005 7.002658e-003
406 2.429304e-005 1.141096e-002
407 3.347023e-005 3.355141e-002
408 1.092787e-004 1.490526e-001
409 2.193732e-005 3.059587e-002
410 1.076475e-005 1.218869e-002
411 5.182656e-005 1.920168e-002
412 8.918862e-005 2.410862e-002
413 9.184286e-004 3.869585e-002
414 4.465356e-006 1.304398e-002
415 1.948603e-007 4.022559e-003
416 6.970861e-004 6.886937e-002
417 1.811127e-004 5.769519e-003
418 5.918216e-004 4.271334e-002
419 1.607658e-003 1.489952e-001
420 4.463227e-006 7.186049e-003
421 5.355454e-005 2.025937e-002
422 6.443994e-004 9.296925e-002
423 2.222378e-004 1.005138e-002
424 7.202936e-005 8.748538e-003
425 8.623569e-005 3.293479e-002
426 7.441818e-005 1.340906e-002
427 6.523854e-004 1.125517e-001
428 3.469832e-006 2.182778e-002
429 7.163409e-005 2.843076e-002
430 3.167501e-005 8.240336e-003
431 3.116822e-007 3.428277e-003
432 7.019314e-006 7.709114e-003
433 2.674684e-008 3.548661e-003
434 1.258224e-005 1.388942e-002
435 1.579017e-004 3.824226e-002
436 1.078354e-006 3.571025e-003
437 6.013749e-004 8.529457e-002
438 1.498276e-007 3.499809e-003
439 1.459412e-006 4.490429e-003
440 2.096830e-005 1.148194e-002
441 8.505571e-005 3.163519e-002
442 6.014675e-007 6.254595e-003
443 1.061421e-005 7.535522e-003
444 5.038668e-004 4.612160e-002
445 1.931141e-004 4.441388e-002
446 1.574397e-005 6.084246e-003
447 4.677728e-006 5.107381e-003
448 3.546009e-003 1.146014e-001
449 1.400555e-006 4.041053e-003
450 1.277021e-005 1.562954e-002
451 1.015489e-006 4.968424e-003
452 5.995616e-003 4.176033e-001
453 4.426864e-005 2.857488e-002
454 2.350291e-004 8.105681e-002
455 1.913559e-004 1.689901e-002
456 5.316176e-003 3.053951e-001
457 1.050343e-003 3.985927e-002
458 4.670454e-004 5.721303e-002
459 1.850747e-005 1.520216e-001
460 3.960241e-004 3.606359e-002
461 3.279473e-005 9.864386e-003
462 4.269076e-007 6.123672e-003
463 1.052082e-004 2.195758e-002
464 5.600039e-006 3.495850e-002
465 2.067409e-005 1.809754e-002
466 5.945276e-005 1.497872e-002
467 1.900827e-006 2.211221e-002
468 8.523532e-009 3.298319e-003
469 1.720040e-003 4.831553e-002
470 2.291878e-004 3.112343e-002
471 1.864570e-006 6.519634e-003
472 6.749584e-005 1.247818e-002
473 5.077793e-004 1.398019e-001
474 1.270010e-004 1.150487e-002
475 2.055470e-005 5.240619e-003
476 5.744641e-007 4.440126e-003
477 6.289111e-006 1.693325e-002
478 2.212352e-007 4.424158e-003
479 1.364361e-006 9.088585e-003
480 6.546717e-005 1.044083e-002
481 7.056133e-005 6.151347e-003
482 7.171861e-007 6.117980e-003
483 3.704919e-007 6.060180e-003
484 1.599077e-006 5.792124e-003
485 1.909200e-004 3.391886e-002
486 3.113142e-004 1.479812e-002
487 1.917555e-004 7.324036e-002
488 4.502796e-005 3.568523e-002
489 1.064554e-003 1.038037e-001
490 2.719600e-004 3.065337e-002
491 1.114344e-003 1.178596e-001
492 5.422484e-004 9.658171e-002
493 1.184647e-005 4.286011e-003
494 5.160148e-003 3.838827e-001
495 5.386611e-004 3.655267e-002
496 4.281283e-006 1.114552e-002
497 1.109167e-003 1.446033e-001
498 1.385381e-006 7.029524e-003
499 3.299890e-006 8.464908e-003
500 2.715256e-006 9.310097e-003
501 1.899602e-004 4.795817e-002
