276 3.370402e-008 2.858354e-003
330 6.787650e-008 2.889682e-003
48 6.608795e-009 2.902279e-003
150 7.439887e-008 2.969755e-003
224 2.128507e-007 3.124930e-003
67 1.883055e-008 3.164211e-003
256 5.295854e-008 3.228559e-003
468 2.234227e-011 3.298352e-003
189 5.868120e-011 3.307098e-003
393 3.805182e-010 3.315690e-003
431 3.383030e-008 3.439161e-003
438 1.975129e-009 3.500366e-003
262 5.009339e-009 3.500545e-003
433 1.505440e-010 3.548925e-003
204 8.513194e-008 3.558321e-003
436 4.331837e-008 3.598147e-003
175 7.310928e-009 3.614537e-003
353 1.473477e-009 3.640592e-003
81 7.814530e-008 3.668887e-003
347 5.778626e-010 3.687329e-003
237 4.445792e-008 3.754625e-003
226 2.348308e-010 3.754715e-003
51 1.271609e-009 3.830459e-003
360 5.808126e-008 3.831307e-003
54 3.952184e-009 3.895255e-003
148 5.479348e-008 3.940220e-003
298 5.060962e-009 3.963975e-003
173 1.081332e-005 3.969102e-003
293 1.307084e-008 3.988219e-003
415 2.807678e-009 4.025456e-003
167 3.669624e-007 4.038720e-003
215 8.768649e-009 4.066471e-003
91 1.996496e-008 4.074386e-003
449 3.122054e-007 4.074920e-003
157 4.424051e-008 4.107424e-003
130 8.382619e-007 4.347235e-003
110 1.094455e-008 4.370656e-003
117 1.612954e-007 4.372816e-003
144 8.285753e-006 4.400941e-003
401 1.001496e-008 4.407125e-003
121 1.204744e-009 4.425026e-003
478 1.538582e-008 4.431443e-003
337 5.804187e-009 4.472625e-003
476 8.084579e-007 4.477492e-003
166 1.246272e-007 4.513753e-003
493 1.127678e-006 4.528455e-003
439 1.172606e-007 4.548013e-003
180 4.850808e-007 4.554636e-003
259 1.776989e-008 4.635331e-003
375 3.240233e-009 4.669808e-003
270 7.962228e-011 4.708427e-003
268 1.233314e-006 4.731388e-003
155 8.894921e-008 4.780935e-003
343 9.578581e-008 4.852008e-003
451 2.080868e-007 4.991845e-003
244 2.256142e-006 5.001533e-003
304 5.935295e-005 5.101030e-003
447 1.969045e-007 5.191505e-003
279 5.202421e-006 5.246562e-003
201 1.028306e-007 5.299765e-003
314 1.479072e-005 5.377703e-003
398 1.952302e-007 5.497211e-003
65 1.961090e-008 5.502312e-003
159 9.798404e-007 5.523710e-003
57 8.799060e-009 5.563929e-003
390 4.601735e-008 5.586397e-003
139 8.823191e-009 5.635113e-003
324 3.340634e-007 5.708937e-003
350 1.661786e-009 5.734611e-003
359 2.270860e-007 5.746676e-003
484 6.135010e-008 5.820605e-003
137 1.312632e-007 5.831884e-003
483 4.375295e-009 6.062943e-003
382 2.427390e-006 6.078621e-003
219 1.202512e-007 6.082121e-003
482 1.090057e-007 6.123338e-003
462 2.797117e-007 6.139701e-003
132 3.089017e-007 6.167719e-003
442 7.328040e-009 6.261514e-003
174 2.884016e-005 6.325513e-003
56 6.836496e-008 6.470549e-003
326 3.167894e-006 6.484764e-003
243 1.354357e-006 6.506618e-003
471 4.246664e-007 6.543234e-003
45 5.548148e-008 6.558026e-003
60 4.152617e-008 6.721911e-003
88 1.033860e-008 6.753066e-003
97 2.099278e-007 6.832981e-003
386 1.364800e-005 6.999795e-003
358 8.778754e-009 7.066461e-003
498 1.475847e-006 7.082305e-003
92 4.642280e-007 7.144003e-003
405 1.310120e-007 7.155525e-003
118 2.963923e-007 7.157369e-003
64 6.065633e-006 7.226293e-003
55 4.688887e-007 7.243579e-003
399 6.428092e-006 7.336635e-003
94 2.771444e-008 7.375552e-003
247 1.681226e-006 7.389569e-003
216 5.320439e-005 7.425178e-003
52 1.161272e-008 7.585479e-003
369 1.163723e-006 7.598884e-003
302 2.822785e-005 7.690673e-003
66 5.852545e-008 7.699297e-003
446 6.833818e-005 7.734721e-003
322 2.127643e-007 7.769156e-003
196 3.710639e-007 7.776722e-003
299 2.206523e-006 7.784236e-003
289 1.647929e-006 7.801015e-003
306 5.193884e-005 7.889116e-003
75 2.318270e-006 7.942620e-003
443 8.528292e-007 7.954329e-003
122 2.769773e-008 7.986749e-003
251 2.734935e-006 8.046264e-003
269 1.937289e-007 8.057910e-003
68 1.500077e-006 8.140770e-003
41 8.867242e-007 8.165067e-003
432 4.096181e-006 8.167825e-003
77 3.241901e-006 8.246305e-003
177 6.042171e-009 8.246324e-003
71 1.410512e-007 8.249840e-003
161 2.048779e-006 8.282599e-003
206 3.120849e-010 8.527755e-003
499 4.240205e-006 8.547192e-003
44 2.648299e-008 8.556409e-003
286 2.765403e-005 8.662709e-003
19 1.198719e-005 8.667941e-003
126 1.598072e-007 8.676911e-003
127 3.721799e-007 8.731278e-003
59 4.234539e-007 8.755805e-003
430 2.701752e-006 8.783686e-003
300 7.379325e-007 8.794267e-003
143 2.784158e-005 8.802762e-003
374 7.201053e-008 8.880906e-003
420 2.069895e-004 8.916166e-003
294 8.272182e-010 8.934658e-003
366 1.371836e-006 8.958590e-003
367 3.319177e-005 8.985610e-003
479 6.379227e-007 9.128105e-003
95 1.029121e-006 9.131746e-003
417 6.733998e-006 9.180795e-003
297 1.444574e-005 9.211875e-003
500 6.933743e-007 9.331798e-003
136 3.279687e-007 9.448971e-003
74 1.682303e-007 9.537189e-003
356 1.094710e-005 9.620284e-003
424 8.372404e-006 9.764628e-003
334 5.225033e-006 9.817767e-003
384 5.274718e-005 9.832024e-003
158 1.881382e-007 9.932958e-003
90 2.226392e-006 1.005794e-002
151 1.872338e-009 1.016330e-002
295 5.818193e-007 1.028281e-002
461 1.231809e-006 1.030763e-002
378 9.742968e-007 1.056366e-002
50 5.372063e-007 1.063258e-002
320 3.507623e-005 1.063506e-002
153 3.855401e-007 1.076995e-002
288 5.325490e-006 1.111781e-002
496 1.097040e-006 1.121199e-002
327 3.632152e-005 1.136823e-002
335 1.487821e-006 1.140740e-002
183 3.977644e-006 1.148937e-002
325 1.403576e-006 1.169220e-002
47 3.527857e-007 1.169263e-002
102 3.280791e-007 1.170936e-002
480 7.803738e-005 1.188400e-002
440 8.461019e-006 1.193565e-002
475 3.744872e-004 1.194747e-002
406 4.437566e-006 1.212927e-002
138 2.124122e-007 1.235475e-002
376 1.536753e-006 1.244342e-002
152 2.136823e-010 1.246962e-002
58 6.241745e-006 1.256424e-002
267 6.119390e-006 1.256513e-002
140 4.122282e-008 1.265111e-002
93 3.131058e-008 1.278840e-002
46 3.408368e-005 1.282968e-002
481 9.307822e-005 1.287292e-002
186 4.382834e-007 1.299661e-002
245 1.339617e-006 1.316149e-002
242 1.061714e-006 1.336718e-002
472 1.326163e-005 1.346545e-002
149 2.147792e-006 1.350586e-002
272 4.993692e-005 1.356426e-002
284 3.707649e-006 1.361824e-002
185 5.465311e-006 1.366747e-002
218 8.798869e-007 1.368798e-002
190 6.748089e-008 1.369425e-002
426 6.031980e-008 1.372585e-002
414 2.650214e-006 1.374291e-002
80 1.272868e-008 1.375194e-002
213 1.710240e-005 1.378686e-002
410 6.170588e-006 1.382577e-002
434 6.819576e-006 1.424104e-002
231 1.735286e-007 1.432991e-002
278 4.979100e-006 1.527076e-002
61 2.575728e-006 1.533682e-002
239 1.417699e-005 1.554572e-002
321 6.162569e-005 1.555167e-002
261 8.495612e-005 1.566023e-002
108 4.108989e-005 1.571025e-002
373 2.199456e-006 1.573523e-002
332 7.214979e-005 1.584464e-002
450 6.847092e-006 1.595844e-002
160 7.891565e-005 1.612674e-002
228 1.420637e-005 1.615827e-002
255 5.035456e-007 1.635403e-002
234 1.959027e-005 1.639833e-002
404 2.306971e-006 1.694404e-002
397 3.462619e-005 1.718240e-002
396 5.060749e-008 1.755673e-002
361 3.379665e-004 1.760025e-002
165 1.061360e-004 1.800226e-002
146 3.344397e-005 1.801446e-002
235 9.719162e-005 1.810249e-002
395 2.446253e-006 1.812791e-002
182 6.522864e-005 1.822075e-002
89 8.868594e-006 1.824500e-002
62 1.209196e-005 1.825396e-002
85 1.054531e-004 1.851815e-002
465 2.831350e-005 1.854826e-002
352 2.164960e-007 1.866095e-002
389 5.663425e-005 1.869876e-002
28 1.610102e-005 1.880433e-002
238 8.066820e-006 1.881770e-002
290 1.324509e-005 1.890287e-002
277 5.745926e-006 1.919548e-002
273 5.175865e-005 1.979640e-002
411 2.203187e-006 1.979693e-002
83 9.517133e-006 2.029064e-002
179 1.210371e-005 2.036862e-002
263 1.436999e-005 2.045090e-002
421 4.887946e-006 2.061259e-002
349 3.919280e-004 2.078675e-002
391 5.885220e-005 2.091131e-002
477 1.685902e-004 2.125040e-002
162 1.598950e-005 2.153439e-002
275 1.678500e-004 2.174778e-002
134 1.597405e-005 2.199627e-002
428 2.115488e-006 2.213577e-002
467 4.370050e-007 2.213609e-002
188 3.283977e-004 2.229089e-002
336 2.774292e-004 2.268753e-002
233 1.578249e-006 2.347527e-002
154 4.044235e-005 2.375146e-002
168 1.664207e-005 2.405050e-002
333 1.589578e-005 2.416837e-002
17 1.755905e-004 2.424648e-002
63 3.832579e-005 2.494039e-002
191 3.657061e-006 2.508745e-002
260 6.541552e-004 2.602228e-002
25 4.259181e-006 2.632873e-002
72 6.872382e-004 2.663456e-002
73 1.395701e-006 2.724238e-002
423 1.191145e-004 2.764323e-002
178 1.356672e-005 2.813417e-002
266 1.215176e-004 2.822661e-002
412 5.565491e-005 2.832256e-002
466 2.257971e-004 2.857477e-002
194 9.095530e-005 2.885863e-002
192 9.095530e-005 2.885863e-002
287 3.919724e-004 2.927521e-002
125 9.591018e-006 2.969688e-002
402 2.446299e-005 2.975249e-002
453 1.314053e-005 2.986801e-002
111 1.201284e-006 3.085948e-002
409 2.800293e-005 3.129271e-002
107 2.410479e-007 3.192148e-002
115 7.194553e-005 3.210925e-002
253 3.593066e-005 3.280832e-002
141 2.307821e-006 3.394017e-002
217 3.258107e-005 3.400556e-002
474 1.149930e-003 3.419609e-002
379 1.625398e-005 3.419867e-002
78 2.933020e-006 3.479429e-002
490 2.776542e-005 3.498747e-002
464 8.192888e-008 3.503230e-002
388 1.766811e-007 3.552789e-002
371 2.389127e-004 3.617426e-002
488 4.407795e-006 3.630705e-002
221 2.230368e-004 3.650866e-002
257 1.846488e-005 3.651781e-002
220 1.930048e-003 3.721965e-002
225 2.234516e-005 3.724286e-002
291 4.607236e-007 3.756301e-002
429 2.349724e-004 3.775158e-002
407 2.850766e-004 3.819113e-002
106 2.094454e-003 3.889768e-002
463 2.731599e-004 3.902909e-002
470 1.993252e-005 3.967600e-002
145 9.013459e-005 3.981649e-002
485 4.072058e-004 4.052278e-002
223 2.722322e-004 4.086654e-002
171 6.088779e-005 4.087061e-002
400 1.213767e-003 4.108367e-002
227 1.771287e-005 4.179778e-002
246 2.938997e-003 4.424637e-002
264 4.216431e-006 4.640777e-002
104 2.910470e-006 4.655596e-002
311 1.126785e-003 4.676605e-002
214 7.265133e-004 4.729577e-002
193 1.271789e-007 4.788438e-002
310 1.196948e-005 4.824564e-002
135 2.219744e-004 4.840188e-002
460 1.943487e-004 4.856694e-002
355 3.515082e-004 4.918095e-002
425 2.966022e-004 4.984713e-002
265 2.043870e-003 5.037285e-002
70 1.601226e-004 5.059417e-002
53 1.631804e-006 5.150122e-002
328 1.863091e-004 5.227577e-002
76 4.028221e-006 5.234685e-002
296 6.201265e-006 5.284666e-002
305 1.021820e-004 5.351555e-002
445 7.469062e-006 5.495277e-002
30 1.908178e-005 5.526949e-002
36 1.673935e-004 5.670192e-002
339 1.218226e-003 5.689325e-002
250 1.229074e-005 5.749541e-002
315 1.908305e-005 5.777411e-002
457 2.234856e-004 6.012326e-002
212 3.060371e-004 6.097902e-002
69 2.605962e-005 6.242422e-002
486 2.038512e-004 6.249831e-002
441 2.061558e-003 6.277365e-002
31 1.882667e-006 6.338998e-002
403 2.267322e-005 6.392793e-002
387 1.210112e-004 6.402796e-002
86 6.227842e-004 6.496533e-002
258 8.338373e-004 6.697856e-002
249 2.164947e-005 6.878868e-002
281 2.379075e-004 6.946751e-002
292 6.051938e-004 6.979835e-002
208 8.099988e-006 7.246476e-002
112 2.599104e-005 7.315198e-002
195 5.272114e-004 7.393356e-002
163 7.929688e-004 7.410238e-002
444 6.321839e-004 7.668975e-002
342 3.259830e-004 7.872670e-002
458 6.603163e-004 7.941422e-002
240 2.263141e-004 8.059760e-002
413 1.354162e-003 8.122385e-002
116 6.972813e-004 8.195621e-002
82 7.005217e-005 8.312267e-002
340 1.708304e-005 8.383456e-002
469 3.657645e-004 8.409113e-002
114 3.385526e-006 8.656864e-002
383 9.904343e-004 8.727041e-002
274 4.548254e-003 8.743475e-002
381 5.351428e-004 8.769425e-002
222 2.211142e-004 8.824952e-002
285 3.676231e-003 8.838924e-002
365 5.410586e-006 8.874118e-002
362 5.794980e-005 8.893524e-002
248 3.222360e-003 8.948441e-002
129 1.337317e-003 9.023694e-002
211 6.782018e-004 9.291735e-002
202 2.819862e-004 9.401478e-002
200 7.357210e-004 9.528430e-002
39 1.911405e-003 9.556590e-002
84 7.380358e-004 9.585944e-002
454 9.647915e-005 9.776429e-002
435 6.947335e-003 9.849255e-002
309 5.007095e-005 9.944785e-002
312 1.336872e-003 1.006958e-001
164 1.618509e-003 1.022954e-001
331 7.046725e-004 1.033978e-001
455 6.609371e-004 1.047696e-001
345 1.843111e-004 1.054316e-001
282 6.912022e-004 1.054504e-001
124 7.476765e-005 1.076126e-001
492 8.900597e-005 1.079712e-001
313 1.709348e-003 1.080507e-001
170 5.288541e-003 1.146534e-001
103 1.945497e-003 1.160601e-001
341 5.952906e-003 1.187038e-001
109 5.966334e-004 1.205601e-001
427 3.159367e-004 1.221608e-001
181 2.019976e-004 1.225759e-001
418 2.220586e-003 1.253621e-001
172 4.840474e-004 1.268844e-001
317 1.911218e-003 1.288187e-001
357 2.635306e-004 1.298635e-001
495 5.532051e-003 1.303564e-001
254 5.791753e-004 1.314774e-001
105 3.203292e-004 1.317401e-001
416 2.529666e-003 1.342734e-001
370 1.540228e-004 1.355082e-001
422 1.825520e-003 1.376709e-001
169 3.150225e-004 1.390866e-001
487 1.851524e-003 1.392689e-001
79 1.076873e-003 1.406466e-001
308 4.451815e-005 1.443517e-001
437 3.923187e-004 1.475867e-001
459 3.089303e-007 1.522698e-001
10 5.796027e-003 1.534471e-001
408 2.801925e-005 1.580874e-001
364 3.677180e-004 1.587263e-001
197 2.498299e-003 1.596628e-001
385 5.254801e-004 1.639936e-001
354 7.538367e-003 1.659574e-001
21 5.799081e-003 1.660393e-001
348 5.835383e-004 1.660859e-001
198 1.894105e-003 1.665076e-001
113 5.517457e-004 1.676327e-001
283 1.487627e-003 1.693082e-001
209 1.762058e-003 1.711136e-001
156 2.849979e-003 1.720217e-001
497 1.419086e-003 1.737434e-001
491 4.806504e-004 1.742438e-001
501 8.531522e-003 1.807723e-001
98 4.268781e-004 1.835166e-001
344 3.100198e-004 1.844648e-001
2 4.450869e-004 1.864724e-001
42 1.794864e-003 1.873674e-001
232 9.686332e-004 1.912974e-001
131 2.344510e-003 1.939127e-001
380 1.742953e-003 1.956617e-001
5 5.736634e-005 1.980645e-001
205 1.931506e-004 2.028733e-001
377 1.174410e-002 2.033869e-001
271 1.461333e-004 2.044952e-001
210 3.427622e-004 2.053256e-001
473 2.508398e-003 2.065085e-001
346 1.289549e-004 2.152441e-001
199 1.751587e-003 2.155238e-001
419 2.535243e-003 2.237626e-001
147 2.863203e-003 2.277997e-001
33 5.678978e-004 2.281754e-001
303 1.650032e-003 2.299843e-001
23 8.269106e-003 2.373412e-001
123 1.050416e-003 2.410787e-001
20 4.455526e-004 2.412100e-001
9 8.105055e-003 2.544719e-001
207 2.023286e-003 2.568882e-001
120 3.567416e-003 2.596163e-001
241 1.763248e-003 2.658408e-001
394 1.515120e-004 2.707213e-001
318 4.778956e-004 2.739642e-001
363 5.074098e-003 2.759176e-001
319 3.937365e-003 2.967103e-001
37 1.267996e-003 2.996295e-001
489 4.334408e-003 2.997199e-001
99 1.862506e-003 3.108014e-001
187 3.061933e-003 3.315641e-001
49 1.881976e-003 3.345711e-001
4 4.068898e-003 3.586820e-001
230 1.847630e-003 3.703538e-001
307 1.793999e-003 3.770482e-001
252 6.350927e-004 3.782474e-001
32 6.478657e-003 3.802191e-001
8 5.477735e-003 3.913966e-001
176 2.107337e-003 3.967414e-001
43 7.434133e-003 3.968085e-001
12 1.735508e-002 4.060302e-001
392 2.994964e-003 4.072962e-001
203 1.023121e-002 4.135145e-001
142 3.253824e-003 4.171615e-001
236 4.305704e-003 4.232796e-001
280 8.308386e-003 4.233564e-001
13 1.064270e-002 4.234573e-001
368 9.102738e-004 4.250926e-001
34 2.074790e-003 4.363824e-001
456 5.232215e-004 4.417666e-001
16 9.197870e-003 4.462273e-001
87 2.362235e-003 4.693912e-001
329 2.246589e-003 4.734887e-001
338 2.904074e-003 4.924724e-001
184 5.072190e-003 4.960817e-001
448 5.569783e-003 4.964999e-001
26 4.112579e-003 5.065092e-001
452 5.612432e-004 5.068937e-001
128 1.385204e-003 5.169796e-001
229 3.833198e-004 5.391165e-001
119 5.219884e-004 5.619051e-001
101 4.361122e-003 5.630063e-001
7 3.167883e-003 5.707394e-001
96 3.467376e-003 5.958484e-001
27 5.615996e-003 6.023820e-001
351 3.673557e-003 6.030395e-001
11 8.635988e-003 6.259779e-001
14 3.316853e-003 6.472480e-001
316 9.612839e-003 6.493665e-001
133 8.887414e-003 6.788579e-001
24 2.218670e-002 7.405573e-001
38 4.839244e-003 7.497583e-001
18 6.832062e-003 7.515714e-001
494 1.117003e-002 7.553828e-001
15 8.684542e-003 7.678472e-001
372 2.148942e-003 7.713449e-001
40 7.816275e-003 8.008323e-001
6 6.433702e-003 8.258112e-001
3 2.978818e-003 8.885052e-001
100 5.277451e-003 8.965966e-001
301 1.567447e-003 9.336568e-001
22 1.309885e-002 9.604573e-001
29 1.727725e-002 1.009856e+000
323 3.041911e-003 1.049584e+000
35 6.227899e-003 1.134188e+000
