2 2.343854e-003 1.705822e-001
3 6.837337e-003 8.641066e-001
4 3.285633e-003 3.234030e-001
5 1.215360e-004 1.963700e-001
6 6.696720e-003 7.913841e-001
7 6.311777e-003 5.191631e-001
8 5.212606e-003 3.460927e-001
9 1.256796e-003 2.115559e-001
10 2.139509e-003 8.468551e-002
11 7.481020e-003 5.665716e-001
12 2.560367e-003 3.231290e-001
13 3.616449e-003 3.374390e-001
14 8.318497e-003 5.912466e-001
15 7.869705e-003 6.605262e-001
16 6.870598e-003 3.843351e-001
17 9.246701e-004 1.797766e-002
18 6.572941e-003 6.507727e-001
19 1.784654e-006 8.597776e-003
20 1.375091e-004 2.388745e-001
21 1.967916e-003 1.257177e-001
22 1.206743e-002 8.316667e-001
23 6.628312e-003 1.219925e-001
24 3.170488e-003 6.766403e-001
25 6.094908e-005 2.612387e-002
26 3.406764e-003 4.591086e-001
27 1.245886e-002 4.906743e-001
28 3.731198e-005 1.851655e-002
29 1.329278e-002 9.029956e-001
30 1.869241e-005 5.496786e-002
31 4.430578e-006 6.334859e-002
32 5.279579e-003 3.096503e-001
33 1.223173e-003 2.159887e-001
34 4.954709e-003 3.903546e-001
35 1.266444e-002 1.055890e+000
36 1.639778e-004 5.405585e-002
37 1.080833e-003 2.846824e-001
38 4.124944e-003 6.927135e-001
39 1.713655e-003 8.179312e-002
40 1.544896e-002 7.150540e-001
41 8.159830e-007 8.153161e-003
42 4.043666e-003 1.446028e-001
43 1.620168e-002 3.143565e-001
44 4.036380e-007 8.555380e-003
45 1.350929e-007 6.556991e-003
46 7.965775e-005 1.253579e-002
47 8.590049e-007 1.168605e-002
48 1.609189e-008 2.902156e-003
49 1.718001e-003 3.202310e-001
50 1.308054e-006 1.062256e-002
51 7.927030e-009 3.830432e-003
52 2.827603e-008 7.585262e-003
53 1.017243e-005 5.146641e-002
54 2.463735e-008 3.895171e-003
55 1.141706e-006 7.234831e-003
56 1.664632e-007 6.469274e-003
57 2.142500e-008 5.563765e-003
58 9.513297e-005 1.232181e-002
59 2.419669e-006 8.749374e-003
60 6.329172e-007 6.720299e-003
61 3.925771e-005 1.523677e-002
62 1.842985e-004 1.778431e-002
63 2.210105e-004 2.427089e-002
64 5.480458e-006 7.158559e-003
65 1.222515e-007 5.501893e-003
66 3.484156e-007 7.697407e-003
67 1.121026e-007 3.163603e-003
68 3.652566e-006 8.112783e-003
69 1.551390e-004 6.158253e-002
70 1.519386e-004 4.912723e-002
71 8.397106e-007 8.245284e-003
72 2.544261e-004 1.814709e-002
73 2.127244e-005 2.718817e-002
74 1.001514e-006 9.531755e-003
75 1.324688e-005 7.907413e-003
76 9.260296e-006 5.230210e-002
77 1.852463e-005 8.197072e-003
78 1.828402e-005 3.473172e-002
79 9.920787e-004 1.300585e-001
80 3.002181e-008 1.375180e-002
81 1.902775e-007 3.667430e-003
82 1.650389e-004 8.211124e-002
83 2.057561e-005 2.022236e-002
84 6.526131e-004 9.239747e-002
85 3.751452e-005 1.809003e-002
86 1.455523e-003 5.959518e-002
87 1.360680e-002 4.174599e-001
88 2.517366e-008 6.752873e-003
89 2.038761e-005 1.814648e-002
90 5.421086e-006 1.001640e-002
91 3.042941e-007 4.073611e-003
92 4.400054e-007 7.138081e-003
93 1.951857e-007 1.278773e-002
94 4.224071e-007 7.374476e-003
95 2.580982e-006 9.114371e-003
96 8.696003e-003 5.373057e-001
97 1.308660e-006 6.828503e-003
98 2.661097e-003 1.744103e-001
99 4.316111e-003 2.775120e-001
100 1.323558e-002 8.074927e-001
101 4.338473e-003 4.816410e-001
102 7.988462e-007 1.170324e-002
103 7.763548e-004 8.781128e-002
104 1.812350e-005 4.644292e-002
105 2.924192e-004 1.292993e-001
106 2.907033e-004 2.789080e-002
107 1.377378e-006 3.191782e-002
108 3.777024e-005 1.490851e-002
109 5.490351e-004 1.125491e-001
110 2.744839e-008 4.370472e-003
111 1.105448e-006 3.084335e-002
112 1.497120e-004 7.258059e-002
113 1.202455e-003 1.615133e-001
114 3.064423e-006 8.651150e-002
115 7.120228e-005 3.165049e-002
116 1.615857e-003 6.949339e-002
117 1.580041e-007 4.370266e-003
118 6.927053e-007 7.154813e-003
119 1.206104e-003 5.531978e-001
120 3.219627e-003 2.036461e-001
121 7.510204e-009 4.425001e-003
122 6.744174e-008 7.986233e-003
123 9.956073e-004 2.276786e-001
124 4.660909e-004 1.060176e-001
125 9.017957e-006 2.963017e-002
126 2.435687e-006 8.670704e-003
127 2.320116e-006 8.723339e-003
128 1.352974e-003 4.968663e-001
129 1.230628e-003 7.228077e-002
130 2.007680e-006 4.326000e-003
131 2.204426e-003 1.776067e-001
132 3.025985e-007 6.162836e-003
133 8.356393e-003 6.170460e-001
134 9.957995e-005 2.165551e-002
135 2.044958e-004 4.621939e-002
136 2.044510e-006 9.441974e-003
137 3.196153e-007 5.829435e-003
138 2.080779e-007 1.235139e-002
139 2.212811e-008 5.634964e-003
140 9.711862e-008 1.265051e-002
141 1.438663e-005 3.389094e-002
142 7.922799e-003 3.564550e-001
143 6.668199e-005 8.097481e-003
144 9.011706e-006 4.294523e-003
145 9.219374e-005 3.908201e-002
146 4.757307e-006 1.775181e-002
147 1.058095e-003 2.041295e-001
148 3.261983e-007 3.938450e-003
149 4.770158e-006 1.347589e-002
150 7.157713e-008 2.968657e-003
151 4.028321e-009 1.016323e-002
152 1.308238e-009 1.246962e-002
153 2.091170e-006 1.075766e-002
154 4.970926e-006 2.357548e-002
155 2.476791e-007 4.779686e-003
156 2.601663e-003 1.503056e-001
157 4.655596e-008 4.107005e-003
158 4.921193e-007 9.930828e-003
159 3.220859e-007 5.519595e-003
160 7.086023e-005 1.532793e-002
161 4.609522e-006 8.242624e-003
162 3.823675e-005 2.125373e-002
163 6.688697e-004 6.780603e-002
164 5.526673e-004 8.819916e-002
165 2.387940e-004 1.593136e-002
166 7.419347e-007 4.509728e-003
167 3.095331e-007 4.035806e-003
168 3.748496e-005 2.380097e-002
169 2.180354e-003 1.331082e-001
170 4.460888e-003 7.266119e-002
171 5.724976e-005 4.044714e-002
172 2.963508e-003 1.171163e-001
173 1.058103e-005 3.695179e-003
174 1.226828e-005 5.932852e-003
175 4.352365e-008 3.614300e-003
176 5.269652e-003 3.638809e-001
177 1.444904e-008 8.246218e-003
178 1.305218e-005 2.793401e-002
179 2.564285e-005 2.001109e-002
180 1.092606e-006 4.547362e-003
181 1.278158e-003 1.162850e-001
182 3.999679e-004 1.639672e-002
183 4.205812e-006 1.142317e-002
184 1.095351e-002 4.511063e-001
185 1.305145e-005 1.354622e-002
186 1.527445e-007 1.299386e-002
187 2.543866e-003 2.930690e-001
188 1.121370e-004 1.943075e-002
189 3.592670e-010 3.307097e-003
190 1.613715e-007 1.369307e-002
191 8.758847e-006 2.499481e-002
192 2.046392e-004 2.708393e-002
193 6.697315e-007 4.787984e-002
194 2.046392e-004 2.708393e-002
195 1.176691e-003 6.721997e-002
196 3.331871e-007 7.772966e-003
197 8.453195e-004 1.434061e-001
198 1.714458e-003 1.345373e-001
199 1.491040e-003 1.977354e-001
200 1.657154e-003 8.425319e-002
201 9.280562e-008 5.298152e-003
202 3.801769e-003 8.231581e-002
203 3.533727e-003 3.694050e-001
204 1.917946e-007 3.556293e-003
205 4.171130e-004 2.011606e-001
206 7.814889e-010 8.527751e-003
207 1.803511e-003 2.402244e-001
208 1.599171e-005 7.235128e-002
209 1.486297e-003 1.571224e-001
210 7.402025e-004 2.022863e-001
211 4.158587e-003 7.395235e-002
212 6.830486e-004 5.708190e-002
213 3.847847e-005 1.345316e-002
214 6.523535e-004 3.994182e-002
215 1.810795e-008 4.066329e-003
216 5.640421e-005 7.013378e-003
217 4.527238e-006 3.387826e-002
218 1.341071e-005 1.365380e-002
219 1.329641e-007 6.080941e-003
220 2.677735e-004 3.146444e-002
221 9.094448e-005 3.529530e-002
222 9.062100e-005 8.637787e-002
223 1.128520e-004 3.969491e-002
224 1.326881e-006 3.120389e-003
225 5.184027e-005 3.694448e-002
226 4.975109e-010 3.754708e-003
227 4.109346e-005 4.156125e-002
228 3.402498e-005 1.579839e-002
229 9.180703e-004 5.294062e-001
230 1.807939e-003 3.235498e-001
231 1.062403e-006 1.432641e-002
232 9.318956e-004 1.770064e-001
233 7.977342e-006 2.344973e-002
234 1.759057e-005 1.620003e-002
235 7.593855e-005 1.736871e-002
236 1.031238e-002 3.142078e-001
237 4.555351e-008 3.753874e-003
238 1.800445e-005 1.871498e-002
239 3.003528e-005 1.512695e-002
240 2.213550e-004 7.808894e-002
241 3.797790e-003 2.280026e-001
242 1.618202e-005 1.332595e-002
243 3.396658e-006 6.483752e-003
244 1.343133e-005 4.928662e-003
245 8.190241e-006 1.312826e-002
246 4.369518e-004 2.122065e-002
247 9.606738e-006 7.364037e-003
248 4.199227e-004 6.718759e-002
249 2.821256e-006 6.863888e-002
250 4.797717e-006 5.742499e-002
251 6.160226e-006 8.005257e-003
252 1.265376e-003 3.679074e-001
253 2.139036e-004 3.164780e-002
254 1.292670e-003 1.241021e-001
255 1.206017e-006 1.634127e-002
256 1.268384e-007 3.227217e-003
257 4.244809e-005 3.631268e-002
258 1.966686e-003 5.793602e-002
259 3.998025e-008 4.634985e-003
260 2.240269e-004 2.003058e-002
261 2.068613e-004 1.407521e-002
262 1.354233e-008 3.500465e-003
263 8.554790e-005 1.998676e-002
264 1.174065e-005 4.634858e-002
265 6.640006e-004 3.267028e-002
266 1.150503e-004 2.605467e-002
267 1.321496e-005 1.251087e-002
268 3.334163e-006 4.711646e-003
269 4.104328e-007 8.052188e-003
270 4.318714e-010 4.708424e-003
271 3.144046e-004 1.992780e-001
272 5.102028e-005 1.305488e-002
273 3.223012e-004 1.778609e-002
274 1.545187e-003 6.351961e-002
275 1.532254e-004 2.046881e-002
276 2.928204e-008 2.858107e-003
277 2.260316e-006 1.917269e-002
278 1.095770e-005 1.521249e-002
279 1.765439e-006 5.210389e-003
280 8.650645e-003 3.102373e-001
281 9.358736e-005 6.852364e-002
282 1.601106e-003 9.872670e-002
283 5.292176e-004 1.632688e-001
284 3.221204e-006 1.359107e-002
285 1.247527e-003 6.282801e-002
286 3.088849e-005 8.368902e-003
287 3.519613e-004 2.530758e-002
288 1.199525e-005 1.103796e-002
289 1.468927e-006 7.787443e-003
290 1.117224e-005 1.879770e-002
291 3.188789e-006 3.755426e-002
292 8.247489e-005 6.712630e-002
293 2.769179e-008 3.987833e-003
294 5.064520e-009 8.934641e-003
295 1.232639e-006 1.026563e-002
296 3.476321e-005 5.254079e-002
297 3.119590e-005 9.083783e-003
298 2.665133e-008 3.963795e-003
299 8.997217e-007 7.772232e-003
300 1.587656e-006 8.767922e-003
301 3.855412e-003 9.016097e-001
302 6.873254e-005 7.164027e-003
303 1.489170e-003 2.040965e-001
304 9.219640e-006 4.412846e-003
305 9.846502e-005 5.240744e-002
306 4.741345e-005 7.493355e-003
307 4.192796e-003 3.615788e-001
308 2.772146e-004 1.426226e-001
309 1.081293e-004 9.900387e-002
310 4.905547e-006 4.814432e-002
311 5.147675e-004 3.819043e-002
312 1.478205e-003 8.757806e-002
313 1.814147e-003 9.991543e-002
314 3.601421e-005 5.101753e-003
315 6.090179e-006 5.768952e-002
316 1.332763e-003 5.825274e-001
317 1.731896e-003 1.052004e-001
318 1.098613e-003 2.686553e-001
319 3.861212e-003 2.775345e-001
320 7.900645e-005 1.010914e-002
321 1.541025e-004 1.459072e-002
322 7.220148e-008 7.767677e-003
323 1.752183e-002 9.827108e-001
324 7.750194e-007 5.704476e-003
325 3.157888e-006 1.166481e-002
326 8.286363e-006 6.448894e-003
327 9.099236e-005 1.035255e-002
328 4.536476e-004 4.879981e-002
329 1.294066e-002 4.240998e-001
330 5.951290e-008 2.889035e-003
331 2.391303e-004 9.849809e-002
332 2.441246e-005 1.537515e-002
333 4.157911e-005 2.398838e-002
334 1.080198e-005 9.767828e-003
335 3.155638e-006 1.137551e-002
336 1.181096e-004 2.163823e-002
337 4.017230e-008 4.472515e-003
338 6.955404e-003 4.189066e-001
339 1.324961e-003 4.124705e-002
340 1.334746e-005 8.370558e-002
341 7.643164e-004 9.454069e-002
342 7.562732e-004 7.437372e-002
343 2.659363e-007 4.850801e-003
344 8.044507e-004 1.820652e-001
345 1.592429e-004 1.021509e-001
346 1.288744e-004 2.144500e-001
347 1.445015e-009 3.687320e-003
348 1.486210e-003 1.536376e-001
349 4.004307e-004 1.678891e-002
350 2.532795e-008 5.734546e-003
351 7.921241e-003 5.460112e-001
352 1.326958e-006 1.865738e-002
353 8.771951e-009 3.640545e-003
354 2.600726e-003 1.232979e-001
355 3.241441e-004 4.626687e-002
356 4.538043e-006 9.573170e-003
357 5.743291e-004 1.269406e-001
358 2.195234e-008 7.066324e-003
359 4.949030e-007 5.744158e-003
360 3.345561e-007 3.830031e-003
361 1.220973e-004 1.601492e-002
362 1.154608e-004 8.799176e-002
363 1.520398e-003 2.482137e-001
364 8.453305e-004 1.546414e-001
365 1.757715e-006 8.869938e-002
366 1.197541e-006 8.940400e-003
367 4.392561e-006 8.743361e-003
368 2.362012e-003 4.180471e-001
369 1.179472e-006 7.591173e-003
370 3.688924e-004 1.316065e-001
371 8.764612e-005 3.375593e-002
372 1.803736e-003 7.492127e-001
373 2.082399e-006 1.569592e-002
374 7.831970e-008 8.879981e-003
375 8.996067e-009 4.669767e-003
376 8.092633e-006 1.238856e-002
377 4.813180e-003 1.039775e-001
378 2.064139e-006 1.053488e-002
379 3.656961e-005 3.388152e-002
380 1.483690e-003 1.779609e-001
381 6.189290e-004 8.179310e-002
382 2.339091e-006 6.052297e-003
383 9.312560e-004 8.038194e-002
384 5.167087e-005 8.998223e-003
385 4.540094e-004 1.546400e-001
386 3.268766e-005 6.654064e-003
387 4.439344e-005 6.280305e-002
388 6.939817e-008 3.552670e-002
389 1.354332e-004 1.770470e-002
390 4.125650e-008 5.586065e-003
391 2.032679e-005 2.065758e-002
392 6.738331e-003 3.488591e-001
393 9.847940e-010 3.315684e-003
394 8.884090e-004 2.623148e-001
395 5.769723e-006 1.810138e-002
396 2.790644e-007 1.755552e-002
397 9.360906e-005 1.662814e-002
398 3.854407e-007 5.494476e-003
399 5.915271e-006 7.250325e-003
400 5.031588e-004 3.585987e-002
401 5.962137e-008 4.406802e-003
402 1.827329e-005 2.958788e-002
403 2.146653e-005 6.352268e-002
404 2.439304e-006 1.690565e-002
405 3.190036e-007 7.153080e-003
406 9.547388e-006 1.197084e-002
407 2.476744e-004 3.610267e-002
408 4.270528e-004 1.569991e-001
409 3.885106e-006 3.120921e-002
410 1.519871e-005 1.372821e-002
411 2.152541e-006 1.975826e-002
412 1.778561e-005 2.804181e-002
413 5.007803e-004 5.836715e-002
414 5.708190e-006 1.368603e-002
415 1.943268e-008 4.025402e-003
416 9.265906e-004 1.160457e-001
417 1.026356e-004 8.919245e-003
418 2.100934e-003 1.061028e-001
419 2.314349e-003 2.044447e-001
420 2.533965e-005 7.786030e-003
421 5.087771e-006 2.058643e-002
422 1.865124e-003 1.190498e-001
423 2.852853e-004 2.462583e-002
424 1.824651e-005 9.671770e-003
425 2.610033e-004 4.348222e-002
426 9.193585e-007 1.372351e-002
427 1.242823e-004 1.209074e-001
428 4.556466e-006 2.209037e-002
429 5.721388e-004 3.336771e-002
430 1.608416e-005 8.696423e-003
431 7.611437e-008 3.438501e-003
432 8.087041e-006 8.110438e-003
433 8.962235e-010 3.548921e-003
434 7.540538e-006 1.417412e-002
435 2.879970e-003 6.859268e-002
436 9.177400e-008 3.596868e-003
437 8.311637e-004 1.359981e-001
438 7.635075e-010 3.500355e-003
439 1.787217e-006 4.543459e-003
440 8.903849e-006 1.185564e-002
441 6.975448e-004 4.935882e-002
442 1.116896e-007 6.261229e-003
443 1.299832e-005 7.921204e-003
444 1.422342e-003 6.435471e-002
445 4.650987e-005 5.466267e-002
446 5.104705e-005 7.274876e-003
447 1.172218e-006 5.185146e-003
448 1.330094e-002 3.729379e-001
449 7.679243e-007 4.068537e-003
450 7.147894e-006 1.591813e-002
451 2.037564e-007 4.990099e-003
452 1.344206e-003 4.926763e-001
453 5.079616e-006 2.978980e-002
454 2.686462e-004 9.640986e-002
455 4.115657e-003 7.909870e-002
456 2.755315e-003 4.230869e-001
457 5.028173e-004 5.576265e-002
458 1.653492e-003 7.138503e-002
459 6.653927e-007 1.522631e-001
460 2.113765e-004 4.607084e-002
461 2.504886e-006 1.029215e-002
462 2.524425e-007 6.135312e-003
463 2.452767e-004 3.626410e-002
464 7.742708e-008 3.503129e-002
465 4.721991e-006 1.844014e-002
466 4.876139e-004 2.657261e-002
467 3.418202e-007 2.213389e-002
468 5.342856e-011 3.298351e-003
469 3.462983e-004 7.755366e-002
470 4.985795e-005 3.927377e-002
471 4.695619e-007 6.539067e-003
472 1.466364e-005 1.333532e-002
473 2.245769e-003 1.840779e-001
474 1.029532e-003 2.391321e-002
475 1.386409e-004 7.322512e-003
476 7.767177e-007 4.461816e-003
477 6.021533e-005 1.971883e-002
478 2.345015e-007 4.430845e-003
479 1.435254e-006 9.115658e-003
480 2.647100e-005 1.157971e-002
481 2.369453e-004 1.066339e-002
482 4.979885e-008 6.122508e-003
483 1.132341e-008 6.062870e-003
484 3.652314e-007 5.818624e-003
485 1.811427e-004 3.705408e-002
486 2.027925e-004 5.869506e-002
487 6.283138e-004 1.263950e-001
488 3.745934e-006 3.620001e-002
489 9.751930e-003 2.151478e-001
490 9.568496e-006 3.476701e-002
491 1.072771e-003 1.681232e-001
492 5.298732e-004 1.050964e-001
493 6.713328e-006 4.492032e-003
494 9.126594e-003 7.019544e-001
495 1.879414e-003 1.012683e-001
496 1.629176e-007 1.119945e-002
497 4.801592e-004 1.645092e-001
498 3.606103e-006 7.066700e-003
499 1.817712e-006 8.509391e-003
500 2.539032e-007 9.327590e-003
501 3.072961e-003 1.134206e-001
