1 2.329700e-003 1.602236e-002
2 9.991966e-003 5.855578e-002
3 1.124958e-004 4.957447e-003
4 2.080726e-004 3.294261e-003
5 2.848580e-005 2.790236e-003
6 7.246097e-003 5.047568e-002
7 1.009047e-002 4.635012e-002
8 3.120262e-003 2.250497e-002
9 7.608683e-005 2.837837e-003
10 1.336693e-002 8.958889e-002
11 2.873934e-004 5.954982e-003
12 4.024467e-004 1.072089e-002
13 1.547498e-003 3.859796e-002
14 5.464754e-004 4.247508e-003
15 7.879339e-004 7.143901e-003
16 5.089510e-003 5.990555e-002
17 6.142454e-004 5.384114e-003
18 6.673566e-004 5.841539e-003
19 1.560298e-003 3.088966e-002
20 2.460537e-004 3.586289e-003
21 1.081747e-002 5.645758e-002
22 1.907711e-003 9.573924e-003
23 3.327172e-005 4.323899e-003
24 9.291736e-005 3.498201e-003
25 1.234557e-003 2.161673e-002
26 6.399191e-004 5.863390e-003
27 1.759844e-004 1.858112e-002
28 8.192634e-005 3.697795e-003
29 3.992376e-003 3.607411e-002
30 3.162220e-002 1.764455e-001
31 1.138094e-003 1.779678e-002
32 9.876634e-004 1.446693e-002
33 7.608683e-005 2.837837e-003
34 1.039000e-005 2.705667e-003
35 8.055606e-005 4.040998e-003
36 1.138094e-003 1.779678e-002
37 4.266905e-003 5.136725e-002
38 1.279686e-003 1.850364e-002
39 1.039000e-005 2.705667e-003
40 8.974639e-005 3.215017e-003
41 5.950248e-004 2.193216e-002
42 1.301454e-003 1.467968e-002
43 3.120262e-003 2.250497e-002
44 6.382893e-004 6.620769e-003
45 2.540986e-004 4.359571e-003
46 2.080726e-004 3.294261e-003
47 1.165205e-003 2.425086e-002
48 2.728797e-005 2.839287e-003
49 8.192634e-005 3.697795e-003
50 2.408223e-003 1.846275e-002
51 5.950248e-004 2.193216e-002
52 2.460537e-004 3.586289e-003
53 2.848580e-005 2.790236e-003
54 6.728764e-004 5.062299e-003
55 9.211891e-005 3.432354e-003
56 2.006968e-003 1.344072e-002
57 1.188052e-003 1.706213e-002
58 8.708346e-004 1.420649e-002
59 7.608683e-005 2.837837e-003
60 7.263684e-004 6.246201e-003
61 3.804479e-003 4.112626e-002
62 4.824887e-004 2.001354e-002
63 8.974639e-005 3.215017e-003
64 2.775215e-005 2.723029e-003
65 3.804479e-003 4.112626e-002
66 2.775215e-005 2.723029e-003
67 2.208570e-004 4.696681e-003
68 8.409214e-005 3.896195e-003
69 7.608683e-005 2.837837e-003
70 1.467897e-004 1.011363e-002
71 4.024467e-004 1.072089e-002
72 3.067203e-005 3.646541e-003
73 7.608683e-005 2.837837e-003
74 1.216353e-003 2.215635e-002
75 3.359974e-005 3.158870e-003
76 1.039000e-005 2.705667e-003
77 3.067203e-005 3.646541e-003
78 8.535708e-004 1.914896e-002
79 8.238159e-004 6.388494e-003
80 7.520328e-004 7.120906e-003
81 2.775215e-005 2.723029e-003
82 3.359974e-005 3.158870e-003
83 2.080726e-004 3.294261e-003
84 6.849988e-004 7.457666e-003
85 4.192995e-003 5.507753e-002
86 4.567843e-004 2.508373e-002
87 3.067203e-005 3.646541e-003
88 2.623514e-004 7.500974e-003
89 1.087780e-002 5.723670e-002
90 7.192773e-004 8.586297e-003
91 2.579634e-004 8.600007e-003
92 3.697014e-003 5.617540e-002
93 1.285466e-003 2.323281e-002
94 3.478690e-005 3.440071e-003
95 8.000861e-004 1.302887e-002
96 3.067203e-005 3.646541e-003
97 3.067203e-005 3.646541e-003
98 8.192634e-005 3.697795e-003
99 8.974639e-005 3.215017e-003
100 1.179978e-002 6.439949e-002
101 2.775215e-005 2.723029e-003
102 9.291736e-005 3.498201e-003
103 1.270404e-003 2.744419e-002
104 5.495590e-005 1.002180e-002
105 1.290778e-003 1.708013e-002
106 7.589305e-005 2.980299e-003
107 7.589305e-005 2.980299e-003
108 7.589305e-005 2.980299e-003
109 2.775215e-005 2.723029e-003
110 5.495590e-005 1.002180e-002
111 1.759844e-004 1.858112e-002
112 5.495590e-005 1.002180e-002
113 1.344006e-003 1.876980e-002
114 3.684801e-003 2.432983e-002
115 1.555381e-003 3.611355e-002
116 3.424755e-003 4.293358e-002
117 5.569488e-004 4.993524e-002
118 4.365903e-003 6.083290e-002
119 2.540986e-004 4.359571e-003
120 2.080726e-004 3.294261e-003
121 4.014217e-004 1.147441e-002
122 2.080726e-004 3.294261e-003
123 7.288737e-005 2.884887e-003
124 5.464754e-004 4.247508e-003
125 2.080726e-004 3.294261e-003
126 6.849988e-004 7.457666e-003
127 7.723135e-004 9.353633e-003
128 5.464754e-004 4.247508e-003
129 2.045924e-004 3.905625e-003
130 2.080726e-004 3.294261e-003
131 6.966509e-004 5.410752e-003
132 1.100560e-003 1.313506e-002
133 6.966509e-004 5.410752e-003
134 3.424755e-003 4.293358e-002
135 6.966509e-004 5.410752e-003
136 6.966509e-004 5.410752e-003
137 3.684801e-003 2.432983e-002
138 6.966509e-004 5.410752e-003
139 6.966509e-004 5.410752e-003
140 2.540986e-004 4.359571e-003
141 2.540986e-004 4.359571e-003
142 2.540986e-004 4.359571e-003
143 7.589305e-005 2.980299e-003
144 6.966509e-004 5.410752e-003
145 6.966509e-004 5.410752e-003
146 2.775215e-005 2.723029e-003
147 2.540986e-004 4.359571e-003
148 2.540986e-004 4.359571e-003
149 2.080726e-004 3.294261e-003
150 2.080726e-004 3.294261e-003
151 7.589305e-005 2.980299e-003
152 2.540986e-004 4.359571e-003
153 6.966509e-004 5.410752e-003
154 2.080726e-004 3.294261e-003
155 2.540986e-004 4.359571e-003
156 6.966509e-004 5.410752e-003
157 2.080726e-004 3.294261e-003
158 6.966509e-004 5.410752e-003
159 6.966509e-004 5.410752e-003
160 6.966509e-004 5.410752e-003
161 6.966509e-004 5.410752e-003
162 2.608159e-004 4.974917e-003
163 2.608159e-004 4.974917e-003
164 2.608159e-004 4.974917e-003
165 2.608159e-004 4.974917e-003
166 2.608159e-004 4.974917e-003
167 2.608159e-004 4.974917e-003
168 2.608159e-004 4.974917e-003
169 7.001436e-004 1.056398e-002
170 2.815501e-004 6.650423e-003
171 8.409214e-005 3.896195e-003
172 9.537371e-005 3.723217e-003
173 2.815501e-004 6.650423e-003
174 7.699475e-004 1.034553e-002
175 3.320956e-004 1.029396e-002
176 2.815501e-004 6.650423e-003
177 2.815501e-004 6.650423e-003
178 9.537371e-005 3.723217e-003
179 9.104919e-004 1.299704e-002
180 2.815501e-004 6.650423e-003
181 9.104919e-004 1.299704e-002
182 9.104919e-004 1.299704e-002
183 2.815501e-004 6.650423e-003
184 9.104919e-004 1.299704e-002
185 2.815501e-004 6.650423e-003
186 3.320956e-004 1.029396e-002
187 9.918886e-005 4.984430e-003
188 8.434406e-004 9.920917e-003
189 3.084247e-004 5.873103e-003
190 9.016034e-004 1.695613e-002
191 2.204734e-003 1.369136e-002
192 6.966509e-004 5.410752e-003
193 6.966509e-004 5.410752e-003
194 2.547474e-004 3.882591e-003
195 2.608159e-004 4.974917e-003
196 6.966509e-004 5.410752e-003
197 2.547474e-004 3.882591e-003
198 2.608159e-004 4.974917e-003
199 6.966509e-004 5.410752e-003
200 6.966509e-004 5.410752e-003
201 2.547474e-004 3.882591e-003
202 6.966509e-004 5.410752e-003
203 6.966509e-004 5.410752e-003
204 2.547474e-004 3.882591e-003
205 2.547474e-004 3.882591e-003
206 6.966509e-004 5.410752e-003
207 6.966509e-004 5.410752e-003
208 2.540986e-004 4.359571e-003
209 2.547474e-004 3.882591e-003
210 2.547474e-004 3.882591e-003
211 6.966509e-004 5.410752e-003
212 2.547474e-004 3.882591e-003
213 6.966509e-004 5.410752e-003
214 2.080726e-004 3.294261e-003
215 6.966509e-004 5.410752e-003
216 6.966509e-004 5.410752e-003
217 6.966509e-004 5.410752e-003
218 6.966509e-004 5.410752e-003
219 6.966509e-004 5.410752e-003
220 6.966509e-004 5.410752e-003
221 6.966509e-004 5.410752e-003
222 6.966509e-004 5.410752e-003
223 6.966509e-004 5.410752e-003
224 7.288737e-005 2.884887e-003
225 7.288737e-005 2.884887e-003
226 7.288737e-005 2.884887e-003
227 7.288737e-005 2.884887e-003
228 2.306712e-004 5.697598e-003
229 2.306712e-004 5.697598e-003
230 2.306712e-004 5.697598e-003
231 6.324210e-004 6.651862e-003
232 6.324210e-004 6.651862e-003
233 7.288737e-005 2.884887e-003
234 7.288737e-005 2.884887e-003
235 1.998321e-004 3.186415e-003
236 7.288737e-005 2.884887e-003
237 1.998321e-004 3.186415e-003
238 7.288737e-005 2.884887e-003
239 7.288737e-005 2.884887e-003
240 7.288737e-005 2.884887e-003
241 1.998321e-004 3.186415e-003
242 7.288737e-005 2.884887e-003
243 2.045924e-004 3.905625e-003
244 7.288737e-005 2.884887e-003
245 1.998321e-004 3.186415e-003
246 1.998321e-004 3.186415e-003
247 1.998321e-004 3.186415e-003
248 7.288737e-005 2.884887e-003
249 7.288737e-005 2.884887e-003
250 7.288737e-005 2.884887e-003
251 7.288737e-005 2.884887e-003
252 1.998321e-004 3.186415e-003
253 7.481421e-005 3.061397e-003
254 2.728797e-005 2.839287e-003
255 2.728797e-005 2.839287e-003
256 7.288737e-005 2.884887e-003
257 1.998321e-004 3.186415e-003
258 3.525467e-004 1.769452e-002
259 2.215788e-003 3.000009e-002
260 1.052971e-004 1.025173e-002
261 7.505872e-004 1.371137e-002
262 1.052971e-004 1.025173e-002
263 9.641000e-004 2.540210e-002
264 9.416679e-004 1.828364e-002
265 9.641000e-004 2.540210e-002
266 3.525467e-004 1.769452e-002
267 2.940613e-004 7.638591e-003
268 8.782894e-005 5.185356e-003
269 2.812532e-004 1.042768e-002
270 3.525467e-004 1.769452e-002
271 1.052971e-004 1.025173e-002
272 1.052971e-004 1.025173e-002
273 3.525467e-004 1.769452e-002
274 3.525467e-004 1.769452e-002
275 9.416679e-004 1.828364e-002
276 1.052971e-004 1.025173e-002
277 2.744706e-004 1.067502e-002
278 3.108447e-004 1.978698e-002
279 7.331230e-004 1.113367e-002
280 3.525467e-004 1.769452e-002
281 2.812532e-004 1.042768e-002
282 8.782894e-005 5.185356e-003
283 1.052971e-004 1.025173e-002
284 2.879531e-004 1.255380e-002
285 2.575154e-003 2.701316e-002
286 9.189588e-004 1.911175e-002
287 2.513052e-003 2.927778e-002
288 3.525467e-004 1.769452e-002
289 9.641000e-004 2.540210e-002
290 9.641000e-004 2.540210e-002
291 3.525467e-004 1.769452e-002
292 3.525467e-004 1.769452e-002
293 9.641000e-004 2.540210e-002
294 3.525467e-004 1.769452e-002
295 1.815911e-003 7.159457e-003
296 2.204734e-003 1.369136e-002
297 5.746926e-003 1.922559e-002
298 5.746926e-003 1.922559e-002
299 5.746926e-003 1.922559e-002
300 1.815911e-003 7.159457e-003
301 2.262790e-003 1.769143e-002
302 1.815911e-003 7.159457e-003
303 2.422012e-004 3.731438e-003
304 9.291736e-005 3.498201e-003
305 2.422012e-004 3.731438e-003
306 6.623410e-004 4.997399e-003
307 6.966509e-004 5.410752e-003
308 6.966509e-004 5.410752e-003
309 2.540986e-004 4.359571e-003
310 2.742988e-004 5.986158e-003
311 6.966509e-004 5.410752e-003
312 2.422012e-004 3.731438e-003
313 2.540986e-004 4.359571e-003
314 2.540986e-004 4.359571e-003
315 1.815911e-003 7.159457e-003
316 1.815911e-003 7.159457e-003
317 7.589305e-005 2.980299e-003
318 7.608683e-005 2.837837e-003
319 7.149954e-004 6.674692e-003
320 1.815911e-003 7.159457e-003
321 1.815911e-003 7.159457e-003
322 2.540986e-004 4.359571e-003
323 6.966509e-004 5.410752e-003
324 2.080726e-004 3.294261e-003
325 9.537371e-005 3.723217e-003
326 1.777194e-004 1.241893e-002
327 5.892159e-004 3.102035e-002
328 1.547498e-003 3.859796e-002
329 5.892159e-004 3.102035e-002
330 1.759844e-004 1.858112e-002
331 1.839986e-004 1.390629e-002
332 5.823119e-004 3.514048e-002
333 1.839986e-004 1.390629e-002
334 1.839986e-004 1.390629e-002
335 1.759844e-004 1.858112e-002
336 1.839986e-004 1.390629e-002
337 5.892159e-004 3.102035e-002
338 5.823119e-004 3.514048e-002
339 7.608683e-005 2.837837e-003
340 7.789935e-005 3.164088e-003
341 7.789935e-005 3.164088e-003
342 2.608159e-004 4.974917e-003
343 9.537371e-005 3.723217e-003
344 8.352067e-004 1.159068e-002
345 2.848580e-005 2.790236e-003
346 3.054137e-004 7.582384e-003
347 8.352067e-004 1.159068e-002
348 3.054137e-004 7.582384e-003
349 2.080726e-004 3.294261e-003
350 2.608159e-004 4.974917e-003
351 2.608159e-004 4.974917e-003
352 7.789935e-005 3.164088e-003
353 7.789935e-005 3.164088e-003
354 2.080726e-004 3.294261e-003
355 7.789935e-005 3.164088e-003
356 2.848580e-005 2.790236e-003
357 2.608159e-004 4.974917e-003
358 2.547474e-004 3.882591e-003
359 9.537371e-005 3.723217e-003
360 9.537371e-005 3.723217e-003
361 2.608159e-004 4.974917e-003
362 3.054137e-004 7.582384e-003
363 2.608159e-004 4.974917e-003
364 7.789935e-005 3.164088e-003
365 2.608159e-004 4.974917e-003
366 2.608159e-004 4.974917e-003
367 8.254204e-004 1.231205e-002
368 2.080726e-004 3.294261e-003
369 3.018351e-004 8.350714e-003
370 2.121004e-003 1.166267e-002
371 7.961005e-004 8.810146e-003
372 1.592433e-003 4.787134e-002
373 5.031761e-004 1.792897e-002
374 4.303888e-003 4.659472e-002
375 5.031761e-004 1.792897e-002
376 3.046359e-004 9.111107e-003
377 3.046359e-004 9.111107e-003
378 3.046359e-004 9.111107e-003
379 2.540986e-004 4.359571e-003
380 9.291736e-005 3.498201e-003
381 2.547474e-004 3.882591e-003
382 2.547474e-004 3.882591e-003
383 2.547474e-004 3.882591e-003
384 2.547474e-004 3.882591e-003
385 2.890477e-003 1.817707e-002
386 3.623170e-003 3.515659e-002
387 1.324900e-003 2.020598e-002
388 6.663076e-004 6.208745e-003
389 1.966988e-003 1.290105e-002
390 7.891744e-004 6.897916e-003
391 1.290778e-003 1.708013e-002
392 8.535708e-004 1.914896e-002
393 4.832483e-004 1.627260e-002
394 1.290778e-003 1.708013e-002
395 1.573822e-003 3.200496e-002
396 2.608159e-004 4.974917e-003
397 9.513080e-005 4.200603e-003
398 3.046359e-004 9.111107e-003
399 2.608159e-004 4.974917e-003
400 2.608159e-004 4.974917e-003
401 2.608159e-004 4.974917e-003
402 2.608159e-004 4.974917e-003
403 2.608159e-004 4.974917e-003
404 2.608159e-004 4.974917e-003
405 2.608159e-004 4.974917e-003
406 2.608159e-004 4.974917e-003
407 2.608159e-004 4.974917e-003
408 2.608159e-004 4.974917e-003
409 1.179978e-002 6.439949e-002
410 2.608159e-004 4.974917e-003
411 2.608159e-004 4.974917e-003
412 2.608159e-004 4.974917e-003
413 9.513080e-005 4.200603e-003
414 2.608159e-004 4.974917e-003
415 2.608159e-004 4.974917e-003
416 2.608159e-004 4.974917e-003
417 2.608159e-004 4.974917e-003
418 2.868753e-003 1.589764e-002
419 3.684801e-003 2.432983e-002
420 1.379536e-003 2.202456e-002
421 2.608159e-004 4.974917e-003
422 7.699475e-004 1.034553e-002
423 2.608159e-004 4.974917e-003
424 2.608159e-004 4.974917e-003
425 2.608159e-004 4.974917e-003
426 2.608159e-004 4.974917e-003
427 2.608159e-004 4.974917e-003
428 2.608159e-004 4.974917e-003
429 2.608159e-004 4.974917e-003
430 2.608159e-004 4.974917e-003
431 2.608159e-004 4.974917e-003
432 2.608159e-004 4.974917e-003
433 2.608159e-004 4.974917e-003
434 2.608159e-004 4.974917e-003
435 2.608159e-004 4.974917e-003
436 2.608159e-004 4.974917e-003
437 2.608159e-004 4.974917e-003
438 2.608159e-004 4.974917e-003
439 2.608159e-004 4.974917e-003
440 1.379536e-003 2.202456e-002
441 2.608159e-004 4.974917e-003
442 3.980224e-003 6.060689e-002
443 4.812598e-004 2.242860e-002
444 3.556610e-003 4.668386e-002
445 7.019313e-004 9.218839e-003
446 3.359974e-005 3.158870e-003
447 9.537371e-005 3.723217e-003
448 2.848580e-005 2.790236e-003
449 1.039000e-005 2.705667e-003
450 7.406282e-005 3.047041e-003
451 9.067657e-005 3.579914e-003
452 2.479708e-004 4.583028e-003
453 2.486040e-004 4.106620e-003
454 9.067657e-005 3.579914e-003
455 9.513080e-005 4.200603e-003
456 2.848580e-005 2.790236e-003
457 2.775215e-005 2.723029e-003
458 3.478690e-005 3.440071e-003
459 7.320277e-004 9.188647e-003
460 8.019013e-004 8.653606e-003
461 2.479708e-004 4.583028e-003
462 7.320277e-004 9.188647e-003
463 1.124958e-004 4.957447e-003
464 3.478690e-005 3.440071e-003
465 3.478690e-005 3.440071e-003
466 3.478690e-005 3.440071e-003
467 3.478690e-005 3.440071e-003
468 9.067657e-005 3.579914e-003
469 3.478690e-005 3.440071e-003
470 3.359974e-005 3.158870e-003
471 9.537371e-005 3.723217e-003
472 3.478690e-005 3.440071e-003
473 3.478690e-005 3.440071e-003
474 9.537371e-005 3.723217e-003
475 2.608159e-004 4.974917e-003
476 6.663076e-004 6.208745e-003
477 8.352067e-004 1.159068e-002
478 2.436516e-004 4.747145e-003
479 6.663076e-004 6.208745e-003
480 2.230874e-003 1.298635e-002
481 6.585702e-003 3.290902e-002
482 2.436516e-004 4.747145e-003
483 2.436516e-004 4.747145e-003
484 9.121962e-005 4.594713e-003
485 2.494558e-004 5.791893e-003
486 9.121962e-005 4.594713e-003
487 1.966988e-003 1.290105e-002
488 8.352067e-004 1.159068e-002
489 4.756713e-003 1.092670e-001
490 2.494558e-004 5.791893e-003
491 6.663076e-004 6.208745e-003
492 2.494558e-004 5.791893e-003
493 2.494558e-004 5.791893e-003
494 6.663076e-004 6.208745e-003
495 6.663076e-004 6.208745e-003
496 9.121962e-005 4.594713e-003
497 6.663076e-004 6.208745e-003
498 6.663076e-004 6.208745e-003
499 1.319449e-003 2.634580e-002
500 2.494558e-004 5.791893e-003
