2 5.887179e-004 4.647556e-002
3 9.600821e-003 1.751593e-001
4 3.493649e-003 1.381216e-001
5 1.632924e-003 1.308834e-001
6 2.609295e-002 2.598969e-001
7 1.367407e-003 4.831590e-002
8 1.554506e-003 9.329301e-002
9 7.505269e-004 1.917676e-002
10 3.752903e-005 3.533651e-003
11 9.146477e-003 5.391522e-002
12 2.949500e-003 4.303191e-002
13 4.628815e-003 5.667286e-002
14 1.807890e-002 1.096657e-001
15 1.582814e-003 3.597667e-002
16 1.641509e-003 1.023850e-001
17 1.101974e-004 6.573139e-003
18 4.264134e-003 1.655340e-001
19 3.793881e-005 3.701988e-003
20 5.388701e-003 9.769231e-002
21 2.567162e-003 3.188899e-002
22 3.253792e-003 5.864903e-002
23 1.009643e-004 8.786300e-003
24 1.611579e-003 7.122854e-002
25 4.134370e-004 7.251092e-003
26 7.356559e-004 1.112232e-001
27 7.242095e-003 6.585139e-002
28 9.420848e-005 4.082131e-003
29 6.391401e-003 2.718953e-001
30 8.223818e-004 1.425928e-002
31 1.843442e-004 4.712674e-002
32 5.061055e-004 2.062334e-002
33 3.136215e-003 4.676237e-002
34 1.065879e-003 3.999481e-002
35 8.761186e-003 9.590876e-002
36 3.098926e-003 4.055073e-002
37 3.027757e-003 8.361435e-002
38 1.359649e-002 7.635649e-002
39 1.349763e-003 4.834492e-002
40 9.245808e-003 9.776315e-002
41 4.107288e-005 6.846150e-003
42 5.160595e-004 4.488362e-002
43 2.741824e-004 5.505135e-002
44 4.715704e-005 6.902316e-003
45 1.192697e-004 5.511744e-003
46 1.192697e-004 5.511744e-003
47 1.301920e-004 8.507541e-003
48 5.329037e-006 2.797572e-003
49 2.180774e-003 8.676806e-002
50 3.559307e-004 7.886465e-003
51 1.723333e-005 3.456077e-003
52 5.518601e-005 6.726923e-003
53 5.879013e-004 1.590620e-002
54 1.472607e-005 3.510848e-003
55 1.195743e-004 5.054783e-003
56 4.678660e-005 5.401595e-003
57 1.111490e-004 3.818175e-003
58 3.021755e-004 7.244974e-003
59 1.228440e-004 6.381392e-003
60 9.580606e-005 5.944757e-003
61 3.367959e-004 1.146242e-002
62 3.292821e-004 7.069725e-003
63 1.228440e-004 6.381392e-003
64 4.361390e-005 3.750640e-003
65 4.724785e-005 4.247191e-003
66 1.292074e-004 6.869650e-003
67 1.461038e-005 3.042207e-003
68 1.007400e-004 4.001706e-003
69 9.758393e-004 1.243936e-002
70 1.177223e-004 1.229796e-002
71 1.192697e-004 5.511744e-003
72 1.120659e-004 6.123941e-003
73 1.054455e-003 1.829885e-002
74 1.274695e-004 7.044605e-003
75 4.712752e-005 4.706210e-003
76 4.017948e-004 3.399680e-002
77 3.981360e-005 4.186746e-003
78 2.494281e-004 3.221917e-002
79 8.368497e-004 1.077077e-002
80 3.734557e-004 1.063920e-002
81 3.437044e-005 2.909543e-003
82 1.204353e-003 3.158813e-002
83 1.287514e-004 6.731376e-003
84 1.020565e-003 3.695533e-002
85 3.529920e-004 1.058130e-002
86 3.221709e-004 9.000153e-003
87 3.912231e-004 1.476860e-002
88 1.863334e-005 6.423507e-003
89 2.516714e-004 1.229677e-002
90 3.225982e-004 8.474184e-003
91 4.361390e-005 3.750640e-003
92 1.047031e-004 6.391631e-003
93 3.044782e-004 7.939337e-003
94 1.192697e-004 5.511744e-003
95 1.150762e-004 4.122670e-003
96 1.309655e-002 8.321189e-002
97 1.113479e-004 4.507191e-003
98 1.586737e-003 3.761256e-002
99 4.654537e-003 8.645852e-002
100 6.260904e-003 4.209115e-002
101 6.878944e-003 6.199979e-002
102 3.185748e-004 8.369532e-003
103 1.228982e-003 2.179609e-002
104 1.278764e-003 3.676134e-002
105 2.994291e-003 4.620769e-002
106 3.028820e-004 7.064728e-003
107 1.047136e-003 2.473040e-002
108 8.750750e-005 7.663208e-003
109 2.023104e-003 5.214299e-002
110 4.361390e-005 3.750640e-003
111 8.677282e-004 2.458725e-002
112 6.151379e-004 3.139892e-002
113 2.023104e-003 5.214299e-002
114 1.916871e-003 4.742757e-002
115 1.044376e-004 2.363191e-002
116 1.660553e-004 2.908755e-002
117 4.361390e-005 3.750640e-003
118 5.087403e-005 5.861804e-003
119 2.211956e-003 1.625057e-001
120 5.521627e-005 3.783055e-002
121 4.361390e-005 3.750640e-003
122 1.841501e-005 7.205416e-003
123 2.496655e-003 2.864941e-002
124 4.180537e-004 2.593154e-002
125 8.943217e-004 1.571098e-002
126 1.239341e-004 5.277711e-003
127 1.396641e-004 7.670199e-003
128 8.737013e-003 1.019050e-001
129 1.020759e-003 2.053784e-002
130 4.361390e-005 3.750640e-003
131 2.986665e-003 5.068050e-002
132 1.007400e-004 4.001706e-003
133 8.406761e-003 8.664018e-002
134 3.833283e-004 1.145901e-002
135 1.164946e-004 4.795660e-003
136 4.651569e-005 7.553167e-003
137 4.318812e-005 4.909891e-003
138 7.133511e-005 1.098970e-002
139 9.344129e-005 3.969207e-003
140 1.213022e-004 1.166423e-002
141 7.294596e-004 1.098248e-002
142 2.142999e-003 1.454512e-002
143 4.361390e-005 3.750640e-003
144 1.417548e-005 3.780982e-003
145 9.443701e-005 1.239757e-002
146 1.018782e-004 8.164795e-003
147 2.385270e-003 3.254952e-002
148 3.987623e-005 3.395405e-003
149 1.268951e-004 9.204771e-003
150 1.085263e-005 2.855814e-003
151 3.414428e-006 1.014060e-002
152 5.809285e-005 1.141172e-002
153 1.057664e-004 7.603119e-003
154 7.329633e-004 1.434310e-002
155 3.863053e-005 3.703151e-003
156 1.235317e-003 4.272014e-002
157 3.164434e-005 3.217724e-003
158 1.309650e-004 8.898052e-003
159 3.456412e-005 5.090997e-003
160 1.175257e-004 1.029799e-002
161 1.179789e-004 5.980390e-003
162 3.225281e-004 1.337463e-002
163 3.482821e-004 1.331376e-002
164 3.185748e-004 8.369532e-003
165 1.326098e-004 7.670159e-003
166 4.492090e-005 4.068648e-003
167 1.516737e-005 3.821670e-003
168 3.542066e-004 1.192387e-002
169 3.356072e-004 9.936812e-003
170 8.973006e-004 1.247549e-002
171 1.057709e-003 2.378794e-002
172 6.890321e-004 1.013205e-002
173 1.245293e-005 3.230465e-003
174 1.115049e-005 3.339901e-003
175 1.723333e-005 3.456077e-003
176 9.856983e-004 1.849157e-002
177 3.297293e-005 6.928230e-003
178 5.493622e-004 7.075924e-003
179 2.858282e-005 4.275566e-003
180 4.603098e-005 4.008868e-003
181 3.025653e-003 6.479079e-002
182 1.888959e-004 4.501029e-003
183 3.418589e-004 7.160173e-003
184 5.613484e-003 7.829885e-002
185 3.743699e-004 9.267714e-003
186 3.240390e-004 1.109205e-002
187 5.950860e-003 7.154547e-002
188 4.304653e-005 4.182676e-003
189 1.208181e-005 3.251822e-003
190 2.664137e-004 1.086230e-002
191 9.724975e-004 1.655283e-002
192 1.228440e-004 6.381392e-003
193 4.525491e-004 3.924276e-002
194 1.228440e-004 6.381392e-003
195 2.985795e-004 7.996963e-003
196 1.107884e-004 6.090809e-003
197 1.436484e-003 8.054506e-002
198 4.078615e-005 3.847343e-003
199 3.098835e-004 1.565011e-002
200 2.132297e-003 1.812657e-002
201 3.867608e-005 4.515402e-003
202 9.440906e-004 3.168287e-002
203 1.660400e-003 8.817253e-002
204 1.032615e-005 3.277590e-003
205 5.574978e-004 9.119559e-002
206 6.030612e-006 8.507702e-003
207 4.690653e-003 1.215893e-001
208 6.565961e-004 6.298214e-002
209 7.963866e-004 8.140128e-002
210 2.828145e-003 3.370330e-002
211 3.730490e-004 1.101665e-002
212 8.181517e-004 1.396288e-002
213 1.421640e-004 9.443919e-003
214 3.735220e-004 2.573148e-002
215 1.507528e-005 3.957783e-003
216 1.717742e-005 5.582095e-003
217 3.120596e-004 3.059167e-002
218 1.465679e-004 1.238407e-002
219 1.144799e-004 4.138207e-003
220 8.390235e-004 1.950623e-002
221 3.166713e-004 2.009903e-002
222 1.683398e-003 1.729649e-002
223 3.384254e-004 7.085113e-003
224 1.174983e-005 2.955784e-003
225 9.032099e-004 1.895045e-002
226 1.377129e-005 3.623098e-003
227 9.032099e-004 1.895045e-002
228 1.155037e-004 1.170016e-002
229 2.201334e-003 4.732490e-002
230 3.104071e-003 1.092930e-001
231 3.672105e-004 1.208579e-002
232 7.759151e-004 1.591753e-002
233 7.154710e-005 1.886323e-002
234 3.381486e-004 1.084817e-002
235 1.173351e-004 1.057508e-002
236 7.579416e-004 8.321985e-002
237 1.472607e-005 3.510848e-003
238 3.063040e-004 8.433535e-003
239 7.520700e-004 6.469769e-003
240 1.148720e-003 1.650869e-002
241 4.939893e-003 7.820651e-002
242 1.197138e-004 8.860115e-003
243 3.981124e-005 4.958813e-003
244 4.391873e-005 3.482762e-003
245 3.059579e-004 7.889792e-003
246 3.730490e-004 1.101665e-002
247 1.385979e-005 5.939569e-003
248 6.319906e-005 2.437910e-002
249 9.082155e-004 4.624427e-002
250 4.709246e-004 4.353408e-002
251 4.526107e-005 4.371552e-003
252 4.370617e-003 1.410660e-001
253 3.482821e-004 1.331376e-002
254 1.287514e-004 6.731376e-003
255 3.987006e-004 1.000400e-002
256 3.238541e-005 3.031389e-003
257 4.982155e-004 2.228902e-002
258 3.955401e-004 1.937424e-002
259 1.516737e-005 3.821670e-003
260 3.410790e-004 7.978167e-003
261 1.336140e-004 8.564355e-003
262 5.989551e-006 3.428037e-003
263 8.003394e-004 9.056638e-003
264 2.287843e-004 1.417587e-002
265 9.847231e-005 8.867008e-003
266 2.968839e-004 4.976049e-003
267 1.258602e-004 7.552164e-003
268 1.595306e-005 3.987420e-003
269 1.375112e-004 6.423796e-003
270 5.068171e-006 4.648714e-003
271 1.068004e-003 2.077449e-002
272 1.170527e-004 8.492388e-003
273 4.324936e-004 1.122021e-002
274 1.002021e-004 5.535190e-003
275 1.263856e-005 5.570907e-003
276 4.107118e-006 2.765923e-003
277 5.122280e-005 1.816140e-002
278 1.407556e-004 1.249948e-002
279 1.048544e-004 4.109488e-003
280 1.882977e-003 3.237612e-002
281 3.700566e-004 1.277155e-002
282 8.317077e-005 3.964516e-003
283 2.462849e-003 3.763913e-002
284 1.372181e-004 1.166505e-002
285 1.180228e-004 1.095725e-002
286 4.854113e-005 7.442960e-003
287 8.145439e-005 4.315802e-003
288 3.059579e-004 7.889792e-003
289 1.570584e-005 6.961558e-003
290 3.662159e-004 9.551452e-003
291 9.990899e-004 2.080134e-002
292 1.876675e-003 2.583764e-002
293 1.128174e-005 3.770079e-003
294 9.818159e-005 7.718372e-003
295 7.768392e-005 7.642894e-003
296 2.172293e-003 3.074791e-002
297 5.475405e-005 7.054901e-003
298 1.128174e-005 3.770079e-003
299 3.538750e-005 5.870143e-003
300 3.366876e-005 7.181192e-003
301 4.704242e-003 9.018102e-002
302 1.123626e-004 4.080990e-003
303 2.284562e-003 6.008711e-002
304 1.350192e-005 3.019419e-003
305 8.127655e-004 8.541042e-003
306 3.380518e-005 4.928870e-003
307 3.317977e-004 1.723076e-002
308 7.233277e-004 8.729078e-003
309 8.229592e-004 1.001084e-002
310 9.500529e-004 2.297235e-002
311 2.580850e-004 7.891741e-003
312 2.748573e-003 3.403557e-002
313 9.990564e-004 1.657498e-002
314 4.747645e-005 3.554799e-003
315 7.166473e-004 1.889386e-002
316 1.123234e-002 1.531863e-001
317 2.152570e-003 2.121044e-002
318 9.821228e-004 7.598043e-002
319 1.256276e-004 3.553857e-002
320 1.032457e-004 4.912614e-003
321 1.322629e-004 1.044659e-002
322 1.239971e-005 7.464687e-003
323 4.475699e-002 1.910433e-001
324 9.374246e-005 4.376446e-003
325 2.193285e-004 5.903157e-003
326 3.828012e-005 5.600116e-003
327 2.919183e-004 5.322557e-003
328 2.853557e-004 1.291598e-002
329 2.325244e-003 6.048348e-002
330 3.503146e-006 2.836050e-003
331 5.880387e-004 5.336756e-002
332 4.065384e-005 6.354863e-003
333 1.055325e-004 5.751844e-003
334 1.336140e-004 8.564355e-003
335 2.384188e-004 8.389366e-003
336 1.336140e-004 8.564355e-003
337 1.723333e-005 3.456077e-003
338 2.616232e-004 1.129883e-002
339 2.625920e-004 5.490902e-003
340 5.902180e-004 6.529158e-002
341 3.616149e-004 4.673546e-002
342 8.674792e-004 1.601103e-002
343 1.162150e-004 4.187283e-003
344 1.044191e-003 4.204266e-002
345 2.657171e-004 5.384368e-002
346 8.043996e-004 2.215683e-002
347 1.723333e-005 3.456077e-003
348 1.282866e-004 2.770071e-002
349 1.144441e-004 6.728962e-003
350 1.145462e-004 5.145184e-003
351 3.478150e-003 1.022749e-001
352 2.803836e-004 1.136469e-002
353 1.723333e-005 3.456077e-003
354 1.172727e-003 2.624605e-002
355 1.130869e-003 2.630505e-002
356 1.189798e-004 5.157298e-003
357 9.095022e-004 1.628449e-002
358 1.280541e-004 6.174323e-003
359 5.286374e-006 5.689825e-003
360 5.433525e-006 3.543327e-003
361 3.791827e-005 1.047397e-002
362 1.556325e-003 7.247291e-002
363 1.138967e-003 7.011142e-002
364 7.949028e-003 5.080213e-002
365 2.735479e-003 7.797769e-002
366 4.083776e-005 8.225535e-003
367 3.906352e-005 7.124385e-003
368 2.119893e-003 2.597934e-002
369 1.287514e-004 6.731376e-003
370 7.386633e-004 2.120827e-002
371 1.191864e-004 8.640528e-003
372 6.445090e-003 1.845109e-001
373 8.235654e-005 3.200219e-003
374 1.037732e-004 7.511162e-003
375 4.724785e-005 4.247191e-003
376 2.405408e-005 1.084064e-002
377 3.640526e-004 1.114732e-002
378 2.304083e-004 8.396933e-003
379 2.837469e-004 7.088551e-003
380 6.816261e-003 3.328146e-002
381 2.676919e-003 2.771021e-002
382 1.352051e-004 4.722575e-003
383 3.647869e-004 9.331453e-003
384 1.201528e-004 4.000486e-003
385 1.137447e-004 1.205435e-002
386 3.951203e-005 4.651495e-003
387 2.926340e-004 1.570039e-002
388 7.382194e-004 3.057671e-002
389 1.228440e-004 6.381392e-003
390 4.033449e-005 4.929854e-003
391 3.542066e-004 1.192387e-002
392 1.998310e-003 7.404795e-002
393 1.017689e-005 3.246880e-003
394 2.614720e-003 5.049565e-002
395 1.415740e-004 9.112865e-003
396 8.022490e-005 1.592468e-002
397 1.080525e-004 7.975288e-003
398 1.618060e-005 5.258684e-003
399 4.027097e-005 4.855992e-003
400 3.116313e-004 1.267949e-002
401 1.111490e-004 3.818175e-003
402 1.840981e-004 1.971542e-002
403 6.334849e-004 2.800992e-002
404 1.363776e-004 1.364649e-002
405 1.195743e-004 5.054783e-003
406 2.323240e-004 5.346559e-003
407 3.839346e-004 2.158854e-002
408 9.514701e-003 8.985418e-002
409 2.928230e-004 2.403676e-002
410 2.594809e-004 6.193468e-003
411 3.661769e-004 1.298053e-002
412 3.542219e-004 1.095473e-002
413 7.468137e-004 1.503998e-002
414 2.221038e-005 1.280661e-002
415 4.391873e-005 3.482762e-003
416 3.837278e-004 4.335138e-002
417 1.723333e-005 3.456077e-003
418 8.381662e-004 2.366015e-002
419 2.979170e-003 6.415307e-002
420 1.280011e-004 6.464275e-003
421 1.311710e-004 1.884124e-002
422 9.996782e-004 2.115593e-002
423 1.201528e-004 4.000486e-003
424 2.968839e-004 4.976049e-003
425 5.817958e-004 2.894844e-002
426 1.141746e-004 8.989010e-003
427 1.372807e-003 7.667196e-002
428 8.945865e-004 1.630108e-002
429 3.734063e-004 1.140893e-002
430 5.087403e-005 5.861804e-003
431 1.261224e-005 2.918562e-003
432 2.585402e-004 5.563428e-003
433 1.723333e-005 3.456077e-003
434 1.237535e-004 4.325981e-003
435 7.076024e-004 2.102828e-002
436 4.257143e-006 3.436925e-003
437 1.201786e-003 3.112381e-002
438 5.575972e-006 3.409026e-003
439 4.361390e-005 3.750640e-003
440 1.237059e-004 7.518124e-003
441 1.078515e-003 2.323646e-002
442 1.145462e-004 5.145184e-003
443 1.145462e-004 5.145184e-003
444 1.326098e-004 7.670159e-003
445 1.010531e-003 1.423722e-002
446 2.903745e-005 4.142686e-003
447 4.526107e-005 4.371552e-003
448 9.792429e-004 1.963579e-002
449 3.380699e-005 2.990770e-003
450 3.381486e-004 1.084817e-002
451 3.562243e-005 4.787266e-003
452 4.158073e-003 1.491487e-001
453 7.503148e-004 1.381949e-002
454 3.980333e-004 2.706809e-002
455 5.500698e-005 1.353504e-002
456 3.823858e-003 6.375422e-002
457 2.721059e-004 1.002464e-002
458 2.613446e-004 4.443904e-002
459 1.823524e-003 1.421965e-001
460 3.121779e-004 8.740764e-003
461 1.177175e-004 5.682697e-003
462 4.172363e-005 5.981633e-003
463 1.083338e-004 7.586372e-003
464 1.216113e-003 2.816680e-002
465 3.356072e-004 9.936812e-003
466 3.370688e-004 1.065140e-002
467 3.134933e-004 2.039203e-002
468 1.172693e-005 3.214271e-003
469 7.284266e-005 4.319826e-003
470 1.619048e-004 1.371272e-002
471 1.237535e-004 4.325981e-003
472 1.237535e-004 4.325981e-003
473 9.245712e-004 1.185936e-002
474 1.575401e-004 7.311225e-003
475 3.310850e-005 3.417014e-003
476 1.111490e-004 3.818175e-003
477 1.626019e-004 1.386861e-002
478 5.336593e-005 3.947061e-003
479 4.895363e-005 8.647048e-003
480 4.323180e-005 8.199558e-003
481 8.956299e-005 4.425975e-003
482 4.175987e-005 3.804992e-003
483 1.290415e-005 5.601514e-003
484 1.145462e-004 5.145184e-003
485 2.984361e-004 8.420169e-003
486 3.967667e-005 5.680978e-003
487 9.177454e-004 3.551077e-002
488 1.155042e-003 2.062330e-002
489 1.623003e-003 3.381113e-002
490 1.941874e-004 2.515566e-002
491 3.303693e-004 1.967838e-002
492 9.758393e-004 1.243936e-002
493 1.723333e-005 3.456077e-003
494 1.456926e-003 5.552702e-002
495 3.118625e-004 1.154691e-002
496 2.559245e-005 1.036905e-002
497 9.676129e-004 4.346713e-002
498 4.104827e-005 6.461641e-003
499 4.963811e-005 7.726310e-003
500 1.750897e-005 8.123686e-003
501 3.763506e-004 2.863668e-002
