2 1.918512e-003 6.183941e-002
3 1.212531e-002 2.593379e-001
4 1.788348e-003 1.708720e-001
5 5.655833e-003 1.625177e-001
6 1.096146e-002 4.649892e-001
7 4.723348e-003 8.366938e-002
8 4.826181e-003 1.283638e-001
9 7.666311e-004 2.669205e-002
10 1.453004e-005 3.924400e-003
11 3.860345e-003 1.294092e-001
12 1.369270e-003 7.143796e-002
13 4.693510e-003 1.093331e-001
14 8.865257e-003 1.840969e-001
15 1.809065e-003 4.611807e-002
16 8.049383e-004 1.091431e-001
17 5.104861e-005 7.333615e-003
18 5.285068e-003 2.099066e-001
19 4.444486e-005 4.339604e-003
20 8.729296e-004 1.122691e-001
21 3.859113e-004 4.689168e-002
22 1.032238e-002 1.016118e-001
23 7.784403e-004 1.191576e-002
24 5.711021e-003 1.056063e-001
25 1.465114e-003 1.607042e-002
26 5.222044e-003 1.426251e-001
27 7.836282e-003 1.700488e-001
28 2.713029e-004 7.871702e-003
29 7.953945e-003 3.679368e-001
30 8.500642e-004 2.335350e-002
31 8.557958e-005 4.890212e-002
32 1.748208e-003 3.370840e-002
33 1.410154e-003 6.076369e-002
34 1.218139e-003 4.733700e-002
35 2.355531e-002 2.351228e-001
36 2.050624e-004 4.820327e-002
37 3.752673e-003 1.151212e-001
38 6.071288e-003 1.650174e-001
39 6.385032e-004 5.911326e-002
40 1.263562e-002 1.923387e-001
41 4.444276e-005 7.437096e-003
42 1.731213e-003 5.042278e-002
43 7.616083e-004 5.902080e-002
44 5.088365e-005 8.122312e-003
45 1.792935e-005 6.208766e-003
46 1.130446e-004 6.918013e-003
47 5.454450e-005 1.021833e-002
48 2.232623e-006 2.867598e-003
49 9.136444e-004 1.154245e-001
50 5.350565e-005 9.966552e-003
51 1.767486e-005 3.708242e-003
52 2.312041e-005 7.452094e-003
53 2.463037e-004 2.363151e-002
54 6.169547e-006 3.704356e-003
55 5.009615e-005 6.626048e-003
56 1.960144e-005 6.016394e-003
57 4.656634e-005 5.278728e-003
58 1.235768e-004 8.567034e-003
59 1.269791e-004 7.739850e-003
60 3.918058e-005 6.363922e-003
61 1.377351e-004 1.293595e-002
62 3.403662e-004 1.071106e-002
63 1.269791e-004 7.739850e-003
64 4.133753e-005 4.264876e-003
65 1.979469e-005 4.868051e-003
66 1.928862e-005 7.375965e-003
67 2.238002e-006 3.102392e-003
68 1.087011e-004 6.607942e-003
69 1.052955e-003 3.768520e-002
70 1.216849e-004 1.359978e-002
71 4.617741e-005 6.753570e-003
72 4.784151e-005 7.270997e-003
73 1.615202e-004 2.264253e-002
74 1.317603e-004 8.454214e-003
75 5.085179e-005 5.925441e-003
76 1.683337e-004 3.927658e-002
77 5.985021e-006 4.419420e-003
78 3.749554e-005 3.367685e-002
79 2.654834e-003 2.182046e-002
80 5.614011e-005 1.282170e-002
81 3.257653e-005 3.314793e-003
82 1.410155e-003 5.259535e-002
83 1.389260e-004 1.006229e-002
84 4.275702e-004 5.036606e-002
85 1.478875e-004 1.521979e-002
86 1.185607e-004 1.105541e-002
87 3.158349e-003 2.719539e-002
88 2.801077e-006 6.532402e-003
89 2.601430e-004 1.507985e-002
90 1.918650e-005 9.220079e-003
91 6.556304e-006 4.005523e-003
92 1.573961e-005 7.003524e-003
93 1.275624e-004 1.194033e-002
94 4.996857e-005 7.079008e-003
95 1.347296e-004 6.281383e-003
96 1.353740e-002 2.280388e-001
97 1.269089e-004 5.726271e-003
98 6.143338e-004 5.413352e-002
99 5.036012e-003 1.590885e-001
100 8.556354e-003 1.061341e-001
101 2.797283e-003 1.168982e-001
102 5.280531e-005 1.002577e-002
103 1.479438e-003 4.448945e-002
104 2.125373e-004 4.073798e-002
105 1.257880e-003 6.974302e-002
106 3.268174e-004 1.490056e-002
107 1.574118e-004 3.084994e-002
108 8.294018e-005 8.694979e-003
109 7.832810e-004 7.320737e-002
110 1.688590e-005 4.204744e-003
111 1.329176e-004 2.816173e-002
112 2.381616e-004 3.780368e-002
113 7.832810e-004 7.320737e-002
114 7.421509e-004 6.738586e-002
115 1.193564e-004 2.435132e-002
116 6.429126e-005 3.081650e-002
117 6.556304e-006 4.005523e-003
118 1.969679e-005 6.391500e-003
119 6.389482e-003 2.010176e-001
120 1.594984e-004 3.879190e-002
121 1.827223e-005 4.323748e-003
122 1.987027e-005 7.681829e-003
123 2.701275e-003 6.760753e-002
124 1.260592e-003 4.279643e-002
125 3.746799e-004 2.746281e-002
126 1.298736e-004 6.231755e-003
127 2.099515e-005 8.486406e-003
128 4.083655e-003 1.802841e-001
129 4.096720e-004 2.675946e-002
130 7.229213e-006 3.977384e-003
131 1.251276e-003 8.992675e-002
132 4.220547e-005 5.325480e-003
133 9.842517e-003 2.443425e-001
134 3.931496e-004 1.706803e-002
135 1.257007e-004 7.809481e-003
136 1.948795e-005 8.164406e-003
137 6.492299e-006 5.162286e-003
138 2.988615e-005 1.192708e-002
139 3.914763e-005 5.197072e-003
140 1.823487e-005 1.237313e-002
141 2.824233e-004 1.857755e-002
142 2.387265e-003 3.431254e-002
143 1.827223e-005 4.323748e-003
144 5.488292e-006 3.928576e-003
145 1.101257e-004 1.360752e-002
146 2.711306e-004 1.177555e-002
147 2.851960e-003 8.064778e-002
148 6.108196e-006 3.559670e-003
149 4.053033e-004 1.079947e-002
150 5.133816e-006 2.942395e-003
151 5.595322e-007 1.015398e-002
152 6.002813e-005 1.231579e-002
153 2.917558e-004 8.817545e-003
154 3.272928e-004 1.912265e-002
155 3.912378e-005 4.007722e-003
156 1.285262e-003 5.845821e-002
157 3.375738e-005 3.877892e-003
158 1.968744e-005 9.663421e-003
159 1.442199e-005 5.385741e-003
160 1.126846e-004 1.245185e-002
161 1.401894e-004 7.304085e-003
162 3.489617e-004 1.840740e-002
163 9.332745e-004 2.312583e-002
164 9.017125e-004 1.248442e-002
165 1.575747e-004 9.158008e-003
166 1.923065e-005 4.324354e-003
167 6.493154e-006 3.908008e-003
168 3.832679e-004 1.702010e-002
169 1.007958e-003 1.945414e-002
170 1.025563e-003 1.822468e-002
171 1.769056e-004 3.038973e-002
172 2.784577e-004 1.286177e-002
173 1.907527e-006 3.281764e-003
174 3.559415e-005 3.587009e-003
175 2.639782e-006 3.527067e-003
176 2.960434e-003 4.644454e-002
177 2.269100e-004 7.656136e-003
178 6.235944e-004 1.123109e-002
179 2.245390e-004 5.220399e-003
180 1.970587e-005 4.270893e-003
181 5.557245e-004 7.631951e-002
182 2.029960e-004 7.773273e-003
183 5.269152e-005 1.035848e-002
184 2.474063e-003 9.878499e-002
185 5.734556e-005 1.080988e-002
186 5.522518e-005 1.255813e-002
187 7.226557e-003 1.191386e-001
188 3.805926e-004 5.713149e-003
189 5.225238e-006 3.287772e-003
190 1.306399e-004 1.195913e-002
191 4.163263e-004 2.208864e-002
192 9.850182e-004 1.048114e-002
193 5.609000e-004 4.395198e-002
194 9.850182e-004 1.048114e-002
195 2.220771e-003 2.673909e-002
196 1.697045e-005 6.547187e-003
197 1.554342e-003 1.012128e-001
198 3.270417e-004 5.208524e-003
199 6.082880e-003 3.155677e-002
200 2.437093e-003 3.178863e-002
201 4.184930e-005 5.071864e-003
202 4.215682e-004 3.783916e-002
203 7.152420e-004 1.071604e-001
204 2.848460e-005 3.396157e-003
205 1.548585e-003 9.926672e-002
206 3.990581e-007 8.522594e-003
207 2.218905e-003 1.590111e-001
208 1.119021e-004 6.595286e-002
209 9.870603e-004 8.968847e-002
210 1.171411e-003 6.170645e-002
211 1.586099e-004 1.357340e-002
212 8.792223e-004 2.813572e-002
213 1.538280e-004 1.148934e-002
214 1.446157e-004 2.962056e-002
215 6.859369e-006 4.030280e-003
216 2.003108e-005 5.802176e-003
217 1.227108e-004 3.176937e-002
218 2.436035e-005 1.283986e-002
219 1.213688e-004 5.414229e-003
220 1.261271e-004 2.440954e-002
221 3.403091e-004 2.558472e-002
222 1.809055e-003 4.645800e-002
223 4.021369e-004 1.088216e-002
224 5.346265e-006 3.012289e-003
225 3.496939e-004 2.835459e-002
226 6.263936e-006 3.722777e-003
227 3.496939e-004 2.835459e-002
228 1.241254e-004 1.370103e-002
229 6.315820e-003 8.940878e-002
230 3.208558e-003 1.436191e-001
231 6.103230e-005 1.322773e-002
232 2.323868e-003 5.093607e-002
233 8.589438e-005 2.091836e-002
234 1.309203e-004 1.436895e-002
235 1.125019e-004 1.272545e-002
236 8.178383e-004 1.028285e-001
237 6.304231e-006 3.594674e-003
238 3.639684e-004 1.187019e-002
239 3.219613e-004 1.075082e-002
240 1.374265e-003 2.864999e-002
241 2.279100e-003 1.032470e-001
242 3.813298e-004 1.084876e-002
243 4.295734e-005 5.988766e-003
244 4.752210e-005 4.114653e-003
245 1.184571e-004 1.107540e-002
246 5.714322e-005 1.255337e-002
247 9.915482e-005 6.392053e-003
248 8.199026e-005 2.546654e-002
249 4.216282e-004 5.499111e-002
250 2.410594e-004 4.794866e-002
251 1.752363e-005 4.842807e-003
252 1.395171e-002 2.379241e-001
253 3.742795e-004 1.934705e-002
254 1.393149e-004 8.583818e-003
255 1.512440e-004 1.289490e-002
256 5.519367e-006 3.177914e-003
257 2.078821e-004 2.653753e-002
258 4.193076e-004 2.425444e-002
259 4.555350e-005 4.251794e-003
260 5.224610e-005 9.383195e-003
261 5.173104e-005 9.955531e-003
262 9.174726e-007 3.452710e-003
263 3.426254e-004 1.361246e-002
264 1.829374e-003 2.564551e-002
265 4.212826e-005 1.028414e-002
266 1.270960e-004 6.666018e-003
267 1.206758e-004 9.858773e-003
268 6.176511e-006 4.153521e-003
269 1.736690e-004 7.629473e-003
270 5.710873e-006 4.694118e-003
271 2.912541e-003 3.329040e-002
272 4.531906e-005 9.711130e-003
273 1.967880e-004 1.330007e-002
274 1.076816e-004 7.270991e-003
275 1.330744e-005 5.748127e-003
276 1.590144e-006 2.808686e-003
277 7.846251e-006 1.837241e-002
278 5.940218e-005 1.382905e-002
279 1.753726e-005 4.763946e-003
280 6.010765e-003 7.410514e-002
281 9.801640e-004 1.997178e-002
282 3.837219e-005 4.386111e-003
283 1.039380e-003 6.090300e-002
284 5.312644e-005 1.309375e-002
285 3.454557e-004 1.383967e-002
286 2.048718e-005 7.843612e-003
287 8.753452e-005 5.726837e-003
288 1.309806e-004 9.631414e-003
289 2.313276e-006 7.016968e-003
290 1.567771e-004 1.163608e-002
291 1.032721e-003 3.184968e-002
292 8.539016e-004 3.486256e-002
293 1.262544e-005 3.903763e-003
294 4.040200e-005 8.662192e-003
295 9.628327e-005 8.451271e-003
296 3.989871e-004 3.902505e-002
297 5.249862e-005 8.058365e-003
298 1.424822e-005 3.868996e-003
299 3.942109e-005 6.196564e-003
300 1.048220e-004 7.678124e-003
301 5.055388e-003 1.716726e-001
302 1.161449e-004 5.323541e-003
303 2.421838e-003 8.827416e-002
304 4.025122e-005 3.536142e-003
305 1.244985e-004 1.188912e-002
306 1.426775e-005 5.207894e-003
307 1.356454e-004 1.927368e-002
308 1.925007e-003 3.436514e-002
309 2.190159e-003 3.917803e-002
310 1.085141e-003 3.732340e-002
311 2.908131e-004 1.020383e-002
312 1.176665e-003 4.968144e-002
313 1.032686e-003 2.762295e-002
314 1.941583e-005 3.762515e-003
315 6.696564e-004 3.112718e-002
316 4.808566e-003 2.171248e-001
317 2.266491e-003 5.139418e-002
318 3.261277e-003 1.002946e-001
319 7.872561e-004 3.876224e-002
320 1.171967e-004 5.693525e-003
321 2.025988e-005 1.099143e-002
322 5.102517e-006 7.583885e-003
323 6.855825e-003 3.754135e-001
324 3.956477e-005 5.150185e-003
325 8.224590e-005 6.926291e-003
326 1.648838e-005 6.084449e-003
327 1.249703e-004 6.984260e-003
328 8.680196e-004 1.800024e-002
329 6.637970e-003 9.993114e-002
330 5.674837e-007 2.845526e-003
331 7.030914e-004 6.522518e-002
332 1.086340e-004 8.303375e-003
333 3.027821e-004 7.769357e-003
334 2.277151e-005 9.168880e-003
335 9.993825e-005 1.104764e-002
336 1.416542e-004 1.005365e-002
337 1.859520e-005 3.901918e-003
338 2.811520e-004 1.583093e-002
339 2.821931e-004 1.003978e-002
340 6.787842e-004 7.246567e-002
341 3.912520e-004 5.237814e-002
342 1.337066e-004 2.412685e-002
343 1.780169e-005 4.666015e-003
344 1.126708e-003 6.905681e-002
345 8.914624e-004 6.668182e-002
346 1.579002e-002 6.344753e-002
347 7.356994e-006 3.632469e-003
348 1.626794e-004 2.926036e-002
349 1.316172e-004 8.120029e-003
350 1.754605e-005 5.617042e-003
351 2.488315e-002 2.158269e-001
352 3.204623e-004 1.316116e-002
353 7.377590e-006 3.554175e-003
354 3.432601e-003 5.488705e-002
355 1.743036e-004 3.688505e-002
356 1.387218e-004 6.228305e-003
357 9.841234e-004 2.937017e-002
358 1.961518e-005 6.701824e-003
359 7.946796e-007 5.720719e-003
360 6.390733e-006 3.679603e-003
361 3.946693e-005 1.079126e-002
362 2.603008e-004 8.218685e-002
363 3.545980e-003 8.692193e-002
364 1.354734e-003 8.676682e-002
365 4.832670e-004 8.503498e-002
366 1.823543e-005 8.491832e-003
367 1.744318e-005 7.379113e-003
368 6.082158e-003 6.650627e-002
369 1.972199e-005 7.261750e-003
370 1.943264e-003 3.683095e-002
371 1.289652e-004 1.035535e-002
372 8.520113e-003 2.856821e-001
373 7.896412e-005 4.709547e-003
374 4.017764e-005 8.591639e-003
375 1.932235e-005 4.453907e-003
376 7.224371e-005 1.152277e-002
377 1.051693e-003 1.704298e-002
378 1.129841e-004 9.345528e-003
379 8.140948e-004 1.251307e-002
380 2.918042e-003 7.208205e-002
381 4.477241e-004 4.441844e-002
382 5.958972e-005 5.216000e-003
383 4.361593e-004 1.668727e-002
384 1.250107e-004 5.531245e-003
385 1.326409e-004 1.351168e-002
386 1.691511e-005 4.876411e-003
387 7.787929e-004 2.607187e-002
388 1.355894e-004 3.338957e-002
389 3.897120e-004 8.003413e-003
390 7.408271e-006 5.083542e-003
391 4.208890e-004 1.589798e-002
392 2.389290e-003 1.143433e-001
393 4.485322e-006 3.284020e-003
394 2.891424e-003 7.819397e-002
395 1.531896e-004 1.114980e-002
396 9.532793e-005 1.682478e-002
397 3.427873e-004 9.402004e-003
398 5.981922e-006 5.367962e-003
399 1.724001e-005 5.085228e-003
400 1.595195e-004 1.560081e-002
401 1.702568e-005 4.276038e-003
402 2.125149e-004 2.421638e-002
403 2.452650e-004 3.460571e-002
404 1.690296e-004 1.506564e-002
405 4.535958e-005 5.921790e-003
406 2.760610e-004 7.953179e-003
407 4.125932e-004 2.823944e-002
408 1.457451e-003 1.290487e-001
409 3.391026e-004 2.686617e-002
410 3.277101e-004 8.468557e-003
411 3.337167e-004 1.673125e-002
412 1.458103e-004 1.274018e-002
413 2.997267e-004 1.959188e-002
414 1.024712e-005 1.291919e-002
415 1.700392e-005 3.940040e-003
416 1.224921e-003 5.185525e-002
417 1.864726e-005 3.704025e-003
418 3.427741e-004 2.732724e-002
419 1.275383e-003 8.111158e-002
420 8.469407e-006 6.804286e-003
421 2.009263e-005 1.938158e-002
422 3.340235e-003 6.081921e-002
423 5.143744e-005 4.684438e-003
424 1.270960e-004 6.666018e-003
425 9.107730e-005 3.082419e-002
426 4.420473e-005 1.017779e-002
427 5.913571e-004 9.237097e-002
428 1.429322e-004 2.125162e-002
429 4.464651e-004 1.893855e-002
430 5.504805e-005 6.593766e-003
431 5.362370e-006 3.005002e-003
432 4.207792e-005 6.866932e-003
433 2.639782e-006 3.527067e-003
434 9.923113e-004 8.456082e-003
435 8.408146e-004 2.896741e-002
436 1.077251e-005 3.493858e-003
437 1.436804e-003 5.941582e-002
438 2.158837e-006 3.467082e-003
439 1.688590e-005 4.204744e-003
440 1.304521e-004 9.122554e-003
441 1.838087e-004 2.811611e-002
442 4.903723e-005 5.797222e-003
443 4.434860e-005 6.337829e-003
444 4.391560e-004 1.165165e-002
445 4.216473e-004 2.285448e-002
446 2.223287e-004 4.890894e-003
447 1.752363e-005 4.842807e-003
448 1.059586e-003 3.372488e-002
449 3.241442e-005 3.610342e-003
450 1.309203e-004 1.436895e-002
451 5.246742e-006 4.912942e-003
452 4.632025e-003 1.875035e-001
453 2.904978e-004 2.163170e-002
454 1.054266e-003 3.481267e-002
455 2.086647e-005 1.393388e-002
456 4.829322e-003 9.728122e-002
457 3.266711e-004 1.784066e-002
458 8.136522e-004 4.829634e-002
459 3.349282e-004 1.491447e-001
460 8.212728e-004 1.534331e-002
461 1.216280e-004 6.831253e-003
462 2.760940e-006 6.084666e-003
463 1.164204e-004 9.463040e-003
464 1.862828e-004 3.317640e-002
465 1.299363e-004 1.343112e-002
466 5.163182e-005 1.203991e-002
467 5.342791e-005 2.181040e-002
468 5.299348e-006 3.284355e-003
469 5.175616e-004 7.225208e-003
470 1.849261e-004 1.615838e-002
471 1.470512e-004 5.714465e-003
472 3.925975e-004 5.960012e-003
473 1.000429e-003 2.516185e-002
474 2.413181e-005 7.960190e-003
475 9.499119e-005 4.049964e-003
476 1.702568e-005 4.276038e-003
477 6.956406e-005 1.620864e-002
478 2.284596e-005 4.250839e-003
479 8.343048e-006 8.868535e-003
480 1.850754e-005 8.445648e-003
481 1.009206e-004 5.228338e-003
482 1.233869e-004 5.050242e-003
483 3.683801e-005 5.820432e-003
484 1.754605e-005 5.617042e-003
485 7.851211e-004 1.473207e-002
486 4.293199e-005 6.251836e-003
487 3.553215e-004 4.506625e-002
488 5.362144e-004 3.174728e-002
489 1.879512e-003 4.949344e-002
490 8.102534e-005 2.681158e-002
491 3.852530e-004 2.391115e-002
492 1.055903e-003 2.647949e-002
493 1.864726e-005 3.704025e-003
494 4.405489e-003 9.444844e-002
495 1.251631e-004 1.344774e-002
496 9.908574e-006 1.063551e-002
497 1.047002e-003 5.738889e-002
498 1.589257e-005 6.889032e-003
499 2.042622e-005 8.203482e-003
500 1.678775e-005 8.444569e-003
501 4.072287e-004 3.405151e-002
