1 8.343103e-005 7.822337e-002
2 7.838658e-008 9.773893e-002
3 2.632277e-003 1.184488e-001
4 7.564943e-006 2.235698e-002
5 1.922932e-007 4.130717e-003
6 4.735274e-003 6.324096e-001
7 1.465398e-002 8.424586e-001
8 1.667714e-004 7.329023e-002
9 3.654647e-007 3.205882e-003
10 2.320744e-003 4.378911e-001
11 5.691100e-008 9.371493e-003
12 2.485001e-004 3.932400e-002
13 1.080098e-003 3.268506e-001
14 5.535709e-008 5.690957e-003
15 1.278813e-003 1.099549e-001
16 1.861509e-003 2.488145e-001
17 3.426065e-010 7.217048e-003
18 1.279622e-005 1.952800e-002
19 2.408302e-004 8.557912e-002
20 5.082980e-011 5.073521e-003
21 2.990857e-002 1.035663e+000
22 1.510872e-003 1.323105e-001
23 9.750997e-008 5.918321e-003
24 3.104446e-005 5.395415e-002
25 2.147828e-004 5.460847e-002
26 8.393513e-003 2.768499e-001
27 2.292672e-004 3.022669e-002
28 1.645269e-009 4.300946e-003
29 1.476112e-003 3.996010e-001
30 1.196425e-002 1.328578e+000
31 1.016579e-003 4.449505e-002
32 9.054031e-003 1.283441e-001
33 2.779941e-006 3.253253e-003
34 1.500727e-010 2.780130e-003
35 4.124790e-006 2.540970e-002
36 2.940721e-003 4.135249e-001
37 1.811667e-006 6.769538e-002
38 1.281599e-006 2.253220e-002
39 6.226663e-009 2.842613e-003
40 5.823874e-006 1.468819e-002
41 8.604747e-004 2.058637e-001
42 3.989996e-007 2.019195e-002
43 8.579959e-003 3.633404e-001
44 1.320228e-005 5.720553e-002
45 2.589494e-004 5.485680e-002
46 7.867547e-006 1.070508e-002
47 1.266958e-003 2.761840e-001
48 2.467575e-008 3.290239e-003
49 8.893483e-005 6.114448e-002
50 5.049955e-003 6.218805e-001
51 4.421125e-004 8.720780e-002
52 3.119256e-004 1.918401e-002
53 3.787902e-005 6.597169e-003
54 1.406655e-006 1.909673e-002
55 4.912815e-006 3.812829e-003
56 4.740331e-003 7.563092e-001
57 7.665497e-005 3.292195e-002
58 1.364486e-004 2.167973e-002
59 6.350919e-005 4.110016e-002
60 3.966198e-006 1.991565e-002
61 4.381918e-003 7.363102e-001
62 3.561121e-003 1.964098e-001
63 2.756799e-008 3.971522e-003
64 6.885369e-007 3.504252e-003
65 3.227020e-004 1.974124e-001
66 9.098456e-009 2.862892e-003
67 1.446275e-007 8.855081e-003
68 8.665017e-009 4.155385e-003
69 4.723140e-007 6.832506e-003
70 7.754888e-008 1.086331e-002
71 2.429536e-003 1.715043e-001
72 8.726619e-006 5.536494e-003
73 9.863890e-008 3.151890e-003
74 1.929547e-004 1.147538e-001
75 2.891188e-008 4.010507e-003
76 1.429507e-004 6.405269e-003
77 1.247773e-008 4.439856e-003
78 4.209626e-003 3.518536e-001
79 1.049241e-002 5.990183e-001
80 1.256525e-007 9.118359e-003
81 3.422188e-009 2.817604e-003
82 4.582422e-006 1.068449e-002
83 4.260309e-006 5.545617e-003
84 1.623118e-004 2.833302e-002
85 2.270955e-003 4.843037e-001
86 1.341157e-004 4.664735e-002
87 3.011646e-008 4.129823e-003
88 7.218564e-007 1.091348e-002
89 7.515400e-005 1.907318e-001
90 5.193426e-005 1.940239e-002
91 9.467640e-006 2.924933e-002
92 1.488774e-002 1.424475e+000
93 3.361063e-004 1.558019e-001
94 3.074452e-007 4.770159e-003
95 3.231938e-005 1.020784e-001
96 4.633724e-008 4.116325e-003
97 1.109969e-006 8.584348e-003
98 1.816771e-006 7.370370e-003
99 1.389279e-004 5.824969e-002
100 1.299312e-002 8.246989e-001
101 1.452337e-008 5.900249e-003
102 2.025993e-007 5.634535e-003
103 1.424630e-005 1.040459e-001
104 1.158432e-005 1.484211e-002
105 2.892056e-004 1.213799e-001
106 4.626862e-007 6.690794e-003
107 2.041249e-009 4.345379e-003
108 2.452749e-008 4.347642e-003
109 1.670793e-007 3.469803e-003
110 5.704126e-006 1.294555e-002
111 1.047523e-005 2.538557e-002
112 1.123283e-005 3.263227e-002
113 1.092039e-003 2.322277e-001
114 1.259369e-002 5.440866e-001
115 4.345994e-003 5.331622e-001
116 4.406785e-003 3.782527e-001
117 5.795508e-004 8.073311e-002
118 5.312569e-003 1.020840e+000
119 9.971038e-005 1.039237e-002
120 3.277651e-005 1.609148e-002
121 3.414507e-005 4.759526e-002
122 4.363166e-005 6.192865e-002
123 2.343791e-006 5.501165e-003
124 2.829905e-004 4.455016e-002
125 6.550060e-006 1.107280e-002
126 1.808232e-005 1.326302e-002
127 8.332993e-006 1.570766e-002
128 7.502443e-006 3.785665e-002
129 1.817196e-005 1.302439e-002
130 5.540111e-006 8.681164e-003
131 7.598619e-006 1.255657e-002
132 5.553495e-004 2.015344e-001
133 3.558124e-004 4.367365e-002
134 1.220750e-004 1.249693e-001
135 2.602528e-006 8.869694e-003
136 4.127729e-005 1.572607e-002
137 5.660371e-004 1.450622e-001
138 6.219779e-006 1.215633e-002
139 2.487951e-006 1.317925e-002
140 1.035426e-006 6.754576e-003
141 2.102652e-006 6.710813e-003
142 2.775491e-005 8.082033e-003
143 2.300612e-006 6.189798e-003
144 7.910619e-006 1.461555e-002
145 1.228594e-006 9.483282e-003
146 1.769753e-008 2.920913e-003
147 5.368650e-007 1.007923e-002
148 7.988259e-007 6.144676e-003
149 1.973065e-006 5.067087e-003
150 4.754780e-008 6.482791e-003
151 1.380803e-007 3.797310e-003
152 1.454077e-007 5.740023e-003
153 1.421957e-005 1.407664e-002
154 1.878916e-006 5.026308e-003
155 3.256693e-007 6.114514e-003
156 6.853387e-006 1.449711e-002
157 9.371131e-007 5.637995e-003
158 3.243472e-004 5.434197e-002
159 5.324317e-005 2.337475e-002
160 2.048181e-005 1.158859e-002
161 1.434606e-004 2.819002e-002
162 8.660358e-006 7.384428e-003
163 7.202066e-006 6.362842e-003
164 1.904610e-005 7.129101e-003
165 7.288296e-006 6.346420e-003
166 7.483377e-006 6.611185e-003
167 1.214806e-004 1.371051e-002
168 7.187242e-004 2.802677e-002
169 1.581821e-004 4.791629e-002
170 2.092923e-005 1.030580e-002
171 4.313600e-005 1.053565e-002
172 1.189093e-004 1.181430e-002
173 1.642085e-004 4.491192e-002
174 6.020308e-004 1.520892e-001
175 7.082902e-005 1.986295e-002
176 1.110150e-005 1.454858e-002
177 1.110150e-005 1.454858e-002
178 1.343977e-006 5.046558e-003
179 8.013795e-005 3.021299e-002
180 3.014825e-005 2.186641e-002
181 4.910405e-004 1.021269e-001
182 3.706967e-005 5.182699e-002
183 8.800275e-006 1.173995e-002
184 4.855326e-004 9.029764e-002
185 1.534404e-003 1.865313e-001
186 1.338919e-005 4.165030e-002
187 4.702554e-006 1.331510e-002
188 7.076920e-005 3.022919e-002
189 2.940848e-005 1.659284e-002
190 1.874964e-004 4.651533e-002
191 9.971631e-005 6.243966e-002
192 6.050685e-006 1.424142e-002
193 1.723298e-004 4.655450e-002
194 4.198173e-006 9.115792e-003
195 7.189301e-005 2.047265e-002
196 7.333550e-005 1.880026e-002
197 4.284154e-004 2.575821e-002
198 2.722834e-005 1.327879e-002
199 6.995274e-005 1.876374e-002
200 3.599595e-005 2.290979e-002
201 7.412588e-006 5.772704e-003
202 2.065719e-006 1.563481e-002
203 3.311288e-005 1.467562e-002
204 7.846475e-006 7.714459e-003
205 8.607730e-006 5.504354e-003
206 3.219437e-005 1.400848e-002
207 1.439863e-006 8.300138e-003
208 8.286966e-007 7.212110e-003
209 4.236697e-006 7.715101e-003
210 3.679001e-006 5.330756e-003
211 3.355448e-005 1.442632e-002
212 3.014488e-003 1.522380e-001
213 5.775930e-006 2.852496e-002
214 8.322851e-005 1.005999e-002
215 3.261505e-005 2.238594e-002
216 5.691561e-006 2.391569e-002
217 2.265833e-005 1.553991e-002
218 9.142779e-004 1.004494e-001
219 5.198848e-005 2.440170e-002
220 1.497302e-006 8.697546e-003
221 3.472025e-005 3.486791e-002
222 7.245857e-005 7.551797e-002
223 2.794867e-005 2.512800e-002
224 2.065426e-005 8.902612e-003
225 1.691391e-007 6.101961e-003
226 7.012596e-008 5.589004e-003
227 1.173553e-006 6.714880e-003
228 8.564005e-006 2.552678e-002
229 1.653670e-005 1.931258e-002
230 5.042850e-005 4.543338e-002
231 3.874076e-004 1.663592e-001
232 9.872645e-004 2.510602e-001
233 1.877352e-005 1.700922e-002
234 6.276730e-006 7.915787e-003
235 5.147052e-005 4.191048e-002
236 2.777688e-006 1.210846e-002
237 1.178822e-004 4.416359e-002
238 2.454671e-006 7.784630e-003
239 4.579898e-007 6.603644e-003
240 2.472482e-006 6.606480e-003
241 6.729863e-006 1.661982e-002
242 5.730501e-006 8.014259e-003
243 4.646382e-005 1.439095e-002
244 1.705445e-007 4.996645e-003
245 1.072968e-004 3.572225e-002
246 1.209283e-004 4.880186e-002
247 5.147052e-005 4.191048e-002
248 2.278504e-005 2.532265e-002
249 6.813321e-006 1.312712e-002
250 1.089981e-006 7.781311e-003
251 1.089981e-006 7.781311e-003
252 5.697987e-005 2.150654e-002
253 8.342577e-006 9.650769e-003
254 7.229189e-006 7.979043e-003
255 4.272633e-005 1.219660e-002
256 3.784311e-007 6.290333e-003
257 5.147052e-005 4.191048e-002
258 1.553932e-003 3.263758e-001
259 2.108644e-004 1.196563e-001
260 6.045715e-007 1.220210e-002
261 2.739945e-005 3.300150e-002
262 1.704374e-006 1.445792e-002
263 9.794389e-005 8.718473e-002
264 1.531872e-005 5.623250e-002
265 3.517847e-005 5.546699e-002
266 2.207354e-004 4.291336e-002
267 4.245989e-004 8.747530e-002
268 3.213090e-006 6.648834e-003
269 5.828712e-005 2.906819e-002
270 8.252254e-007 2.409515e-002
271 2.715328e-006 1.129820e-002
272 3.518311e-006 1.293322e-002
273 1.324608e-005 2.163034e-002
274 8.313701e-005 2.569776e-002
275 1.874663e-006 2.444019e-002
276 2.794157e-006 1.136386e-002
277 2.708619e-005 2.723306e-002
278 7.242655e-007 2.697760e-002
279 1.693520e-004 3.869244e-002
280 1.324608e-005 2.163034e-002
281 1.002112e-005 1.750704e-002
282 2.309167e-005 1.006182e-002
283 1.311633e-006 1.230685e-002
284 9.307546e-006 1.501641e-002
285 1.407257e-003 3.823339e-001
286 1.517028e-005 3.766644e-002
287 1.210641e-004 1.348421e-001
288 2.908639e-005 2.929236e-002
289 9.250107e-005 5.585564e-002
290 2.530625e-004 6.966006e-002
291 1.057155e-004 4.393868e-002
292 6.320513e-004 1.031187e-001
293 4.224414e-003 2.031054e-001
294 1.848596e-004 3.187108e-002
295 2.555979e-003 4.319519e-001
296 7.971753e-003 7.024345e-001
297 6.665243e-003 6.573602e-001
298 7.794842e-005 1.747755e-001
299 3.645542e-005 1.051907e-001
300 7.091308e-005 4.053707e-002
301 2.804991e-004 3.598722e-001
302 2.857662e-005 8.849203e-002
303 7.228528e-006 9.161867e-003
304 3.382271e-006 9.763040e-003
305 1.341626e-006 8.568498e-003
306 5.602289e-007 1.613016e-002
307 2.295197e-005 1.891725e-002
308 9.466801e-006 1.766882e-002
309 7.583609e-006 1.005675e-002
310 9.171686e-008 1.045042e-002
311 3.805129e-006 1.729447e-002
312 1.298344e-006 7.871148e-003
313 1.338081e-006 6.543124e-003
314 1.407530e-006 9.434237e-003
315 1.421368e-006 1.985397e-002
316 2.532021e-005 4.869059e-002
317 3.154884e-009 3.218413e-003
318 9.039771e-009 3.173101e-003
319 6.189023e-007 1.886625e-002
320 1.784144e-004 4.838402e-002
321 9.761034e-008 1.484940e-002
322 3.969924e-004 4.775707e-002
323 1.170137e-003 2.358502e-001
324 3.920937e-006 2.203465e-002
325 1.994773e-005 1.193125e-002
326 2.037645e-004 3.182797e-002
327 1.733143e-003 1.148152e-001
328 8.521440e-004 1.658424e-001
329 4.761244e-003 1.675771e-001
330 8.818848e-003 3.897511e-001
331 2.837836e-002 6.292507e-001
332 4.058460e-003 1.708527e-001
333 6.148384e-004 5.151447e-002
334 5.945721e-004 5.487072e-002
335 1.382591e-003 4.505101e-002
336 4.015526e-003 9.330073e-002
337 4.314079e-003 3.600049e-001
338 1.220127e-002 3.584592e-001
339 1.515263e-004 2.393913e-002
340 2.670519e-007 4.493179e-003
341 2.081971e-007 3.781871e-003
342 7.562349e-005 1.322128e-002
343 1.845332e-004 2.475308e-002
344 8.462037e-004 1.180921e-001
345 2.615721e-007 3.212004e-003
346 6.983437e-006 2.950216e-002
347 2.707036e-006 4.565627e-002
348 8.938052e-005 1.663697e-002
349 7.364558e-004 8.009661e-002
350 1.591717e-005 2.985341e-002
351 2.514032e-006 1.570198e-002
352 7.476362e-007 6.353216e-003
353 5.912132e-006 1.216722e-002
354 1.597555e-006 6.458239e-003
355 7.855460e-007 5.492084e-003
356 2.196463e-007 3.209972e-003
357 4.708515e-004 3.206956e-002
358 3.802093e-004 3.869881e-002
359 2.237240e-004 1.789635e-002
360 3.124524e-005 1.055504e-002
361 4.629165e-004 2.740852e-002
362 1.447992e-005 2.067594e-002
363 5.584128e-006 1.578098e-002
364 7.476362e-007 6.353216e-003
365 4.212731e-004 5.170256e-002
366 4.376158e-004 1.008958e-001
367 1.224693e-005 2.591244e-002
368 7.364558e-004 8.009661e-002
369 2.491055e-004 4.713776e-002
370 2.320179e-005 4.357254e-002
371 4.228523e-006 1.976989e-002
372 3.179851e-003 3.575258e-001
373 3.507740e-004 1.892809e-001
374 3.088317e-003 6.772935e-001
375 1.194093e-004 4.394740e-002
376 2.637762e-003 1.099485e-001
377 2.900100e-004 5.766410e-002
378 3.464575e-004 6.618230e-002
379 1.687917e-006 2.115605e-002
380 2.462004e-005 8.881008e-003
381 5.363408e-006 1.035186e-002
382 2.368395e-003 3.841782e-001
383 4.000574e-007 8.390273e-003
384 8.304470e-006 1.305573e-002
385 8.349776e-004 1.361940e-001
386 5.805011e-004 1.899282e-001
387 3.878305e-003 2.201986e-001
388 2.192406e-003 1.885309e-001
389 3.127424e-003 4.167569e-001
390 1.556411e-002 4.948990e-001
391 3.340129e-003 1.231316e-001
392 1.648634e-003 3.791470e-001
393 6.042868e-004 9.630664e-002
394 5.905246e-004 1.402291e-001
395 3.579945e-003 1.749955e-001
396 1.701040e-006 1.029012e-002
397 1.755373e-005 5.923428e-003
398 2.698888e-005 3.205832e-002
399 9.737521e-006 1.146474e-002
400 2.360832e-005 1.205555e-002
401 1.650301e-006 1.000063e-002
402 1.515549e-006 9.254394e-003
403 3.894441e-006 1.134545e-002
404 2.854821e-005 1.517736e-002
405 8.771454e-006 1.192415e-002
406 8.626455e-006 1.755580e-002
407 1.699187e-006 9.777401e-003
408 3.283599e-006 1.337391e-002
409 5.195667e-003 4.669857e-001
410 3.971708e-006 7.864044e-003
411 1.699187e-006 9.777401e-003
412 2.651669e-003 6.477217e-002
413 2.692813e-006 8.049904e-003
414 3.900697e-006 1.055572e-002
415 1.052388e-005 1.085156e-002
416 3.086943e-006 6.920692e-003
417 3.086943e-006 6.920692e-003
418 8.174082e-003 3.061459e-001
419 3.089410e-004 1.016045e-001
420 3.859017e-005 3.703555e-002
421 4.772476e-005 2.081575e-002
422 6.760414e-005 2.950287e-002
423 1.112023e-006 6.367814e-003
424 6.454954e-005 3.917035e-002
425 5.940189e-005 1.115548e-002
426 1.138841e-003 1.402020e-001
427 9.312814e-004 6.796047e-002
428 4.176192e-006 9.068667e-003
429 1.058188e-007 8.345861e-003
430 5.843917e-007 8.359184e-003
431 7.276872e-007 8.710196e-003
432 4.711199e-007 6.357658e-003
433 7.506093e-005 2.227256e-002
434 1.466084e-006 8.505514e-003
435 1.663627e-006 1.171347e-002
436 4.674336e-004 4.030598e-002
437 4.085824e-004 2.714159e-002
438 5.953127e-007 8.877078e-003
439 9.336679e-004 6.609154e-002
440 2.446185e-006 2.845334e-002
441 5.109163e-007 6.204946e-003
442 9.241879e-003 7.923944e-001
443 1.256043e-002 3.497139e-001
444 4.501577e-003 7.800598e-001
445 1.510267e-004 1.140845e-001
446 2.991730e-008 4.363894e-003
447 1.107854e-005 1.014354e-002
448 2.973055e-008 3.827988e-003
449 1.715833e-007 3.332480e-003
450 1.753833e-007 5.363153e-003
451 2.571702e-005 2.822093e-002
452 3.770403e-006 1.496621e-002
453 2.183941e-005 2.261114e-002
454 3.631172e-006 8.312645e-003
455 3.859603e-006 1.004653e-002
456 4.827576e-009 3.635485e-003
457 2.968989e-008 3.558421e-003
458 5.793538e-007 4.906406e-003
459 9.397931e-005 9.381076e-002
460 7.955890e-005 4.798954e-002
461 4.129796e-006 1.503548e-002
462 1.083054e-005 3.802920e-002
463 1.128681e-005 1.225836e-002
464 5.748857e-007 4.997452e-003
465 1.557573e-006 5.189955e-003
466 9.839790e-008 4.797987e-003
467 4.045382e-006 6.978707e-003
468 3.930889e-006 8.466680e-003
469 2.390881e-007 4.798995e-003
470 7.899885e-008 4.779927e-003
471 1.613336e-006 8.430426e-003
472 3.490203e-006 5.697721e-003
473 2.182816e-007 4.798624e-003
474 1.709087e-006 7.486495e-003
475 3.928012e-006 1.715212e-002
476 7.034514e-004 5.671863e-002
477 6.191921e-005 2.371720e-002
478 3.089568e-004 6.932559e-002
479 1.271583e-004 3.992597e-002
480 5.130214e-004 1.392731e-001
481 4.681356e-004 1.334537e-001
482 7.254904e-006 7.168173e-003
483 1.611725e-005 8.459124e-003
484 3.484239e-005 6.550662e-003
485 7.435044e-006 1.040685e-002
486 2.805048e-006 5.697691e-003
487 1.560998e-004 9.232765e-002
488 4.282558e-004 6.679783e-002
489 1.373129e-002 5.643935e-001
490 1.540982e-005 9.366696e-003
491 3.612742e-004 4.301870e-002
492 6.687525e-006 7.262248e-003
493 2.836622e-004 2.530590e-002
494 7.009260e-004 8.946685e-002
495 1.019361e-004 1.973365e-002
496 1.029180e-006 5.311560e-003
497 2.365989e-004 1.550172e-002
498 4.432844e-005 1.631893e-002
499 2.049701e-004 6.052106e-002
500 2.977098e-006 7.316781e-003
