2 2.003142e-003 1.216871e-001
3 5.807624e-003 6.761486e-001
4 3.838813e-003 2.573520e-001
5 1.331991e-004 1.942337e-001
6 5.989318e-003 7.125146e-001
7 1.340633e-002 3.257560e-001
8 2.246628e-003 2.933520e-001
9 2.860029e-003 1.690563e-001
10 4.829235e-003 3.957340e-002
11 7.050946e-003 4.606528e-001
12 5.359829e-003 2.532928e-001
13 1.435533e-003 2.583776e-001
14 3.410164e-003 4.632341e-001
15 7.347214e-003 5.327730e-001
16 2.430835e-003 2.639468e-001
17 1.539856e-004 9.435882e-003
18 6.142024e-003 4.771829e-001
19 6.021590e-005 8.323117e-003
20 3.032793e-004 2.357484e-001
21 1.602622e-003 8.651731e-002
22 1.097706e-002 5.956506e-001
23 1.011603e-003 5.934239e-002
24 7.008556e-003 5.118982e-001
25 2.491560e-005 2.532050e-002
26 2.996680e-003 3.354355e-001
27 8.415482e-004 3.823942e-001
28 9.415126e-005 1.816345e-002
29 4.828412e-003 7.446212e-001
30 2.039546e-004 5.385360e-002
31 5.789408e-005 6.241370e-002
32 5.383305e-003 2.782881e-001
33 5.350118e-004 1.974191e-001
34 5.165708e-003 2.254248e-001
35 1.471298e-002 7.817346e-001
36 2.280427e-005 5.257615e-002
37 6.955408e-003 2.175849e-001
38 9.795671e-003 5.445352e-001
39 1.156508e-004 6.255245e-002
40 6.520848e-003 4.283100e-001
41 1.879555e-006 8.131640e-003
42 7.908854e-004 8.925894e-002
43 2.598644e-003 1.923243e-001
44 8.677401e-007 8.547999e-003
45 6.392041e-007 6.551953e-003
46 2.706015e-005 1.197211e-002
47 1.846687e-006 1.167034e-002
48 3.608059e-008 2.901727e-003
49 1.338263e-003 2.872889e-001
50 2.801701e-006 1.055479e-002
51 1.821925e-008 3.830161e-003
52 6.054717e-008 7.584569e-003
53 2.293862e-005 5.100934e-002
54 2.714790e-007 3.893527e-003
55 2.588839e-006 7.193956e-003
56 1.011002e-006 6.463313e-003
57 1.161837e-007 5.563027e-003
58 7.514792e-005 1.146370e-002
59 1.212146e-005 8.690770e-003
60 3.646923e-006 6.697805e-003
61 1.517385e-005 1.501526e-002
62 2.949319e-005 1.647579e-002
63 1.915462e-004 2.218234e-002
64 2.617433e-005 6.937014e-003
65 1.132734e-007 5.500411e-003
66 1.527222e-006 7.681465e-003
67 2.411954e-007 3.160140e-003
68 3.454984e-006 8.056105e-003
69 3.339943e-004 5.733640e-002
70 3.112901e-004 2.985089e-002
71 1.698320e-006 8.224270e-003
72 2.266432e-004 1.415667e-002
73 4.110248e-005 2.689754e-002
74 2.133435e-006 9.498759e-003
75 1.152338e-005 7.736401e-003
76 1.185916e-004 5.194029e-002
77 2.336413e-004 7.163300e-003
78 2.956265e-006 3.453453e-002
79 3.953582e-004 1.179748e-001
80 3.557204e-007 1.375025e-002
81 1.594723e-007 3.664226e-003
82 6.084944e-005 8.015559e-002
83 1.637268e-005 1.994433e-002
84 1.051069e-004 8.743164e-002
85 3.271342e-005 1.787564e-002
86 2.251632e-004 4.747118e-002
87 5.495361e-003 1.978759e-001
88 7.416896e-007 6.745126e-003
89 1.593744e-005 1.733893e-002
90 1.840537e-006 9.938835e-003
91 2.876581e-007 4.068443e-003
92 8.303432e-007 7.125269e-003
93 8.955392e-007 1.277686e-002
94 4.122280e-007 7.368436e-003
95 2.633506e-006 9.059132e-003
96 3.044500e-003 3.990208e-001
97 2.580681e-007 6.815754e-003
98 4.158082e-004 1.203388e-001
99 1.544075e-004 2.378321e-001
100 1.475629e-002 5.243356e-001
101 6.929979e-004 3.984815e-001
102 7.273566e-007 1.169345e-002
103 1.426573e-004 7.982789e-002
104 6.679223e-006 4.620895e-002
105 7.138500e-004 1.235763e-001
106 2.313221e-004 2.396270e-002
107 2.684296e-006 3.187605e-002
108 8.868658e-005 1.383285e-002
109 5.034723e-004 9.480934e-002
110 8.478337e-007 4.365249e-003
111 1.316227e-005 3.075260e-002
112 3.028467e-004 6.728167e-002
113 1.115055e-003 1.087295e-001
114 3.630358e-005 8.622914e-002
115 3.862642e-004 2.921459e-002
116 1.467938e-003 5.067960e-002
117 2.130948e-006 4.352596e-003
118 3.135878e-006 7.116485e-003
119 6.778159e-003 5.092475e-001
120 6.900240e-003 1.118664e-001
121 6.634961e-009 4.424779e-003
122 2.057760e-006 7.975796e-003
123 2.089720e-003 1.856507e-001
124 4.249825e-004 8.309607e-002
125 3.197262e-006 2.950350e-002
126 3.273813e-005 8.492509e-003
127 8.690480e-007 8.699893e-003
128 3.239698e-003 4.490001e-001
129 2.080346e-004 4.694355e-002
130 1.803832e-006 4.287247e-003
131 3.769066e-004 1.586168e-001
132 2.750185e-007 6.157571e-003
133 3.372403e-003 5.450606e-001
134 1.733583e-005 2.072490e-002
135 7.583997e-005 4.311467e-002
136 1.821301e-006 9.381622e-003
137 3.785483e-006 5.813005e-003
138 4.843860e-007 1.234433e-002
139 5.017590e-008 5.634171e-003
140 1.052684e-007 1.264598e-002
141 3.238023e-005 3.340214e-002
142 2.932332e-003 2.828978e-001
143 2.404052e-005 7.090532e-003
144 3.501537e-006 4.138757e-003
145 4.434119e-004 3.281215e-002
146 1.058114e-005 1.744234e-002
147 9.867426e-004 1.914426e-001
148 3.970570e-006 3.920920e-003
149 8.630327e-006 1.335598e-002
150 2.004505e-007 2.962536e-003
151 1.403770e-007 1.016213e-002
152 4.737462e-008 1.246930e-002
153 1.349022e-005 1.064685e-002
154 6.937245e-005 2.308190e-002
155 2.204096e-007 4.774434e-003
156 9.339952e-004 1.308544e-001
157 6.176711e-007 4.101318e-003
158 1.277535e-006 9.920494e-003
159 6.815524e-007 5.505026e-003
160 2.351239e-005 1.434823e-002
161 4.551770e-006 8.168074e-003
162 3.747037e-005 2.009898e-002
163 6.070025e-004 5.817468e-002
164 1.282486e-003 7.329189e-002
165 3.829150e-005 1.368701e-002
166 6.733093e-007 4.499044e-003
167 1.712193e-006 4.026619e-003
168 3.401778e-005 2.326121e-002
169 1.978681e-003 1.017123e-001
170 2.454380e-004 4.053389e-002
171 1.178750e-004 3.964719e-002
172 9.311340e-004 2.720258e-002
173 1.060812e-005 3.455255e-003
174 3.159181e-005 4.218908e-003
175 2.161798e-007 3.612785e-003
176 4.887927e-003 3.067581e-001
177 2.074274e-007 8.243607e-003
178 1.708001e-004 2.346066e-002
179 1.730393e-004 1.519333e-002
180 5.881109e-006 4.519919e-003
181 4.333926e-004 8.639675e-002
182 2.312917e-005 1.106383e-002
183 4.393925e-006 1.130814e-002
184 8.420371e-003 3.318929e-001
185 6.936499e-005 1.312675e-002
186 3.772695e-007 1.298593e-002
187 2.386593e-003 2.190985e-001
188 1.070941e-004 1.799239e-002
189 1.335510e-008 3.306994e-003
190 5.623397e-006 1.364888e-002
191 1.923806e-005 2.484807e-002
192 2.056313e-004 2.342672e-002
193 9.523384e-006 4.776158e-002
194 2.056313e-004 2.342672e-002
195 9.987222e-004 5.688223e-002
196 2.083993e-006 7.763084e-003
197 8.083560e-004 1.255823e-001
198 3.909667e-003 9.147473e-002
199 1.290685e-003 1.736512e-001
200 1.448481e-003 6.590673e-002
201 5.133574e-007 5.295397e-003
202 1.492626e-003 5.731837e-002
203 8.827719e-003 2.866235e-001
204 1.268480e-006 3.546927e-003
205 1.001294e-003 1.402477e-001
206 3.187734e-010 8.527743e-003
207 1.053009e-004 2.274299e-001
208 9.225278e-005 7.100585e-002
209 6.479017e-004 1.263212e-001
210 6.808942e-004 1.909191e-001
211 2.435631e-004 2.400558e-002
212 5.417151e-004 4.390502e-002
213 1.512092e-005 1.303606e-002
214 2.447607e-004 3.316038e-002
215 6.368681e-009 4.065973e-003
216 2.356808e-005 6.435840e-003
217 9.368438e-006 3.381600e-002
218 9.340453e-007 1.344927e-002
219 7.282928e-007 6.077355e-003
220 9.024879e-005 2.730595e-002
221 3.330542e-005 3.389067e-002
222 4.358401e-004 7.586644e-002
223 5.737366e-004 3.527490e-002
224 1.351980e-006 3.093194e-003
225 1.033120e-004 3.548886e-002
226 1.527972e-008 3.754648e-003
227 8.911955e-005 4.057987e-002
228 1.172652e-005 1.541910e-002
229 4.165308e-003 4.305474e-001
230 4.368297e-003 2.635480e-001
231 4.965844e-006 1.428034e-002
232 4.768891e-004 1.540290e-001
233 7.519453e-006 2.327541e-002
234 1.439413e-005 1.585808e-002
235 3.757230e-005 1.558987e-002
236 3.410336e-003 2.172858e-001
237 3.075023e-007 3.750965e-003
238 9.691153e-005 1.826276e-002
239 2.965898e-005 1.464119e-002
240 1.029498e-004 7.397536e-002
241 3.312811e-003 1.749364e-001
242 6.709979e-006 1.313448e-002
243 2.298650e-007 6.471260e-003
244 1.218900e-005 4.735259e-003
245 3.967379e-005 1.288662e-002
246 6.860313e-005 1.803999e-002
247 3.940162e-006 7.217924e-003
248 9.936248e-004 3.733856e-002
249 1.589586e-005 6.841043e-002
250 6.269146e-005 5.641263e-002
251 7.498387e-005 7.674201e-003
252 1.271511e-003 3.452932e-001
253 1.646055e-004 2.612856e-002
254 7.083929e-003 6.076046e-002
255 2.696863e-006 1.630160e-002
256 1.225171e-007 3.223578e-003
257 2.031241e-004 3.220733e-002
258 7.071880e-004 4.065783e-002
259 2.211521e-007 4.633798e-003
260 3.973481e-004 1.486985e-002
261 7.660321e-005 1.178503e-002
262 6.559950e-008 3.500065e-003
263 3.082154e-005 1.925096e-002
264 1.785904e-004 4.476759e-002
265 5.723626e-004 1.961392e-002
266 6.192749e-004 2.316491e-002
267 7.113139e-005 1.217895e-002
268 2.012077e-005 4.548814e-003
269 1.623016e-007 8.040799e-003
270 9.857213e-010 4.708407e-003
271 3.772581e-003 1.499914e-001
272 2.100413e-005 1.224515e-002
273 5.377374e-005 1.548650e-002
274 5.344503e-004 1.845707e-002
275 3.227740e-004 1.133343e-002
276 1.769840e-007 2.854824e-003
277 3.010038e-005 1.888642e-002
278 2.386904e-005 1.469670e-002
279 1.170146e-005 5.048608e-003
280 3.651113e-003 1.732805e-001
281 2.392202e-004 6.623832e-002
282 5.267703e-004 2.973451e-002
283 2.485529e-003 1.091919e-001
284 3.950579e-007 1.350920e-002
285 1.936275e-004 4.192282e-002
286 1.982171e-006 8.222390e-003
287 5.088984e-005 1.214130e-002
288 1.048478e-005 1.090516e-002
289 8.434194e-006 7.736895e-003
290 1.420804e-005 1.856363e-002
291 3.028921e-006 3.747771e-002
292 4.642295e-004 6.161100e-002
293 1.878877e-007 3.985090e-003
294 7.384806e-008 8.933223e-003
295 7.213636e-006 1.017196e-002
296 1.385010e-005 5.186437e-002
297 5.120705e-006 8.876563e-003
298 1.706180e-007 3.959437e-003
299 4.850829e-006 7.724400e-003
300 1.024601e-005 8.673010e-003
301 8.176467e-003 6.406843e-001
302 2.792573e-005 6.345192e-003
303 1.282630e-003 1.595882e-001
304 7.001899e-007 4.301123e-003
305 1.172397e-003 4.432435e-002
306 8.285775e-006 5.983786e-003
307 9.732893e-003 2.602445e-001
308 1.217682e-003 1.221832e-001
309 2.461871e-004 8.823877e-002
310 7.383793e-005 4.680331e-002
311 2.061338e-004 1.501542e-002
312 2.401613e-004 7.023320e-002
313 1.646347e-003 7.379273e-002
314 1.317876e-005 4.550658e-003
315 1.330485e-005 5.749386e-002
316 1.919101e-002 4.512984e-001
317 5.434932e-004 7.974869e-002
318 9.977897e-004 2.302246e-001
319 3.390931e-003 1.619748e-001
320 1.669484e-004 7.101308e-003
321 5.961788e-005 1.239539e-002
322 2.449344e-006 7.747976e-003
323 6.855749e-003 8.164611e-001
324 4.563939e-006 5.660023e-003
325 4.308162e-005 1.103571e-002
326 3.948850e-006 6.283232e-003
327 9.548328e-005 8.963531e-003
328 3.760979e-004 4.434063e-002
329 4.570949e-003 2.665732e-001
330 3.466607e-007 2.886400e-003
331 2.100494e-004 9.223588e-002
332 6.714141e-005 1.486046e-002
333 2.065178e-004 2.141127e-002
334 1.959576e-006 9.636250e-003
335 2.403902e-007 1.131845e-002
336 9.486772e-005 2.013082e-002
337 2.496228e-007 4.466852e-003
338 7.556643e-003 1.853545e-001
339 1.293015e-003 2.331105e-002
340 3.159554e-005 8.320676e-002
341 7.386872e-004 6.305106e-002
342 1.197012e-004 6.404957e-002
343 5.982033e-007 4.845066e-003
344 6.968394e-004 1.633313e-001
345 1.022116e-003 9.030874e-002
346 1.135814e-004 2.105678e-001
347 1.615709e-009 3.687302e-003
348 3.118261e-003 1.265741e-001
349 1.738651e-004 1.317718e-002
350 3.082984e-007 5.733185e-003
351 6.053697e-003 3.777411e-001
352 1.033288e-004 1.839462e-002
353 1.067745e-007 3.640073e-003
354 3.882825e-004 9.873887e-002
355 2.893119e-004 4.239942e-002
356 6.696431e-005 8.983297e-003
357 1.257976e-003 1.164043e-001
358 1.172608e-007 7.064711e-003
359 1.897853e-007 5.737969e-003
360 4.051657e-006 3.807926e-003
361 2.064614e-005 1.345130e-002
362 2.088341e-005 8.709577e-002
363 8.615368e-003 1.648617e-001
364 3.084745e-004 1.440339e-001
365 2.371953e-005 8.849873e-002
366 1.632008e-005 8.786411e-003
367 6.683440e-005 8.013582e-003
368 4.845387e-003 3.440187e-001
369 1.477589e-005 7.532297e-003
370 6.646118e-004 1.089851e-001
371 5.387961e-004 2.682339e-002
372 8.665323e-003 6.747621e-001
373 6.373996e-005 1.452015e-002
374 3.890101e-007 8.877253e-003
375 1.095024e-007 4.669284e-003
376 7.954480e-006 1.212466e-002
377 1.730741e-003 6.169165e-002
378 1.236110e-005 1.042185e-002
379 7.833425e-005 3.335494e-002
380 1.466412e-003 1.621934e-001
381 2.459465e-004 7.274146e-002
382 2.050235e-006 5.956760e-003
383 9.061198e-004 4.875031e-002
384 1.120588e-004 7.764239e-003
385 2.451589e-003 1.265102e-001
386 7.179564e-005 6.106426e-003
387 2.103523e-004 6.052631e-002
388 2.418354e-006 3.550769e-002
389 1.260251e-004 1.543569e-002
390 2.505236e-007 5.583539e-003
391 4.171511e-005 2.005786e-002
392 2.682895e-003 2.803896e-001
393 6.555033e-008 3.315472e-003
394 5.650829e-003 2.345290e-001
395 5.625556e-006 1.796690e-002
396 3.803087e-006 1.751964e-002
397 8.182160e-005 1.559179e-002
398 4.148843e-007 5.479695e-003
399 8.907216e-005 6.464051e-003
400 2.073289e-004 3.108072e-002
401 7.257267e-007 4.403598e-003
402 1.094297e-004 2.858724e-002
403 2.864075e-004 6.097169e-002
404 6.159439e-006 1.678105e-002
405 3.882994e-006 7.135937e-003
406 9.651694e-006 1.161578e-002
407 3.733156e-005 3.379591e-002
408 1.422588e-004 1.504337e-001
409 9.421996e-006 3.075023e-002
410 3.462436e-005 1.243380e-002
411 1.132440e-005 1.946623e-002
412 9.906601e-005 2.628222e-002
413 4.975632e-004 4.433492e-002
414 1.429106e-005 1.319836e-002
415 2.365396e-007 4.024358e-003
416 3.397606e-004 7.408390e-002
417 2.198515e-004 7.441350e-003
418 1.846194e-003 5.262594e-002
419 2.112134e-003 1.678918e-001
420 1.228239e-005 7.337572e-003
421 1.128998e-005 2.045658e-002
422 7.947195e-004 9.779444e-002
423 6.788149e-004 1.521334e-002
424 4.007690e-005 9.366074e-003
425 2.850806e-004 3.548532e-002
426 1.150022e-005 1.366462e-002
427 2.853528e-004 1.194594e-001
428 1.139828e-005 2.188951e-002
429 2.502222e-004 3.004411e-002
430 1.291908e-005 8.491145e-003
431 4.363646e-007 3.435001e-003
432 2.925171e-006 7.763150e-003
433 1.090906e-008 3.548872e-003
434 1.594850e-005 1.401647e-002
435 4.484622e-004 4.048077e-002
436 5.553586e-007 3.576505e-003
437 2.674226e-004 8.943404e-002
438 1.061263e-008 3.500311e-003
439 1.497772e-006 4.519506e-003
440 8.552204e-006 1.164797e-002
441 2.786120e-004 3.434004e-002
442 2.453167e-007 6.259358e-003
443 1.089320e-005 7.747001e-003
444 2.575949e-004 4.949796e-002
445 5.837079e-004 5.218734e-002
446 1.995612e-005 6.243226e-003
447 5.678262e-006 5.150561e-003
448 4.304475e-003 1.473342e-001
449 6.546703e-007 4.053571e-003
450 1.550167e-005 1.574742e-002
451 4.766645e-007 4.982546e-003
452 3.065176e-003 4.577792e-001
453 6.127943e-005 2.938935e-002
454 5.806199e-004 8.475643e-002
455 1.559452e-003 3.062724e-002
456 1.029753e-003 3.211994e-001
457 5.369733e-004 4.689751e-002
458 2.387705e-004 6.034265e-002
459 9.461688e-006 1.521456e-001
460 1.821437e-004 3.762054e-002
461 1.418041e-005 1.020218e-002
462 5.557472e-007 6.129068e-003
463 2.415327e-004 2.346868e-002
464 1.034526e-006 3.502558e-002
465 2.509613e-005 1.828838e-002
466 4.377803e-004 1.628504e-002
467 3.265116e-007 2.212341e-002
468 1.651023e-009 3.298345e-003
469 8.383494e-004 6.118223e-002
470 2.870677e-004 3.394201e-002
471 9.281508e-007 6.528747e-003
472 3.359826e-005 1.280807e-002
473 1.826916e-003 1.590436e-001
474 9.076100e-004 1.603523e-002
475 2.700466e-005 5.482222e-003
476 6.973379e-007 4.445429e-003
477 5.125303e-005 1.738445e-002
478 2.318864e-007 4.427117e-003
479 6.377518e-007 9.100780e-003
480 2.367061e-005 1.074471e-002
481 3.525949e-005 6.526994e-003
482 1.199517e-007 6.120923e-003
483 6.196595e-008 6.061701e-003
484 1.941108e-006 5.806885e-003
485 3.193197e-005 3.470233e-002
486 1.120063e-003 2.659498e-002
487 1.514241e-003 7.988587e-002
488 7.734609e-006 3.595071e-002
489 1.436987e-003 1.163486e-001
490 1.325536e-004 3.268776e-002
491 4.594554e-004 1.282279e-001
492 2.211634e-004 1.008753e-001
493 1.438034e-005 4.395364e-003
494 1.679611e-002 4.799509e-001
495 1.621902e-003 4.748921e-002
496 2.404046e-006 1.117828e-002
497 4.851487e-004 1.563477e-001
498 5.672750e-007 7.040330e-003
499 1.590256e-006 8.483519e-003
500 5.259501e-007 9.318169e-003
501 1.386462e-003 5.355422e-002
