1 2.212802e-004 7.402372e-002
2 6.434862e-006 9.771454e-002
3 2.710897e-003 6.087073e-002
4 3.235379e-004 2.113447e-002
5 1.932838e-007 4.122310e-003
6 3.620528e-003 3.310249e-001
7 3.345917e-002 5.540551e-001
8 2.067950e-004 6.799075e-002
9 3.665755e-007 3.201605e-003
10 6.120946e-003 3.195006e-001
11 9.586536e-007 9.363844e-003
12 2.146325e-004 3.184021e-002
13 2.167718e-003 2.211086e-001
14 3.356680e-007 5.688627e-003
15 5.004979e-004 7.254390e-002
16 8.405768e-004 2.255370e-001
17 2.626136e-008 7.216887e-003
18 4.701292e-006 1.915385e-002
19 6.477597e-004 7.465507e-002
20 4.225928e-009 5.073492e-003
21 5.000612e-003 6.574927e-001
22 1.290360e-003 9.694396e-002
23 1.954799e-007 5.904020e-003
24 8.278589e-005 5.066137e-002
25 2.382398e-004 4.566020e-002
26 5.029144e-004 9.695265e-002
27 8.393399e-005 2.578300e-002
28 3.587941e-007 4.295689e-003
29 4.018763e-003 3.481485e-001
30 3.432636e-002 8.640715e-001
31 7.910014e-005 3.574384e-002
32 1.847817e-003 3.660480e-002
33 9.850659e-007 3.199701e-003
34 6.419840e-009 2.780085e-003
35 5.629914e-005 2.442454e-002
36 1.126706e-003 3.770192e-001
37 3.108448e-005 6.758219e-002
38 9.100845e-006 2.246855e-002
39 2.354762e-007 2.840695e-003
40 9.341926e-005 1.370704e-002
41 4.721368e-003 1.343476e-001
42 2.286989e-006 2.017450e-002
43 1.255045e-003 1.375051e-001
44 1.927340e-004 5.434029e-002
45 2.509256e-004 3.402138e-002
46 1.705879e-005 1.004674e-002
47 3.337344e-003 1.653646e-001
48 7.111827e-007 3.277193e-003
49 4.793308e-004 5.095862e-002
50 1.130434e-002 3.583229e-001
51 1.093500e-003 7.243018e-002
52 1.492403e-004 1.078682e-002
53 3.611369e-005 5.786739e-003
54 2.534420e-005 1.899425e-002
55 2.490533e-006 3.749975e-003
56 9.638087e-003 4.834231e-001
57 2.124180e-004 3.106635e-002
58 1.084459e-005 2.081112e-002
59 3.871799e-004 3.842834e-002
60 6.362076e-005 1.924747e-002
61 4.351784e-003 5.217401e-001
62 3.441941e-003 6.875843e-002
63 4.092323e-007 3.968050e-003
64 4.196109e-006 3.415639e-003
65 1.685319e-003 1.637106e-001
66 1.224153e-007 2.861911e-003
67 6.608194e-006 8.830907e-003
68 3.005193e-007 4.154217e-003
69 7.011252e-006 6.773016e-003
70 1.098933e-006 1.085430e-002
71 9.266730e-004 4.582291e-002
72 7.572395e-006 5.232076e-003
73 1.277004e-006 3.133220e-003
74 3.352535e-003 9.959052e-002
75 4.349247e-007 4.006489e-003
76 1.904666e-005 3.563589e-003
77 4.703366e-007 4.436528e-003
78 4.090002e-003 1.689203e-001
79 3.996196e-003 3.135235e-001
80 6.893425e-007 9.111094e-003
81 1.363422e-007 2.816757e-003
82 2.734173e-005 1.015535e-002
83 3.103270e-006 4.737865e-003
84 7.357047e-005 2.447606e-002
85 6.347696e-003 3.465434e-001
86 6.124607e-005 4.176310e-002
87 4.881335e-007 4.121290e-003
88 4.294880e-006 1.075015e-002
89 1.783122e-004 1.876707e-001
90 2.321918e-005 1.819427e-002
91 6.901170e-005 2.799280e-002
92 3.924919e-002 7.386202e-001
93 7.863378e-004 1.095319e-001
94 4.317272e-006 4.700832e-003
95 1.144149e-003 8.743774e-002
96 5.618303e-007 4.101443e-003
97 1.531433e-005 8.474041e-003
98 2.051037e-006 7.338022e-003
99 3.628462e-004 4.539552e-002
100 1.384667e-002 5.249805e-001
101 1.200658e-006 5.876503e-003
102 1.288580e-006 5.612486e-003
103 2.311108e-004 1.026562e-001
104 1.830050e-004 1.343407e-002
105 4.517311e-003 7.820355e-002
106 7.358058e-006 6.618734e-003
107 3.983181e-007 4.338747e-003
108 1.534158e-007 4.346135e-003
109 1.040843e-006 3.444669e-003
110 3.312702e-005 1.251771e-002
111 2.514565e-005 2.503957e-002
112 1.055850e-003 2.683636e-002
113 2.936967e-003 1.470427e-001
114 6.087973e-003 3.073903e-001
115 1.009437e-002 2.929049e-001
116 1.219901e-002 2.419838e-001
117 2.392869e-004 7.096393e-002
118 3.446827e-002 6.988069e-001
119 4.456531e-005 8.910712e-003
120 9.420514e-005 1.512796e-002
121 2.294941e-004 4.395714e-002
122 7.602454e-004 5.859176e-002
123 1.396461e-005 5.247219e-003
124 6.972099e-004 2.692636e-002
125 2.751536e-004 1.003045e-002
126 1.182156e-004 1.172770e-002
127 5.447804e-005 1.500013e-002
128 7.657812e-004 3.503257e-002
129 3.053010e-004 1.115448e-002
130 9.307759e-005 8.111084e-003
131 1.276619e-004 1.177467e-002
132 3.750240e-003 1.509754e-001
133 3.585516e-004 3.064181e-002
134 3.835556e-003 9.931683e-002
135 4.372421e-005 8.601893e-003
136 1.107773e-004 1.196819e-002
137 1.697318e-003 1.214145e-001
138 4.264031e-005 1.179418e-002
139 4.179925e-005 1.292324e-002
140 6.340624e-006 6.653249e-003
141 5.233045e-006 6.614507e-003
142 1.258282e-005 7.006546e-003
143 3.884538e-005 5.891914e-003
144 1.165464e-004 1.356512e-002
145 4.503299e-005 9.288348e-003
146 2.655870e-007 2.917700e-003
147 1.967830e-005 9.994047e-003
148 2.201221e-006 6.102030e-003
149 1.296377e-005 4.864639e-003
150 1.997378e-006 6.475224e-003
151 2.319841e-006 3.783101e-003
152 9.819293e-007 5.726785e-003
153 3.874173e-005 1.324870e-002
154 1.288109e-005 4.916907e-003
155 8.974044e-007 6.097128e-003
156 1.151415e-004 1.379190e-002
157 1.574413e-005 5.541566e-003
158 9.873724e-004 4.551747e-002
159 3.554983e-004 1.789601e-002
160 4.673888e-005 1.043946e-002
161 3.277604e-004 1.512063e-002
162 1.978608e-005 6.595462e-003
163 6.714285e-006 5.982229e-003
164 1.754607e-005 6.177381e-003
165 6.714285e-006 5.982229e-003
166 6.714285e-006 5.982229e-003
167 4.321486e-005 7.449136e-003
168 1.047174e-004 7.815035e-003
169 8.153154e-004 3.187395e-002
170 1.996781e-005 8.678196e-003
171 9.706409e-005 7.260233e-003
172 4.353482e-005 5.872483e-003
173 3.558917e-004 1.918844e-002
174 1.304791e-003 5.778023e-002
175 6.812307e-005 1.482978e-002
176 5.846233e-005 1.036226e-002
177 5.846233e-005 1.036226e-002
178 2.888053e-006 4.791384e-003
179 7.707636e-005 2.451831e-002
180 1.633758e-004 1.482654e-002
181 4.722808e-004 6.723309e-002
182 2.179851e-004 4.555755e-002
183 5.174928e-005 1.025159e-002
184 1.175044e-003 5.579524e-002
185 1.388611e-003 8.200311e-002
186 1.643638e-004 3.329490e-002
187 5.878150e-005 1.188471e-002
188 1.712696e-004 2.520027e-002
189 7.117188e-005 1.450305e-002
190 4.269595e-004 3.374252e-002
191 2.761021e-004 4.716090e-002
192 1.341422e-005 1.372464e-002
193 2.019338e-004 3.935923e-002
194 1.107856e-005 8.733825e-003
195 2.073590e-004 1.432472e-002
196 8.724261e-005 1.598644e-002
197 2.048545e-004 1.022565e-002
198 7.764946e-005 1.081243e-002
199 7.044132e-005 1.539082e-002
200 1.867125e-004 1.951346e-002
201 8.318157e-006 5.177188e-003
202 3.189014e-005 1.535227e-002
203 2.847482e-005 1.335300e-002
204 8.950253e-006 7.121029e-003
205 3.765790e-006 5.172636e-003
206 2.768496e-005 1.272255e-002
207 3.685111e-006 8.217144e-003
208 1.793133e-006 7.179009e-003
209 1.166141e-005 7.517950e-003
210 3.765790e-006 5.172636e-003
211 2.885456e-005 1.308607e-002
212 5.324808e-004 3.223577e-002
213 8.916761e-005 2.773495e-002
214 2.187073e-004 7.826507e-003
215 8.400346e-005 2.098418e-002
216 2.952236e-005 2.337867e-002
217 2.887799e-005 1.475885e-002
218 4.319774e-004 3.062242e-002
219 1.550262e-004 2.234225e-002
220 3.856457e-006 8.633193e-003
221 8.942562e-005 3.337566e-002
222 4.473750e-004 6.815387e-002
223 7.606164e-005 2.369232e-002
224 6.359919e-006 8.371743e-003
225 1.857729e-006 6.002162e-003
226 8.181561e-007 5.569622e-003
227 5.376980e-006 6.425340e-003
228 3.923851e-005 2.341386e-002
229 3.364418e-005 1.748622e-002
230 2.459461e-004 3.215275e-002
231 7.113654e-004 1.330814e-001
232 1.812834e-003 1.662555e-001
233 4.064739e-005 1.532265e-002
234 1.372444e-005 7.262402e-003
235 1.114412e-004 3.728649e-002
236 1.553048e-005 1.151751e-002
237 1.114412e-004 3.728649e-002
238 1.372444e-005 7.262402e-003
239 5.766755e-006 6.385608e-003
240 5.766755e-006 6.385608e-003
241 3.762768e-005 1.518805e-002
242 1.253008e-005 7.417734e-003
243 4.435948e-005 1.103226e-002
244 2.147402e-006 4.915453e-003
245 4.231372e-005 3.304851e-002
246 2.618273e-004 3.793795e-002
247 1.114412e-004 3.728649e-002
248 1.110993e-004 2.078222e-002
249 3.809431e-005 1.167760e-002
250 1.372444e-005 7.262402e-003
251 1.372444e-005 7.262402e-003
252 4.824679e-005 1.878503e-002
253 1.806289e-005 8.901292e-003
254 1.521779e-005 7.495806e-003
255 3.617783e-005 1.015588e-002
256 2.115865e-006 6.209822e-003
257 1.114412e-004 3.728649e-002
258 3.796020e-003 1.932242e-001
259 5.220028e-004 9.913721e-002
260 1.496640e-006 1.214327e-002
261 1.687506e-004 3.003551e-002
262 4.219241e-006 1.429207e-002
263 1.076645e-004 8.282018e-002
264 4.249781e-005 5.473710e-002
265 8.708563e-005 5.204379e-002
266 9.704292e-005 3.487802e-002
267 1.177939e-003 4.602644e-002
268 7.954125e-006 6.336170e-003
269 1.423866e-004 2.407375e-002
270 2.042877e-006 2.401485e-002
271 6.721897e-006 1.103397e-002
272 1.935554e-005 1.226500e-002
273 1.311456e-005 2.058476e-002
274 3.654990e-005 2.267136e-002
275 4.640798e-006 2.425777e-002
276 3.071467e-006 1.123935e-002
277 1.490112e-004 2.208872e-002
278 4.460682e-006 2.689920e-002
279 1.861596e-004 3.114583e-002
280 1.311456e-005 2.058476e-002
281 2.480765e-005 1.653189e-002
282 5.640945e-005 8.083166e-003
283 1.441808e-006 1.224840e-002
284 9.402069e-006 1.441895e-002
285 3.904068e-003 2.449591e-001
286 3.755459e-005 3.619023e-002
287 1.006977e-004 1.257058e-001
288 7.200445e-005 2.646199e-002
289 9.297489e-005 5.044624e-002
290 1.022381e-004 5.531299e-002
291 1.046659e-004 3.559404e-002
292 6.257756e-004 5.322781e-002
293 7.578391e-004 9.104608e-002
294 8.127065e-005 2.514171e-002
295 6.106769e-003 2.519556e-001
296 7.141838e-003 3.336007e-001
297 6.203440e-003 3.662070e-001
298 1.879876e-004 1.709829e-001
299 8.907959e-005 9.981415e-002
300 1.531951e-004 3.621937e-002
301 1.357086e-003 2.969809e-001
302 1.624921e-004 8.597682e-002
303 1.808539e-005 8.671699e-003
304 2.044121e-005 9.389451e-003
305 7.459522e-006 8.387156e-003
306 8.004811e-006 1.603287e-002
307 2.041274e-005 1.733903e-002
308 8.419468e-006 1.701787e-002
309 1.897378e-005 9.542508e-003
310 5.026221e-007 1.044303e-002
311 8.419468e-006 1.701787e-002
312 1.154706e-006 7.781872e-003
313 2.936360e-006 6.343065e-003
314 7.825950e-006 9.243987e-003
315 3.176522e-006 1.967589e-002
316 1.407818e-004 4.526817e-002
317 4.530419e-008 3.217705e-003
318 1.256724e-007 3.171371e-003
319 8.361297e-006 1.866700e-002
320 1.339707e-004 2.991378e-002
321 1.394702e-006 1.483245e-002
322 3.160877e-004 1.633020e-002
323 3.204630e-003 1.687893e-001
324 3.726023e-004 2.039650e-002
325 2.504025e-005 1.097856e-002
326 1.007445e-004 2.994442e-002
327 1.706564e-003 8.416406e-002
328 1.860201e-003 1.178894e-001
329 1.936014e-003 8.870172e-002
330 3.544847e-003 2.177214e-001
331 1.176572e-002 2.899387e-001
332 4.183188e-003 1.009193e-001
333 2.377873e-004 3.572329e-002
334 2.341474e-004 4.568841e-002
335 2.637867e-004 3.291183e-002
336 1.664844e-003 4.528822e-002
337 4.814875e-003 2.634972e-001
338 5.141079e-003 1.859885e-001
339 4.409306e-004 1.418779e-002
340 6.903338e-007 4.473682e-003
341 1.312225e-006 3.754476e-003
342 7.330307e-005 9.719647e-003
343 4.408657e-004 1.133150e-002
344 2.108339e-003 7.767754e-002
345 6.014791e-007 3.201636e-003
346 1.090326e-004 2.804270e-002
347 4.009973e-005 4.526442e-002
348 3.910095e-005 1.393694e-002
349 1.823684e-003 4.929082e-002
350 3.779888e-005 2.933966e-002
351 1.535033e-005 1.547424e-002
352 4.584769e-006 6.299979e-003
353 3.660584e-005 1.177168e-002
354 3.849853e-006 6.350147e-003
355 2.645894e-005 5.244758e-003
356 5.413985e-007 3.196724e-003
357 2.089727e-004 1.748379e-002
358 4.399684e-004 1.750988e-002
359 9.929288e-005 1.096595e-002
360 1.386722e-005 9.587138e-003
361 2.054510e-004 1.306855e-002
362 3.623364e-005 2.009889e-002
363 1.535033e-005 1.547424e-002
364 4.584769e-006 6.299979e-003
365 4.874865e-004 2.822515e-002
366 1.294887e-003 4.844374e-002
367 7.870708e-005 2.429316e-002
368 1.823684e-003 4.929082e-002
369 6.402750e-004 2.608406e-002
370 2.376816e-005 4.231837e-002
371 8.943108e-006 1.960733e-002
372 2.878751e-003 2.057826e-001
373 5.041683e-003 1.290845e-001
374 1.276587e-002 4.520100e-001
375 3.490576e-004 3.470576e-002
376 9.026545e-004 4.654907e-002
377 6.012017e-004 3.320685e-002
378 2.760012e-004 3.508234e-002
379 4.856770e-006 2.102172e-002
380 2.357543e-005 6.656792e-003
381 1.521074e-005 1.010710e-002
382 2.621137e-003 9.630906e-002
383 1.134571e-006 8.372017e-003
384 2.343430e-005 1.271383e-002
385 3.779681e-004 1.213189e-001
386 2.330552e-004 1.814300e-001
387 3.855262e-003 1.019797e-001
388 8.951412e-004 1.269102e-001
389 3.299651e-003 3.389173e-001
390 6.589635e-003 2.262644e-001
391 5.502544e-004 9.114154e-002
392 4.066601e-003 2.547845e-001
393 2.534019e-004 8.174454e-002
394 2.900558e-004 1.134093e-001
395 2.822107e-004 1.226897e-001
396 8.821259e-006 1.010801e-002
397 6.947318e-006 5.555730e-003
398 1.901643e-004 2.909677e-002
399 1.112143e-005 1.119089e-002
400 2.696357e-005 1.139162e-002
401 1.061999e-005 9.886567e-003
402 3.979694e-006 9.199510e-003
403 1.112143e-005 1.119089e-002
404 2.998164e-005 1.444707e-002
405 2.236339e-005 1.142911e-002
406 2.568845e-005 1.707219e-002
407 4.461911e-006 9.715866e-003
408 2.444887e-005 1.309083e-002
409 3.522091e-003 3.545800e-001
410 9.583855e-006 7.721103e-003
411 4.461911e-006 9.715866e-003
412 2.153866e-004 1.707365e-002
413 2.005003e-005 7.817753e-003
414 1.072864e-005 1.036470e-002
415 2.894530e-005 1.033619e-002
416 3.464571e-006 6.834279e-003
417 3.464571e-006 6.834279e-003
418 1.346219e-003 1.649690e-001
419 1.123064e-004 8.883922e-002
420 6.033634e-006 3.632611e-002
421 1.342630e-004 1.861985e-002
422 1.655351e-004 2.672233e-002
423 1.153581e-006 6.338281e-003
424 6.352958e-005 3.679622e-002
425 2.338190e-005 9.554352e-003
426 1.120846e-003 9.831541e-002
427 3.665730e-004 4.285856e-002
428 1.061686e-005 8.878847e-003
429 1.485661e-006 8.332621e-003
430 1.485661e-006 8.332621e-003
431 1.746383e-006 8.673311e-003
432 1.153581e-006 6.338281e-003
433 7.240605e-005 1.878787e-002
434 3.536087e-006 8.402149e-003
435 9.982839e-006 1.157845e-002
436 1.755463e-004 2.009469e-002
437 7.240605e-005 1.878787e-002
438 3.572261e-006 8.828760e-003
439 4.054794e-004 3.763833e-002
440 2.537602e-006 2.838838e-002
441 4.797607e-007 6.178065e-003
442 8.640029e-003 4.697654e-001
443 4.462805e-003 1.224455e-001
444 1.093172e-002 5.161847e-001
445 1.985036e-003 8.645633e-002
446 1.127135e-006 4.353157e-003
447 5.933923e-005 8.911724e-003
448 1.038147e-006 3.818011e-003
449 6.464407e-006 3.270902e-003
450 5.707200e-006 5.300733e-003
451 3.544054e-004 2.264061e-002
452 5.265511e-005 1.408927e-002
453 1.354990e-004 1.921187e-002
454 5.071069e-005 7.468092e-003
455 5.390082e-005 9.148843e-003
456 4.095974e-007 3.631598e-003
457 9.661475e-007 3.547854e-003
458 8.090895e-006 4.771658e-003
459 4.659560e-004 7.525634e-002
460 1.657683e-004 4.157481e-002
461 5.767417e-005 1.407496e-002
462 6.464635e-005 3.582628e-002
463 6.999216e-005 1.107743e-002
464 8.028496e-006 4.863743e-003
465 9.001303e-006 5.008082e-003
466 3.338956e-006 4.743387e-003
467 2.508637e-005 6.555440e-003
468 2.346307e-005 7.667138e-003
469 3.338956e-006 4.743387e-003
470 2.976284e-006 4.751576e-003
471 2.253085e-005 8.055189e-003
472 2.164357e-005 5.332543e-003
473 3.048385e-006 4.747855e-003
474 9.154267e-006 7.296463e-003
475 5.361454e-005 1.573018e-002
476 7.074831e-004 2.089736e-002
477 1.463247e-004 1.873007e-002
478 7.519014e-004 4.165376e-002
479 7.364301e-004 2.219674e-002
480 1.211174e-003 6.841080e-002
481 3.191038e-003 1.045165e-001
482 1.789237e-005 6.417614e-003
483 3.952199e-005 6.439244e-003
484 1.593191e-005 5.767795e-003
485 1.070497e-004 8.452325e-003
486 7.088551e-006 5.212975e-003
487 1.057336e-003 7.911694e-002
488 4.493875e-004 5.090250e-002
489 5.634935e-003 2.912355e-001
490 4.043140e-005 8.563125e-003
491 9.478900e-004 2.417945e-002
492 1.481709e-005 6.833652e-003
493 2.828118e-004 1.473084e-002
494 1.552993e-003 4.454522e-002
495 2.258528e-004 1.320067e-002
496 2.700303e-006 5.257891e-003
497 1.047452e-004 1.126513e-002
498 4.814856e-005 1.501950e-002
499 5.377885e-004 4.983255e-002
500 6.596151e-006 7.125982e-003
