1 3.511291e-004 2.413078e-002
2 1.628540e-003 8.826270e-002
3 1.428508e-004 8.688661e-003
4 2.719749e-004 5.300020e-003
5 1.025773e-004 3.188231e-003
6 2.552293e-003 1.231633e-001
7 1.318941e-002 1.436193e-001
8 1.197196e-003 3.557060e-002
9 1.059680e-005 3.110765e-003
10 5.134275e-003 1.392315e-001
11 4.377768e-005 8.760662e-003
12 5.199240e-004 1.273816e-002
13 4.431795e-003 1.078264e-001
14 3.007323e-005 5.391877e-003
15 2.365086e-003 3.883912e-002
16 2.041687e-003 7.786153e-002
17 9.312374e-005 6.816096e-003
18 3.133080e-004 9.717606e-003
19 6.729265e-004 4.601954e-002
20 1.480983e-005 4.999563e-003
21 1.208547e-002 1.810006e-001
22 2.464587e-003 1.913639e-002
23 1.082108e-004 5.256773e-003
24 2.112993e-003 9.386752e-003
25 6.053273e-004 2.850677e-002
26 2.374081e-003 1.964713e-002
27 2.202532e-004 2.038411e-002
28 1.396137e-005 4.113454e-003
29 1.738156e-003 6.910542e-002
30 1.140867e-002 3.084241e-001
31 9.275760e-004 2.677694e-002
32 5.944689e-005 2.013983e-002
33 4.866048e-006 3.056514e-003
34 1.593736e-006 2.766313e-003
35 2.505744e-004 5.779196e-003
36 9.260532e-003 5.661348e-002
37 2.348131e-004 6.030254e-002
38 2.763326e-005 2.114063e-002
39 3.342395e-006 2.750011e-003
40 2.315398e-004 4.522279e-003
41 7.990458e-004 2.880565e-002
42 2.060692e-004 1.761830e-002
43 4.730528e-004 2.977919e-002
44 2.263779e-003 1.440781e-002
45 3.022349e-004 6.923274e-003
46 9.814899e-005 8.766140e-003
47 1.071337e-003 2.976492e-002
48 3.162096e-005 3.068808e-003
49 2.950167e-004 4.842444e-003
50 7.249279e-003 7.238478e-002
51 7.786458e-004 3.156512e-002
52 3.167650e-004 5.538306e-003
53 3.680103e-005 2.933022e-003
54 2.969690e-004 9.297177e-003
55 5.069419e-006 3.625260e-003
56 3.150549e-003 3.688254e-002
57 1.654629e-004 2.132374e-002
58 3.493405e-004 1.727883e-002
59 1.903589e-003 8.719245e-003
60 1.237831e-004 9.931482e-003
61 1.091471e-002 1.456544e-001
62 8.222265e-005 2.246148e-002
63 1.554218e-005 3.755787e-003
64 1.064807e-005 2.839237e-003
65 3.832636e-003 6.551873e-002
66 4.178209e-006 2.832767e-003
67 8.894880e-005 6.289468e-003
68 4.627696e-006 4.072291e-003
69 9.887568e-005 5.135471e-003
70 2.046604e-005 1.057057e-002
71 5.945762e-004 1.788358e-002
72 8.578682e-005 3.971073e-003
73 1.204741e-005 3.009637e-003
74 4.447879e-004 2.803789e-002
75 4.061337e-005 3.550909e-003
76 5.335065e-006 2.865611e-003
77 3.810225e-005 3.938355e-003
78 2.708949e-003 3.623209e-002
79 2.327433e-002 7.786032e-002
80 4.473780e-005 8.804835e-003
81 1.650952e-006 2.785171e-003
82 1.257662e-004 4.240727e-003
83 9.076288e-005 3.873266e-003
84 9.117353e-004 1.275113e-002
85 1.451858e-002 1.662712e-001
86 1.818267e-004 2.655007e-002
87 1.190691e-005 3.953211e-003
88 1.251664e-004 9.342051e-003
89 1.656979e-003 1.634313e-001
90 3.102105e-004 1.556098e-002
91 1.211076e-004 1.009828e-002
92 1.154573e-002 1.189670e-001
93 6.600624e-004 4.302135e-002
94 1.642706e-005 4.212493e-003
95 3.073153e-004 1.600027e-002
96 1.439978e-005 3.824687e-003
97 2.032529e-004 4.919463e-003
98 8.710390e-005 5.318140e-003
99 8.561025e-004 6.624880e-003
100 4.669483e-003 1.272647e-001
101 1.988014e-004 4.359598e-003
102 1.001696e-004 4.703188e-003
103 3.644677e-003 6.234856e-002
104 1.438974e-004 1.099125e-002
105 1.301748e-003 2.474790e-002
106 2.070602e-004 5.232567e-003
107 8.181651e-005 3.964509e-003
108 8.181651e-005 3.964509e-003
109 3.400842e-005 3.141722e-003
110 1.716267e-004 1.095519e-002
111 1.488051e-004 1.966383e-002
112 3.641738e-004 1.230253e-002
113 1.587518e-003 4.640494e-002
114 1.012357e-002 7.826687e-002
115 3.598029e-003 6.644195e-002
116 4.196810e-003 9.460238e-002
117 6.004187e-004 5.715796e-002
118 1.252539e-002 1.807861e-001
119 9.002857e-005 6.033290e-003
120 2.282906e-004 6.719988e-003
121 1.115842e-003 2.304307e-002
122 6.289224e-004 7.703968e-003
123 2.002497e-004 3.951791e-003
124 1.501379e-003 1.224666e-002
125 8.190237e-005 4.523288e-003
126 2.398753e-004 9.451709e-003
127 2.704515e-004 1.160185e-002
128 1.501379e-003 1.224666e-002
129 8.053248e-005 5.114095e-003
130 7.286360e-005 3.899964e-003
131 8.855270e-005 7.057034e-003
132 3.023663e-003 2.924473e-002
133 7.554502e-004 1.070761e-002
134 1.199293e-003 5.290310e-002
135 8.855270e-005 7.057034e-003
136 2.243524e-004 8.054219e-003
137 1.186669e-003 3.831194e-002
138 2.243524e-004 8.054219e-003
139 2.243524e-004 8.054219e-003
140 8.183100e-005 5.323757e-003
141 8.183100e-005 5.323757e-003
142 8.183100e-005 5.323757e-003
143 2.085075e-004 4.091200e-003
144 2.243524e-004 8.054219e-003
145 8.855270e-005 7.057034e-003
146 8.937419e-006 2.828336e-003
147 2.534036e-004 6.986770e-003
148 8.183100e-005 5.323757e-003
149 7.992127e-005 4.067010e-003
150 2.075035e-004 5.445584e-003
151 2.987332e-005 3.428578e-003
152 8.183100e-005 5.323757e-003
153 2.243524e-004 8.054219e-003
154 6.700859e-005 4.083801e-003
155 8.183100e-005 5.323757e-003
156 2.243524e-004 8.054219e-003
157 8.190237e-005 4.523288e-003
158 6.947455e-004 1.261363e-002
159 2.243524e-004 8.054219e-003
160 3.811298e-005 7.520335e-003
161 3.474731e-005 7.003228e-003
162 5.632002e-006 5.512368e-003
163 5.632002e-006 5.512368e-003
164 5.632002e-006 5.512368e-003
165 5.632002e-006 5.512368e-003
166 5.632002e-006 5.512368e-003
167 1.300888e-005 5.571117e-003
168 1.300888e-005 5.571117e-003
169 9.620600e-005 1.245313e-002
170 1.674918e-005 7.280862e-003
171 8.721462e-005 4.349666e-003
172 1.310520e-005 3.980559e-003
173 3.868751e-005 7.410114e-003
174 1.418384e-004 1.459782e-002
175 4.563292e-005 1.119003e-002
176 3.868751e-005 7.410114e-003
177 3.868751e-005 7.410114e-003
178 3.440898e-005 4.121270e-003
179 1.251098e-004 1.545377e-002
180 3.868751e-005 7.410114e-003
181 3.487246e-004 1.984480e-002
182 3.487246e-004 1.984480e-002
183 3.868751e-005 7.410114e-003
184 1.251098e-004 1.545377e-002
185 9.189148e-004 1.188295e-002
186 3.339626e-004 1.415733e-002
187 3.088819e-004 8.167516e-003
188 1.398569e-004 1.518512e-002
189 1.312378e-004 8.014936e-003
190 3.669178e-004 2.124991e-002
191 3.735157e-004 3.125456e-002
192 3.007797e-004 1.114312e-002
193 7.612096e-004 1.772835e-002
194 1.099874e-004 5.978772e-003
195 1.217295e-004 7.417899e-003
196 1.180233e-004 1.096036e-002
197 4.315811e-005 5.911942e-003
198 4.418621e-005 7.052611e-003
199 3.007797e-004 1.114312e-002
200 8.286242e-004 1.243954e-002
201 3.551797e-005 4.675593e-003
202 3.007797e-004 1.114312e-002
203 3.007797e-004 1.114312e-002
204 8.988845e-005 5.453219e-003
205 3.551797e-005 4.675593e-003
206 3.007797e-004 1.114312e-002
207 9.713003e-005 7.579352e-003
208 1.097073e-004 6.450412e-003
209 1.099874e-004 5.978772e-003
210 3.551797e-005 4.675593e-003
211 3.007797e-004 1.114312e-002
212 3.030067e-004 6.452840e-003
213 7.612096e-004 1.772835e-002
214 7.286360e-005 3.899964e-003
215 3.007797e-004 1.114312e-002
216 7.612096e-004 1.772835e-002
217 2.458155e-004 9.705904e-003
218 2.458155e-004 9.705904e-003
219 2.458155e-004 9.705904e-003
220 9.713003e-005 7.579352e-003
221 7.612096e-004 1.772835e-002
222 4.843849e-003 2.902833e-002
223 7.612096e-004 1.772835e-002
224 6.146236e-004 5.216637e-003
225 2.075253e-004 3.850144e-003
226 2.075253e-004 3.850144e-003
227 2.075253e-004 3.850144e-003
228 6.567682e-004 8.752407e-003
229 6.567682e-004 8.752407e-003
230 6.567682e-004 8.752407e-003
231 5.332897e-003 2.688373e-002
232 5.332897e-003 2.688373e-002
233 6.146236e-004 5.216637e-003
234 2.075253e-004 3.850144e-003
235 1.685086e-003 9.579271e-003
236 2.075253e-004 3.850144e-003
237 1.685086e-003 9.579271e-003
238 2.075253e-004 3.850144e-003
239 2.075253e-004 3.850144e-003
240 2.075253e-004 3.850144e-003
241 5.689629e-004 5.832817e-003
242 2.075253e-004 3.850144e-003
243 2.521919e-004 5.650711e-003
244 2.075253e-004 3.850144e-003
245 1.685086e-003 9.579271e-003
246 1.685086e-003 9.579271e-003
247 1.685086e-003 9.579271e-003
248 6.146236e-004 5.216637e-003
249 2.075253e-004 3.850144e-003
250 2.075253e-004 3.850144e-003
251 2.075253e-004 3.850144e-003
252 7.295329e-004 6.789606e-003
253 2.731265e-004 4.410379e-003
254 2.301061e-004 3.712261e-003
255 2.301061e-004 3.712261e-003
256 2.075253e-004 3.850144e-003
257 1.685086e-003 9.579271e-003
258 9.978925e-004 2.634722e-002
259 2.388730e-003 5.873525e-002
260 1.135156e-004 1.161726e-002
261 8.091707e-004 2.344526e-002
262 2.980461e-004 1.283608e-002
263 2.728910e-003 4.906443e-002
264 1.015165e-003 3.049554e-002
265 1.039348e-003 3.790491e-002
266 3.800630e-004 2.226647e-002
267 8.323481e-004 1.485587e-002
268 3.057607e-005 5.593194e-003
269 2.477977e-004 1.325123e-002
270 3.800630e-004 2.226647e-002
271 3.665729e-005 1.074068e-002
272 9.624729e-005 1.113427e-002
273 1.227328e-004 1.933158e-002
274 1.227328e-004 1.933158e-002
275 3.278248e-004 2.265631e-002
276 3.665729e-005 1.074068e-002
277 2.508810e-004 1.297548e-002
278 3.351061e-004 2.381813e-002
279 2.552236e-004 1.453796e-002
280 1.227328e-004 1.933158e-002
281 2.570808e-004 1.278499e-002
282 8.028044e-005 5.921490e-003
283 9.624729e-005 1.113427e-002
284 1.002457e-004 1.389092e-002
285 2.776145e-003 6.040872e-002
286 9.906837e-004 3.102915e-002
287 7.113257e-003 9.095670e-002
288 3.222469e-004 2.064937e-002
289 1.039348e-003 3.790491e-002
290 1.039348e-003 3.790491e-002
291 3.800630e-004 2.226647e-002
292 3.800630e-004 2.226647e-002
293 1.039348e-003 3.790491e-002
294 1.227328e-004 1.933158e-002
295 4.583116e-003 4.896756e-002
296 5.772911e-003 5.258402e-002
297 5.098710e-003 4.900970e-002
298 5.098710e-003 4.900970e-002
299 2.248876e-003 7.516240e-002
300 9.934642e-005 1.265836e-002
301 6.480280e-003 1.189189e-001
302 7.105987e-004 2.483434e-002
303 3.060632e-005 4.603086e-003
304 9.546734e-005 4.989482e-003
305 3.060632e-005 4.603086e-003
306 8.369828e-005 7.381071e-003
307 8.803393e-005 7.917901e-003
308 8.803393e-005 7.917901e-003
309 3.210977e-005 5.274036e-003
310 3.466241e-005 6.973321e-003
311 8.803393e-005 7.917901e-003
312 3.060632e-005 4.603086e-003
313 1.390145e-005 5.129026e-003
314 3.210977e-005 5.274036e-003
315 9.934642e-005 1.265836e-002
316 2.294719e-004 1.369467e-002
317 1.638818e-006 3.136688e-003
318 3.795032e-006 3.011764e-003
319 9.035207e-005 9.247860e-003
320 9.934642e-005 1.265836e-002
321 3.921239e-005 1.090142e-002
322 8.845987e-005 5.539487e-003
323 1.971888e-003 2.250896e-002
324 5.883134e-004 8.702899e-003
325 2.699577e-004 6.064016e-003
326 1.592353e-003 2.071297e-002
327 6.012186e-004 3.818525e-002
328 3.942700e-003 7.475064e-002
329 1.667791e-003 4.548173e-002
330 3.994916e-003 3.712031e-002
331 3.157769e-003 2.428125e-002
332 6.133340e-004 3.831559e-002
333 1.488184e-003 1.849302e-002
334 5.401911e-004 1.670274e-002
335 5.560669e-004 2.451573e-002
336 1.877468e-004 1.614372e-002
337 4.300358e-003 5.999228e-002
338 5.394832e-004 4.057237e-002
339 9.050069e-005 3.605508e-003
340 3.635763e-005 3.893747e-003
341 1.174088e-005 3.435214e-003
342 1.001801e-004 5.943546e-003
343 1.134413e-004 4.685481e-003
344 1.086544e-003 3.339646e-002
345 1.329505e-005 3.057054e-003
346 1.012564e-003 1.617144e-002
347 1.086544e-003 3.339646e-002
348 1.425444e-004 1.044310e-002
349 8.016897e-004 1.402123e-002
350 1.004906e-003 1.842101e-002
351 3.393027e-004 1.178436e-002
352 1.013414e-004 5.197903e-003
353 3.001409e-004 7.180107e-003
354 8.741243e-005 5.312826e-003
355 8.031857e-005 3.933199e-003
356 1.196704e-005 3.066584e-003
357 1.095702e-004 7.505158e-003
358 2.471982e-004 7.179830e-003
359 1.240743e-004 6.213257e-003
360 1.240743e-004 6.213257e-003
361 1.217295e-004 7.417899e-003
362 3.973212e-004 1.555620e-002
363 3.393027e-004 1.178436e-002
364 1.013414e-004 5.197903e-003
365 1.217295e-004 7.417899e-003
366 1.217295e-004 7.417899e-003
367 1.244062e-004 1.518489e-002
368 8.016897e-004 1.402123e-002
369 1.408742e-004 1.117791e-002
370 8.299871e-004 3.230713e-002
371 3.115285e-004 1.655887e-002
372 1.951421e-003 7.189615e-002
373 5.169851e-004 2.600472e-002
374 4.292117e-003 9.109387e-002
375 2.238210e-004 2.366999e-002
376 3.129961e-004 1.400037e-002
377 3.129961e-004 1.400037e-002
378 8.622795e-004 1.658792e-002
379 6.981069e-004 8.078992e-003
380 9.266322e-005 4.458901e-003
381 2.540506e-004 6.516498e-003
382 2.540506e-004 6.516498e-003
383 2.540506e-004 6.516498e-003
384 2.540506e-004 6.516498e-003
385 7.941255e-003 6.048703e-002
386 1.070132e-002 1.126062e-001
387 1.321277e-003 3.390451e-002
388 6.355189e-004 1.111188e-002
389 1.876098e-003 2.737545e-002
390 7.861588e-004 1.621437e-002
391 1.285845e-003 3.231816e-002
392 2.328811e-003 4.448026e-002
393 4.819266e-004 2.126904e-002
394 1.287247e-003 3.042585e-002
395 1.569517e-003 4.827716e-002
396 1.217295e-004 7.417899e-003
397 3.311808e-005 4.642346e-003
398 1.421814e-004 1.196454e-002
399 1.217295e-004 7.417899e-003
400 1.217295e-004 7.417899e-003
401 1.217295e-004 7.417899e-003
402 1.217295e-004 7.417899e-003
403 1.217295e-004 7.417899e-003
404 1.217295e-004 7.417899e-003
405 9.079838e-005 6.186026e-003
406 2.811726e-004 8.357275e-003
407 1.217295e-004 7.417899e-003
408 2.811726e-004 8.357275e-003
409 5.507261e-003 1.749244e-001
410 3.930980e-005 5.882676e-003
411 1.217295e-004 7.417899e-003
412 1.217295e-004 7.417899e-003
413 1.025558e-004 5.434294e-003
414 1.217295e-004 7.417899e-003
415 4.418621e-005 7.052611e-003
416 3.930980e-005 5.882676e-003
417 3.930980e-005 5.882676e-003
418 1.122595e-003 4.382019e-002
419 6.242617e-004 5.368344e-002
420 2.337145e-004 3.301412e-002
421 9.079838e-005 6.186026e-003
422 1.160454e-004 1.302530e-002
423 1.426894e-005 5.764714e-003
424 2.811726e-004 8.357275e-003
425 3.930980e-005 5.882676e-003
426 2.811726e-004 8.357275e-003
427 2.811726e-004 8.357275e-003
428 4.418621e-005 7.052611e-003
429 4.418621e-005 7.052611e-003
430 4.418621e-005 7.052611e-003
431 4.418621e-005 7.052611e-003
432 1.426894e-005 5.764714e-003
433 1.217295e-004 7.417899e-003
434 4.418621e-005 7.052611e-003
435 4.418621e-005 7.052611e-003
436 1.217295e-004 7.417899e-003
437 1.217295e-004 7.417899e-003
438 4.418621e-005 7.052611e-003
439 2.811726e-004 8.357275e-003
440 7.547283e-005 2.620204e-002
441 1.426894e-005 5.764714e-003
442 1.146591e-002 1.581094e-001
443 6.002104e-004 3.128348e-002
444 1.024560e-002 1.338092e-001
445 2.022068e-003 2.641387e-002
446 3.985083e-005 3.809245e-003
447 1.131176e-004 5.569323e-003
448 3.378546e-005 3.341623e-003
449 1.232301e-005 2.906782e-003
450 8.784190e-005 4.480641e-003
451 2.724743e-004 6.857636e-003
452 2.941047e-004 9.382887e-003
453 9.521702e-005 5.976356e-003
454 1.075466e-004 5.335099e-003
455 1.128295e-004 6.042007e-003
456 3.378546e-005 3.341623e-003
457 3.291532e-005 3.260215e-003
458 4.125886e-005 4.113425e-003
459 2.199672e-003 3.564954e-002
460 9.510918e-004 2.417565e-002
461 2.941047e-004 9.382887e-003
462 8.682185e-004 2.335818e-002
463 1.334251e-004 7.134977e-003
464 4.125886e-005 4.113425e-003
465 4.125886e-005 4.113425e-003
466 4.125886e-005 4.113425e-003
467 4.125886e-005 4.113425e-003
468 1.075466e-004 5.335099e-003
469 4.125886e-005 4.113425e-003
470 3.985083e-005 3.809245e-003
471 1.131176e-004 5.569323e-003
472 4.125886e-005 4.113425e-003
473 4.125886e-005 4.113425e-003
474 1.131176e-004 5.569323e-003
475 3.093396e-004 1.002341e-002
476 3.666774e-005 7.604054e-003
477 1.164481e-004 1.419059e-002
478 7.846661e-005 5.671690e-003
479 3.666774e-005 7.604054e-003
480 1.227678e-004 1.765800e-002
481 3.624194e-004 4.670008e-002
482 1.340845e-005 5.257373e-003
483 1.340845e-005 5.257373e-003
484 1.271823e-005 4.878670e-003
485 1.372787e-005 6.314276e-003
486 5.019930e-006 4.785735e-003
487 3.352016e-004 2.288070e-002
488 3.606013e-004 1.846315e-002
489 2.053715e-003 1.484075e-001
490 3.478019e-005 6.568423e-003
491 3.666774e-005 7.604054e-003
492 1.372787e-005 6.314276e-003
493 3.478019e-005 6.568423e-003
494 3.666774e-005 7.604054e-003
495 3.666774e-005 7.604054e-003
496 1.271823e-005 4.878670e-003
497 3.666774e-005 7.604054e-003
498 9.289944e-005 8.282890e-003
499 1.839632e-004 3.045310e-002
500 3.478019e-005 6.568423e-003
