2 2.179739e-003 1.486244e-001
3 1.606948e-002 7.888401e-001
4 3.894097e-003 3.014669e-001
5 1.417063e-004 1.952329e-001
6 2.731476e-003 7.450422e-001
7 1.426257e-002 4.263275e-001
8 2.349843e-003 3.197163e-001
9 2.859870e-003 1.974740e-001
10 2.202411e-003 6.580064e-002
11 2.765656e-003 5.239037e-001
12 2.270620e-003 2.758553e-001
13 3.773342e-003 2.914619e-001
14 8.681307e-003 5.431976e-001
15 7.914060e-003 5.898635e-001
16 6.389524e-003 3.199696e-001
17 3.638752e-004 1.168732e-002
18 6.683506e-003 5.597779e-001
19 9.923856e-006 8.534794e-003
20 1.314027e-004 2.369820e-001
21 7.555588e-004 9.236434e-002
22 1.102177e-002 7.161539e-001
23 2.443465e-003 7.746030e-002
24 1.850063e-002 6.124175e-001
25 2.429614e-005 2.573843e-002
26 7.876864e-003 4.044992e-001
27 4.605913e-003 4.196153e-001
28 7.047738e-006 1.839491e-002
29 5.373087e-003 7.862019e-001
30 3.795528e-005 5.462249e-002
31 6.299803e-005 6.319223e-002
32 9.305960e-004 2.939016e-001
33 1.264258e-003 2.052416e-001
34 5.190109e-003 3.178950e-001
35 1.596751e-002 9.412079e-001
36 2.555270e-005 5.270292e-002
37 2.838032e-003 2.652014e-001
38 3.996951e-003 6.115959e-001
39 1.970470e-003 6.951521e-002
40 3.776224e-002 5.821910e-001
41 3.285579e-007 8.147129e-003
42 1.731462e-003 1.059936e-001
43 2.499301e-003 2.296154e-001
44 1.533189e-007 8.553034e-003
45 1.129394e-007 6.555662e-003
46 1.171703e-005 1.217181e-002
47 3.262866e-007 1.168106e-002
48 3.661747e-008 2.901975e-003
49 1.604348e-003 3.059964e-001
50 2.656028e-006 1.059839e-002
51 7.150248e-009 3.830359e-003
52 2.584164e-008 7.585048e-003
53 2.174593e-005 5.136632e-002
54 5.052135e-008 3.894550e-003
55 1.016005e-006 7.222039e-003
56 1.680971e-007 6.467960e-003
57 1.931761e-008 5.563560e-003
58 1.398478e-005 1.174700e-002
59 8.976964e-007 8.733091e-003
60 6.063657e-007 6.714565e-003
61 6.467316e-006 1.508460e-002
62 1.219116e-005 1.669725e-002
63 3.248909e-005 2.293551e-002
64 4.351947e-006 7.057301e-003
65 4.827877e-008 5.500928e-003
66 6.982539e-007 7.689676e-003
67 9.969933e-008 3.161951e-003
68 1.355928e-006 8.093582e-003
69 1.380582e-004 5.984427e-002
70 8.590567e-004 4.475395e-002
71 7.020089e-007 8.237022e-003
72 1.018829e-004 1.551784e-002
73 7.046626e-006 2.701181e-002
74 8.372786e-007 9.521902e-003
75 4.388111e-006 7.797593e-003
76 8.877231e-006 5.223184e-002
77 4.005556e-005 7.812864e-003
78 6.418650e-006 3.459259e-002
79 3.680609e-004 1.233825e-001
80 6.098485e-008 1.375124e-002
81 7.514315e-008 3.665927e-003
82 5.819406e-005 8.053408e-002
83 7.255126e-006 2.002573e-002
84 1.100069e-004 8.970706e-002
85 2.448779e-006 1.795607e-002
86 2.429916e-004 5.032872e-002
87 5.351268e-003 2.952833e-001
88 3.165545e-007 6.751004e-003
89 4.682276e-005 1.773225e-002
90 1.795768e-006 9.971456e-003
91 1.128930e-007 4.071563e-003
92 4.004051e-007 7.131013e-003
93 4.318436e-007 1.278305e-002
94 1.668142e-007 7.371141e-003
95 1.033534e-006 9.087699e-003
96 3.226215e-003 4.787874e-001
97 5.901566e-007 6.820081e-003
98 9.508805e-004 1.273106e-001
99 8.128322e-004 2.464037e-001
100 1.265554e-002 6.616420e-001
101 3.913339e-003 4.415761e-001
102 2.963717e-007 1.169787e-002
103 1.379624e-004 8.198207e-002
104 6.003522e-006 4.629267e-002
105 1.186902e-004 1.268568e-001
106 1.025043e-004 2.511276e-002
107 1.093754e-006 3.189237e-002
108 3.888069e-005 1.457513e-002
109 4.869029e-004 1.024119e-001
110 1.516720e-007 4.369770e-003
111 2.388838e-006 3.081511e-002
112 1.327697e-004 6.981637e-002
113 2.726786e-003 1.393117e-001
114 1.693314e-005 8.643319e-002
115 7.458514e-005 3.060920e-002
116 1.745504e-003 5.972791e-002
117 8.730862e-007 4.366229e-003
118 1.336557e-006 7.130815e-003
119 1.212569e-003 5.453964e-001
120 7.887393e-003 1.744809e-001
121 5.963737e-009 4.424862e-003
122 3.490268e-007 7.983888e-003
123 2.151476e-003 2.022390e-001
124 1.007208e-003 9.410808e-002
125 3.392498e-006 2.954882e-002
126 2.166196e-006 8.634816e-003
127 3.410628e-007 8.709320e-003
128 1.310993e-003 4.702599e-001
129 1.095136e-003 5.849215e-002
130 7.079241e-007 4.306814e-003
131 8.183405e-004 1.660183e-001
132 2.529763e-007 6.159859e-003
133 3.102111e-003 5.731175e-001
134 1.558206e-005 2.094219e-002
135 1.709611e-004 4.420741e-002
136 1.751675e-006 9.407758e-003
137 6.489848e-007 5.823530e-003
138 4.734863e-007 1.234906e-002
139 1.969181e-008 5.634716e-003
140 2.261253e-007 1.264930e-002
141 1.296363e-005 3.370266e-002
142 1.239743e-003 2.997017e-001
143 5.934031e-005 7.350340e-003
144 8.123678e-006 4.193214e-003
145 2.146156e-004 3.752379e-002
146 1.107442e-005 1.767141e-002
147 4.548982e-004 1.970642e-001
148 2.940542e-007 3.934783e-003
149 4.283157e-006 1.342516e-002
150 4.516494e-007 2.967243e-003
151 5.727836e-008 1.016309e-002
152 8.370508e-009 1.246958e-002
153 5.504448e-006 1.073920e-002
154 1.126465e-005 2.351447e-002
155 2.232724e-007 4.776902e-003
156 3.811003e-004 1.372485e-001
157 2.588819e-007 4.105362e-003
158 2.257247e-007 9.927907e-003
159 7.870180e-007 5.515162e-003
160 2.531041e-005 1.464964e-002
161 1.837494e-006 8.213473e-003
162 3.653876e-005 2.072749e-002
163 2.666316e-004 6.357609e-002
164 5.633443e-004 8.470409e-002
165 9.519046e-005 1.442122e-002
166 2.957575e-007 4.505036e-003
167 3.186334e-007 4.033074e-003
168 1.494263e-005 2.356392e-002
169 8.691546e-004 1.193196e-001
170 7.045995e-004 4.774410e-002
171 2.037671e-005 3.998907e-002
172 6.381436e-003 5.259611e-002
173 1.074590e-005 3.574046e-003
174 1.744416e-004 5.499895e-003
175 3.923476e-008 3.613811e-003
176 2.100642e-003 3.305556e-001
177 8.140604e-008 8.245857e-003
178 1.625216e-004 2.736411e-002
179 1.646522e-004 1.914795e-002
180 4.355457e-007 4.540453e-003
181 1.155728e-003 9.579648e-002
182 1.520723e-004 1.202869e-002
183 1.706059e-006 1.137960e-002
184 4.382745e-003 3.726431e-001
185 1.176534e-005 1.339950e-002
186 3.732318e-007 1.299176e-002
187 5.764671e-003 2.618426e-001
188 4.704212e-005 1.894537e-002
189 2.268346e-009 3.307091e-003
190 2.294528e-006 1.368738e-002
191 3.491540e-006 2.493942e-002
192 2.085926e-004 2.578979e-002
193 9.522857e-006 4.785621e-002
194 2.085926e-004 2.578979e-002
195 1.858589e-004 6.064735e-002
196 1.543373e-007 7.770361e-003
197 8.701720e-004 1.359447e-001
198 6.834344e-004 1.236951e-001
199 6.081694e-004 1.874172e-001
200 6.605913e-004 7.377333e-002
201 9.553412e-008 5.297333e-003
202 6.319385e-004 6.701503e-002
203 3.601996e-003 3.470577e-001
204 2.241248e-007 3.554288e-003
205 5.930896e-003 1.864403e-001
206 3.187558e-010 8.527746e-003
207 2.848655e-004 2.301506e-001
208 9.358134e-005 7.206600e-002
209 1.439029e-003 1.392976e-001
210 3.019158e-004 1.971640e-001
211 1.485397e-003 3.414519e-002
212 6.157399e-004 4.940310e-002
213 1.533868e-005 1.320982e-002
214 2.634779e-004 3.629799e-002
215 6.856353e-009 4.066112e-003
216 1.035250e-005 6.645561e-003
217 1.718589e-006 3.384529e-002
218 5.566231e-006 1.349706e-002
219 1.355329e-007 6.080100e-003
220 2.461173e-004 2.851675e-002
221 1.442123e-005 3.413645e-002
222 5.105596e-004 8.411312e-002
223 1.013721e-004 3.860420e-002
224 1.371450e-006 3.108731e-003
225 4.673185e-005 3.636169e-002
226 2.802981e-009 3.754696e-003
227 3.704404e-005 4.109928e-002
228 1.262326e-005 1.556943e-002
229 4.879399e-003 5.093605e-001
230 1.918816e-003 3.024193e-001
231 5.518418e-006 1.430644e-002
232 1.035423e-003 1.633938e-001
233 7.627742e-006 2.336182e-002
234 1.585716e-005 1.600228e-002
235 3.341172e-005 1.628772e-002
236 3.876355e-003 2.518987e-001
237 5.058332e-008 3.753084e-003
238 7.177116e-006 1.860112e-002
239 1.197297e-005 1.493700e-002
240 9.518330e-005 7.524941e-002
241 1.351735e-003 1.976157e-001
242 7.396776e-006 1.324815e-002
243 2.474431e-007 6.474207e-003
244 5.354134e-006 4.843722e-003
245 7.383161e-006 1.303618e-002
246 6.901677e-005 1.877998e-002
247 3.865822e-006 7.272128e-003
248 2.649699e-003 5.888900e-002
249 1.589498e-005 6.856837e-002
250 6.821834e-005 5.725568e-002
251 5.553188e-006 7.936004e-003
252 1.289822e-003 3.599052e-001
253 1.928252e-004 2.924311e-002
254 1.165288e-003 1.095700e-001
255 1.087174e-006 1.632772e-002
256 1.212059e-007 3.225472e-003
257 2.345561e-004 3.522805e-002
258 3.106390e-004 4.695074e-002
259 4.115568e-008 4.634632e-003
260 2.046148e-004 1.788613e-002
261 8.246115e-005 1.276701e-002
262 1.220785e-008 3.500312e-003
263 1.351234e-005 1.950892e-002
264 2.937766e-005 4.599811e-002
265 2.514157e-004 2.470708e-002
266 4.586253e-005 2.532709e-002
267 5.267880e-006 1.242730e-002
268 7.662003e-006 4.655661e-003
269 3.976974e-007 8.044116e-003
270 4.222722e-010 4.708418e-003
271 1.777636e-003 1.902284e-001
272 2.193887e-005 1.240040e-002
273 5.090764e-005 1.598582e-002
274 3.513965e-003 4.075237e-002
275 3.781097e-004 1.744074e-002
276 1.634045e-007 2.856962e-003
277 5.261735e-006 1.913449e-002
278 1.047110e-005 1.506168e-002
279 5.012778e-006 5.179761e-003
280 1.473910e-003 2.096963e-001
281 9.760961e-005 6.787601e-002
282 8.847261e-003 5.781537e-002
283 1.158708e-003 1.518645e-001
284 2.758149e-006 1.352166e-002
285 1.283678e-003 5.089272e-002
286 2.007917e-006 8.244587e-003
287 7.605775e-004 1.631429e-002
288 4.781666e-006 1.096210e-002
289 1.402335e-006 7.775656e-003
290 5.124471e-006 1.873140e-002
291 3.047184e-006 3.751038e-002
292 2.035208e-004 6.549641e-002
293 7.191277e-008 3.987516e-003
294 7.201200e-008 8.934462e-003
295 7.213237e-006 1.024364e-002
296 3.365766e-005 5.212388e-002
297 2.217262e-006 8.914353e-003
298 3.789530e-007 3.962854e-003
299 1.962961e-006 7.756233e-003
300 4.180703e-006 8.743154e-003
301 2.015848e-002 7.833313e-001
302 2.739886e-005 6.729361e-003
303 1.342425e-003 1.873553e-001
304 1.063150e-005 4.353512e-003
305 2.127798e-004 4.989147e-002
306 4.717520e-005 6.231196e-003
307 4.449930e-003 3.125750e-001
308 5.348783e-004 1.330188e-001
309 5.974920e-004 9.624096e-002
310 6.999874e-005 4.795242e-002
311 1.138216e-003 2.337375e-002
312 2.375909e-004 7.394476e-002
313 7.231735e-004 8.844274e-002
314 1.460892e-005 4.728642e-003
315 6.269231e-006 5.763577e-002
316 8.557646e-003 5.376662e-001
317 6.186122e-004 8.862225e-002
318 1.074194e-003 2.519656e-001
319 3.828244e-003 1.893593e-001
320 1.839172e-004 8.773808e-003
321 5.504354e-005 1.311561e-002
322 4.029107e-007 7.764852e-003
323 2.767582e-003 8.848395e-001
324 7.978051e-007 5.697636e-003
325 4.506087e-005 1.154128e-002
326 3.645864e-006 6.330936e-003
327 3.627229e-005 9.777113e-003
328 6.645183e-005 4.652306e-002
329 5.278273e-003 3.345492e-001
330 1.468582e-007 2.887859e-003
331 2.460598e-004 9.621029e-002
332 2.556749e-005 1.521700e-002
333 9.071489e-005 2.324897e-002
334 4.305996e-006 9.699516e-003
335 1.388429e-006 1.133059e-002
336 4.708204e-005 2.089130e-002
337 2.219808e-007 4.471488e-003
338 1.863034e-002 3.171880e-001
339 1.350558e-003 3.286797e-002
340 1.275474e-005 8.352189e-002
341 2.170195e-003 8.128113e-002
342 1.288549e-004 6.558403e-002
343 1.070147e-007 4.848257e-003
344 7.393908e-004 1.732097e-001
345 4.126159e-004 1.005032e-001
346 3.028875e-004 2.130313e-001
347 6.087118e-010 3.687315e-003
348 1.437550e-003 1.443394e-001
349 7.182835e-005 1.441272e-002
350 2.283210e-008 5.734262e-003
351 6.375721e-003 4.269178e-001
352 3.078085e-006 1.863707e-002
353 7.907549e-009 3.640446e-003
354 1.050402e-003 1.087710e-001
355 1.202574e-004 4.408559e-002
356 2.507594e-005 9.457214e-003
357 2.174626e-004 1.200529e-001
358 4.727081e-008 7.065846e-003
359 5.094533e-007 5.739789e-003
360 1.965914e-006 3.824413e-003
361 5.372081e-005 1.427685e-002
362 2.166739e-005 8.728538e-002
363 3.515350e-003 2.238421e-001
364 3.447957e-004 1.487916e-001
365 9.678338e-006 8.866111e-002
366 6.659122e-006 8.898138e-003
367 6.245746e-005 8.588344e-003
368 2.128382e-003 3.871354e-001
369 1.063245e-006 7.577913e-003
370 8.083251e-004 1.172568e-001
371 5.627740e-004 3.080574e-002
372 4.239238e-003 7.293569e-001
373 2.971439e-005 1.561446e-002
374 7.060196e-008 8.879101e-003
375 8.109580e-009 4.669666e-003
376 1.977438e-005 1.227718e-002
377 7.602442e-004 7.709264e-002
378 5.043730e-006 1.050647e-002
379 1.457775e-005 3.365026e-002
380 2.661410e-004 1.691566e-001
381 2.568918e-004 7.455930e-002
382 5.054704e-006 5.992529e-003
383 2.451283e-003 7.216199e-002
384 4.657914e-005 8.417342e-003
385 1.000328e-003 1.432937e-001
386 1.303028e-005 6.447347e-003
387 9.593285e-005 6.166872e-002
388 9.867670e-007 3.552425e-002
389 5.398776e-005 1.684821e-002
390 1.022217e-007 5.585254e-003
391 1.832376e-005 2.042907e-002
392 2.721532e-003 3.112210e-001
393 4.906801e-009 3.315634e-003
394 9.768422e-004 2.509184e-001
395 5.201165e-006 1.803651e-002
396 1.551783e-006 1.754567e-002
397 3.731538e-005 1.603615e-002
398 1.014570e-006 5.491074e-003
399 1.557037e-005 7.198112e-003
400 8.459691e-005 3.250009e-002
401 5.374619e-008 4.406132e-003
402 4.465085e-005 2.933639e-002
403 5.656620e-005 6.305490e-002
404 5.582392e-006 1.686213e-002
405 2.875685e-007 7.149494e-003
406 2.710880e-005 1.180521e-002
407 9.873045e-005 3.453637e-002
408 1.616983e-004 1.518776e-001
409 2.485810e-005 3.109324e-002
410 8.368720e-005 1.339731e-002
411 1.185233e-005 1.971139e-002
412 4.345920e-005 2.779704e-002
413 4.785421e-004 5.147507e-002
414 3.174131e-005 1.348459e-002
415 1.751775e-008 4.025184e-003
416 2.041575e-003 9.288885e-002
417 4.091363e-005 8.270176e-003
418 2.162702e-003 8.755838e-002
419 2.078922e-003 1.820766e-001
420 1.103985e-005 7.491523e-003
421 4.692869e-006 2.052238e-002
422 8.554926e-004 1.079820e-001
423 2.907968e-004 2.282168e-002
424 7.273609e-006 9.556379e-003
425 2.562405e-004 3.905860e-002
426 2.140153e-006 1.370797e-002
427 1.963045e-005 1.202132e-001
428 4.473320e-006 2.201315e-002
429 4.279460e-005 3.110143e-002
430 6.411630e-006 8.594707e-003
431 7.401396e-008 3.436717e-003
432 4.452890e-005 7.934371e-003
433 8.079082e-010 3.548911e-003
434 6.797481e-006 1.408935e-002
435 1.148043e-003 5.037970e-002
436 1.327885e-006 3.591184e-003
437 4.247255e-003 1.129829e-001
438 7.859548e-010 3.500348e-003
439 6.383721e-007 4.526351e-003
440 9.075864e-006 1.179933e-002
441 2.999463e-004 4.041078e-002
442 4.452284e-008 6.260523e-003
443 4.642841e-006 7.796781e-003
444 6.351416e-004 5.676057e-002
445 3.982397e-005 5.366041e-002
446 5.398634e-005 6.758838e-003
447 1.056706e-006 5.171968e-003
448 1.199024e-002 2.234095e-001
449 2.706112e-007 4.058487e-003
450 6.443529e-006 1.583777e-002
451 1.981336e-007 4.985324e-003
452 5.415785e-004 4.755659e-001
453 1.112168e-005 2.968034e-002
454 6.253751e-004 9.186933e-002
455 1.678705e-003 5.061797e-002
456 6.826879e-003 3.689032e-001
457 5.447064e-004 5.306830e-002
458 2.422091e-004 6.308655e-002
459 9.461165e-006 1.522397e-001
460 4.920583e-004 4.249825e-002
461 2.425224e-006 1.026210e-002
462 2.267629e-007 6.132872e-003
463 5.789674e-004 2.978410e-002
464 1.925218e-007 3.502948e-002
465 4.256679e-006 1.838706e-002
466 4.395637e-004 2.109088e-002
467 3.312138e-007 2.212717e-002
468 1.222722e-010 3.298350e-003
469 8.063004e-004 7.321273e-002
470 2.580266e-004 3.754019e-002
471 4.232905e-007 6.533788e-003
472 3.380084e-005 1.317048e-002
473 8.331796e-004 1.689654e-001
474 1.689032e-004 1.945686e-002
475 6.273802e-005 6.130981e-003
476 7.001787e-007 4.453084e-003
477 1.471364e-004 1.889010e-002
478 9.347934e-008 4.429363e-003
479 2.574526e-007 9.107141e-003
480 2.772864e-005 1.119258e-002
481 2.099850e-004 7.754843e-003
482 4.707570e-008 6.122224e-003
483 6.742887e-008 6.062534e-003
484 3.292409e-007 5.814518e-003
485 8.308630e-005 3.597917e-002
486 1.279614e-003 5.468744e-002
487 1.357767e-003 1.103404e-001
488 2.062588e-005 3.611846e-002
489 3.887412e-003 1.534765e-001
490 1.191439e-004 3.434922e-002
491 3.046018e-003 1.495125e-001
492 9.504745e-005 1.019521e-001
493 2.676134e-006 4.449577e-003
494 8.335766e-003 6.145920e-001
495 1.694213e-003 8.014005e-002
496 9.002367e-007 1.119529e-002
497 1.958486e-004 1.611865e-001
498 5.695859e-007 7.046557e-003
499 7.148681e-007 8.493069e-003
500 2.174041e-007 9.322118e-003
501 2.806686e-003 8.400537e-002
