1 3.303631e-003 6.583707e-002
2 6.035977e-006 9.765262e-002
3 2.494951e-003 3.659085e-002
4 2.481836e-004 1.695639e-002
5 2.864467e-006 4.111683e-003
6 8.280613e-003 2.795786e-001
7 1.385799e-002 4.193880e-001
8 1.741140e-004 6.659857e-002
9 3.086435e-007 3.199137e-003
10 6.552956e-003 2.302668e-001
11 1.420725e-005 9.311136e-003
12 2.173532e-004 3.023157e-002
13 2.122840e-003 2.012468e-001
14 3.399231e-007 5.686111e-003
15 1.570235e-004 6.919731e-002
16 2.326151e-003 2.064220e-001
17 3.920723e-007 7.215915e-003
18 7.018854e-005 1.897992e-002
19 5.961603e-004 6.885347e-002
20 2.318671e-008 5.073376e-003
21 1.355079e-002 5.716133e-001
22 2.886373e-003 7.714165e-002
23 2.952634e-006 5.891174e-003
24 4.207373e-004 4.744395e-002
25 5.481482e-004 4.133807e-002
26 1.253286e-003 8.478821e-002
27 2.339909e-004 2.455937e-002
28 5.317331e-006 4.275962e-003
29 1.099245e-002 2.975219e-001
30 1.275972e-002 6.606601e-001
31 1.633602e-004 3.486968e-002
32 8.526262e-004 2.614263e-002
33 2.245774e-006 3.182988e-003
34 1.594668e-008 2.780002e-003
35 3.204112e-004 2.132914e-002
36 7.173342e-003 3.353714e-001
37 2.915761e-005 6.728307e-002
38 2.489337e-005 2.235390e-002
39 1.074205e-006 2.835231e-003
40 2.108924e-004 1.216496e-002
41 4.796542e-003 1.048649e-001
42 6.255558e-006 2.014569e-002
43 8.582146e-003 9.948077e-002
44 3.993352e-004 5.047657e-002
45 1.260495e-003 2.848421e-002
46 1.430380e-005 9.743822e-003
47 3.403318e-003 1.367751e-001
48 1.832382e-006 3.259102e-003
49 2.436071e-003 3.232973e-002
50 8.699274e-003 2.436509e-001
51 1.110911e-003 6.560180e-002
52 1.373521e-004 9.450161e-003
53 8.923995e-005 5.342856e-003
54 5.152271e-005 1.852349e-002
55 2.070746e-006 3.727555e-003
56 9.911997e-003 3.243202e-001
57 4.830770e-004 2.882801e-002
58 9.093195e-006 2.061855e-002
59 3.270365e-004 3.630684e-002
60 3.843898e-004 1.755404e-002
61 1.001270e-002 4.427903e-001
62 1.239850e-003 3.563696e-002
63 2.480462e-006 3.958273e-003
64 4.436326e-006 3.386515e-003
65 7.403596e-004 1.553801e-001
66 6.716649e-007 2.858564e-003
67 1.343393e-005 8.708162e-003
68 2.261836e-007 4.150500e-003
69 1.429899e-005 6.662076e-003
70 7.373076e-006 1.082635e-002
71 7.281508e-004 3.561678e-002
72 1.412823e-005 5.149580e-003
73 2.645889e-006 3.107620e-003
74 1.201428e-003 8.515392e-002
75 2.386333e-006 3.994601e-003
76 4.382305e-005 3.218046e-003
77 6.970392e-006 4.410668e-003
78 8.772837e-003 1.278135e-001
79 8.967640e-003 2.632334e-001
80 1.541973e-006 9.100515e-003
81 6.219711e-007 2.813594e-003
82 1.247286e-004 9.520963e-003
83 7.886166e-006 4.677922e-003
84 1.573006e-004 2.360200e-002
85 2.629064e-003 3.209950e-001
86 1.782565e-004 4.088507e-002
87 2.434076e-006 4.104082e-003
88 9.719665e-006 1.064223e-002
89 6.192385e-005 1.865306e-001
90 2.177987e-005 1.797083e-002
91 3.859215e-004 2.583218e-002
92 5.401478e-003 5.696065e-001
93 8.056350e-004 1.001563e-001
94 1.969470e-005 4.600662e-003
95 2.608456e-003 6.802579e-002
96 7.617248e-006 4.080790e-003
97 6.986153e-005 8.118717e-003
98 7.510999e-005 7.173036e-003
99 2.227124e-003 3.915846e-002
100 1.429142e-002 4.110467e-001
101 1.479417e-005 5.823891e-003
102 7.188061e-006 5.586218e-003
103 4.772975e-004 1.001021e-001
104 1.608654e-004 1.230959e-002
105 1.524886e-003 5.044686e-002
106 6.195222e-006 6.569199e-003
107 9.058475e-007 4.334550e-003
108 8.557963e-007 4.343007e-003
109 2.229683e-006 3.423451e-003
110 1.118252e-005 1.231416e-002
111 2.709559e-005 2.484579e-002
112 3.783785e-004 2.228969e-002
113 2.329301e-003 1.145855e-001
114 1.968448e-003 2.664051e-001
115 3.752256e-003 2.330876e-001
116 4.117958e-003 1.670268e-001
117 2.578427e-004 6.911987e-002
118 1.235219e-002 5.503805e-001
119 3.021792e-004 8.194213e-003
120 6.367259e-004 1.349855e-002
121 1.280182e-003 3.927886e-002
122 5.138445e-003 4.544222e-002
123 7.789853e-005 4.962549e-003
124 6.484896e-004 2.325262e-002
125 6.257490e-004 7.131040e-003
126 1.099548e-004 1.110480e-002
127 1.242900e-004 1.449365e-002
128 1.741525e-003 2.696320e-002
129 6.943099e-004 7.937393e-003
130 2.116753e-004 7.130285e-003
131 2.903263e-004 1.042944e-002
132 8.528726e-003 1.114575e-001
133 8.154112e-004 2.686360e-002
134 1.471469e-003 8.054114e-002
135 9.943678e-005 8.141152e-003
136 2.519277e-004 1.080088e-002
137 3.860008e-003 1.035291e-001
138 9.697178e-005 1.134486e-002
139 2.331680e-004 1.207116e-002
140 3.536979e-005 6.523994e-003
141 3.536979e-005 6.523994e-003
142 8.504641e-005 6.788908e-003
143 8.834144e-005 5.482583e-003
144 2.650477e-004 1.233702e-002
145 1.024132e-004 8.813816e-003
146 1.481519e-006 2.912286e-003
147 1.097711e-004 9.592902e-003
148 1.487790e-005 6.063956e-003
149 2.948195e-005 4.728034e-003
150 1.350014e-005 6.440677e-003
151 1.294073e-005 3.735811e-003
152 5.477478e-006 5.706768e-003
153 2.618526e-004 1.257860e-002
154 2.929393e-005 4.781173e-003
155 1.487790e-005 6.063956e-003
156 2.618526e-004 1.257860e-002
157 3.580500e-005 5.375663e-003
158 2.245464e-003 3.511310e-002
159 8.084676e-004 1.414997e-002
160 3.159048e-004 9.631043e-003
161 7.453865e-004 1.166687e-002
162 1.208157e-004 6.268273e-003
163 1.659156e-005 5.899702e-003
164 4.335779e-005 5.961718e-003
165 1.659156e-005 5.899702e-003
166 1.659156e-005 5.899702e-003
167 1.067875e-004 6.917971e-003
168 1.067875e-004 6.917971e-003
169 8.411738e-004 2.066370e-002
170 4.934213e-005 8.432766e-003
171 8.880034e-005 6.514641e-003
172 1.075782e-004 5.337385e-003
173 8.794382e-004 1.481408e-002
174 3.224248e-003 4.174268e-002
175 1.704006e-004 1.382459e-002
176 1.444653e-004 9.643686e-003
177 1.444653e-004 9.643686e-003
178 1.750523e-005 4.722384e-003
179 4.671797e-004 2.267682e-002
180 4.084451e-004 1.132141e-002
181 2.862616e-003 5.594944e-002
182 1.321264e-003 4.034948e-002
183 1.278768e-004 9.615529e-003
184 2.903633e-003 4.135245e-002
185 3.431374e-003 6.493531e-002
186 9.962515e-004 2.936795e-002
187 1.319083e-004 1.114498e-002
188 4.232214e-004 2.309515e-002
189 1.758717e-004 1.362825e-002
190 4.351684e-004 2.891891e-002
191 5.672575e-004 4.428112e-002
192 2.755980e-005 1.358473e-002
193 4.148771e-004 3.725303e-002
194 2.276114e-005 8.618275e-003
195 1.577255e-004 1.287478e-002
196 1.792417e-004 1.507649e-002
197 1.558205e-004 8.793229e-003
198 1.595324e-004 1.000253e-002
199 6.551895e-005 1.501965e-002
200 1.583062e-004 1.805739e-002
201 7.736892e-006 5.133358e-003
202 6.551895e-005 1.501965e-002
203 2.414268e-005 1.313094e-002
204 1.838848e-005 7.027676e-003
205 7.736892e-006 5.133358e-003
206 2.347299e-005 1.250665e-002
207 7.571137e-006 8.178708e-003
208 1.520327e-006 7.165026e-003
209 2.395860e-005 7.396320e-003
210 7.736892e-006 5.133358e-003
211 2.446465e-005 1.286105e-002
212 1.093993e-003 2.668192e-002
213 1.831967e-004 2.680492e-002
214 1.853348e-004 5.726056e-003
215 1.725868e-004 2.010801e-002
216 2.503086e-005 2.314844e-002
217 5.933043e-005 1.445765e-002
218 8.875064e-004 2.611684e-002
219 3.185044e-004 2.072530e-002
220 7.923170e-006 8.592970e-003
221 1.837268e-004 3.244294e-002
222 3.791102e-004 6.385731e-002
223 1.562702e-004 2.289898e-002
224 3.515355e-005 8.249702e-003
225 4.370494e-006 5.982367e-003
226 1.109249e-005 5.539546e-003
227 7.290064e-005 6.227682e-003
228 9.231255e-005 2.299575e-002
229 7.915133e-005 1.712772e-002
230 5.786130e-004 2.953206e-002
231 1.673559e-003 1.255014e-001
232 4.264876e-003 1.469388e-001
233 2.246727e-004 1.454267e-002
234 7.585987e-005 6.999043e-003
235 6.159752e-004 3.514804e-002
236 2.105609e-004 1.094661e-002
237 6.159752e-004 3.514804e-002
238 7.585987e-005 6.999043e-003
239 3.187492e-005 6.274950e-003
240 3.187492e-005 6.274950e-003
241 2.079817e-004 1.446602e-002
242 6.925822e-005 7.177294e-003
243 2.451907e-004 1.018105e-002
244 1.186946e-005 4.874247e-003
245 2.338831e-004 3.223655e-002
246 6.159752e-004 3.514804e-002
247 6.159752e-004 3.514804e-002
248 6.140856e-004 1.865034e-002
249 2.105609e-004 1.094661e-002
250 7.585987e-005 6.999043e-003
251 7.585987e-005 6.999043e-003
252 2.666773e-004 1.785922e-002
253 9.984007e-005 8.554682e-003
254 8.411417e-005 7.203791e-003
255 1.999678e-004 9.461662e-003
256 2.868672e-005 6.132043e-003
257 6.159752e-004 3.514804e-002
258 7.890373e-003 1.275526e-001
259 4.423505e-004 9.412393e-002
260 1.268268e-006 1.212890e-002
261 1.430010e-004 2.841484e-002
262 8.770077e-006 1.421908e-002
263 2.237904e-004 8.095757e-002
264 8.833557e-005 5.400188e-002
265 1.810154e-004 5.053720e-002
266 7.467952e-005 3.389361e-002
267 9.064851e-004 3.407735e-002
268 1.653337e-005 6.198563e-003
269 2.959636e-004 2.161044e-002
270 4.246305e-006 2.397950e-002
271 5.172846e-006 1.096578e-002
272 1.489508e-005 1.206866e-002
273 1.009233e-005 2.045173e-002
274 2.812703e-005 2.230060e-002
275 9.646322e-006 2.417749e-002
276 6.384324e-006 1.118621e-002
277 1.146718e-004 2.057715e-002
278 9.271934e-006 2.682203e-002
279 3.869496e-004 2.792525e-002
280 1.009233e-005 2.045173e-002
281 5.156496e-005 1.610271e-002
282 4.340998e-005 7.510946e-003
283 2.996929e-006 1.222345e-002
284 2.949754e-006 1.435608e-002
285 8.114961e-003 1.774183e-001
286 7.806065e-005 3.554054e-002
287 2.093093e-004 1.239637e-001
288 1.496678e-004 2.521630e-002
289 7.878788e-005 4.955332e-002
290 8.663762e-005 5.433110e-002
291 2.175576e-004 3.378331e-002
292 5.302887e-004 4.721790e-002
293 6.422006e-004 8.376784e-002
294 1.689285e-004 2.373572e-002
295 5.728221e-003 1.931907e-001
296 6.699128e-003 2.648754e-001
297 1.562353e-002 2.788575e-001
298 1.157608e-003 1.651566e-001
299 1.845685e-004 9.802838e-002
300 9.438610e-004 3.288068e-002
301 8.388037e-003 2.711250e-001
302 2.425947e-003 7.996514e-002
303 1.113679e-004 8.111178e-003
304 1.258748e-004 8.755916e-003
305 1.113679e-004 8.111178e-003
306 1.195088e-004 1.573671e-002
307 1.256995e-004 1.670637e-002
308 1.256995e-004 1.670637e-002
309 1.168385e-004 8.954452e-003
310 1.840627e-005 1.040260e-002
311 1.256995e-004 1.670637e-002
312 4.228590e-005 7.688987e-003
313 4.383876e-005 6.234429e-003
314 1.168385e-004 8.954452e-003
315 4.742429e-005 1.955837e-002
316 2.101820e-003 4.005969e-002
317 6.763747e-007 3.216029e-003
318 1.876243e-006 3.166721e-003
319 1.248311e-004 1.835766e-002
320 3.404523e-004 2.732599e-002
321 2.082238e-005 1.478085e-002
322 2.966516e-004 1.392022e-002
323 2.631251e-003 1.307167e-001
324 7.966588e-004 1.596981e-002
325 5.043109e-005 1.044923e-002
326 2.764479e-004 2.879961e-002
327 1.748444e-003 6.381629e-002
328 7.794775e-004 1.070333e-001
329 8.112449e-004 7.740317e-002
330 3.819736e-003 1.904033e-001
331 9.938065e-003 2.254701e-001
332 4.249793e-003 7.479725e-002
333 6.524999e-004 3.302118e-002
334 1.570966e-003 3.973207e-002
335 2.247011e-004 3.021572e-002
336 1.406232e-003 3.616594e-002
337 4.985452e-003 2.298882e-001
338 4.342479e-003 1.578187e-001
339 9.059010e-004 9.588821e-003
340 1.418305e-006 4.466482e-003
341 2.695992e-006 3.740790e-003
342 1.506027e-004 8.955086e-003
343 4.100584e-004 9.008494e-003
344 1.786628e-003 5.742918e-002
345 1.235751e-006 3.195362e-003
346 2.240096e-004 2.690548e-002
347 1.009923e-004 4.469979e-002
348 9.847680e-005 1.338637e-002
349 5.613747e-004 3.750327e-002
350 9.340420e-005 2.887506e-002
351 3.153757e-005 1.531413e-002
352 9.419502e-006 6.252159e-003
353 7.520745e-005 1.138988e-002
354 7.909603e-006 6.309993e-003
355 2.012573e-005 5.059747e-003
356 1.112314e-006 3.191077e-003
357 4.293387e-004 1.530417e-002
358 3.346576e-004 1.443344e-002
359 2.039993e-004 9.930312e-003
360 2.849049e-005 9.442501e-003
361 1.562742e-004 1.163195e-002
362 3.693029e-005 1.968954e-002
363 3.153757e-005 1.531413e-002
364 9.419502e-006 6.252159e-003
365 1.001551e-003 2.314060e-002
366 2.408222e-003 3.075350e-002
367 1.617053e-004 2.347224e-002
368 5.613747e-004 3.750327e-002
369 4.870187e-004 2.160700e-002
370 1.625294e-004 4.159826e-002
371 6.115402e-005 1.933637e-002
372 1.070083e-003 1.887237e-001
373 4.729158e-003 8.056884e-002
374 1.514755e-002 3.544051e-001
375 3.274202e-004 3.134681e-002
376 1.038477e-003 3.816156e-002
377 5.140597e-004 2.430977e-002
378 5.718608e-004 2.954936e-002
379 2.439740e-005 2.091454e-002
380 2.169745e-005 6.445641e-003
381 9.190164e-005 9.702231e-003
382 5.328560e-003 4.762224e-002
383 6.854957e-006 8.341817e-003
384 1.415875e-004 1.209007e-002
385 4.228356e-004 1.190088e-001
386 6.374715e-004 1.784941e-001
387 1.464256e-003 7.510100e-002
388 5.512184e-003 9.916707e-002
389 6.836713e-003 2.727694e-001
390 4.975536e-003 1.630220e-001
391 1.880923e-004 8.844962e-002
392 8.354915e-003 2.123693e-001
393 1.555363e-003 7.738874e-002
394 5.354829e-004 1.075993e-001
395 2.891364e-004 1.193248e-001
396 2.459188e-005 9.979413e-003
397 4.695644e-005 5.435567e-003
398 5.301394e-004 2.632447e-002
399 7.516897e-005 1.099853e-002
400 7.516897e-005 1.099853e-002
401 7.177980e-005 9.702879e-003
402 2.689848e-005 9.130675e-003
403 7.516897e-005 1.099853e-002
404 2.026438e-004 1.392850e-002
405 1.511526e-004 1.104230e-002
406 1.736264e-004 1.662787e-002
407 3.015774e-005 9.638691e-003
408 1.652482e-004 1.266795e-002
409 1.363399e-003 3.290555e-001
410 6.477660e-005 7.555337e-003
411 3.015774e-005 9.638691e-003
412 5.389707e-004 1.508466e-002
413 5.589541e-005 7.525455e-003
414 7.251409e-005 1.017914e-002
415 1.956393e-004 9.835543e-003
416 2.341680e-005 6.774355e-003
417 2.341680e-005 6.774355e-003
418 1.262769e-003 1.520145e-001
419 3.130876e-004 8.720197e-002
420 4.078091e-005 3.622174e-002
421 1.437392e-004 1.666250e-002
422 1.772184e-004 2.430909e-002
423 7.796975e-006 6.318329e-003
424 4.293920e-004 3.569738e-002
425 1.580367e-004 9.149929e-003
426 1.199955e-003 8.197523e-002
427 1.021931e-003 3.751450e-002
428 2.414466e-005 8.766972e-003
429 1.004148e-005 8.306925e-003
430 1.004148e-005 8.306925e-003
431 1.180368e-005 8.643105e-003
432 7.796975e-006 6.318329e-003
433 4.893874e-004 1.753550e-002
434 2.390017e-005 8.340987e-003
435 6.747331e-005 1.140578e-002
436 4.893874e-004 1.753550e-002
437 4.893874e-004 1.753550e-002
438 2.414466e-005 8.766972e-003
439 1.130394e-003 3.172707e-002
440 1.715147e-005 2.834449e-002
441 3.242669e-006 6.169767e-003
442 9.851238e-003 4.099596e-001
443 2.099895e-003 1.012032e-001
444 1.237267e-002 4.040242e-001
445 9.271659e-004 7.301370e-002
446 1.670415e-005 4.291186e-003
447 1.466322e-004 8.182369e-003
448 2.565348e-006 3.805251e-003
449 1.597409e-005 3.191446e-003
450 5.816929e-006 5.236255e-003
451 3.614114e-004 1.960459e-002
452 5.369601e-005 1.363820e-002
453 8.186705e-004 1.560521e-002
454 5.171315e-005 7.033677e-003
455 5.496635e-005 8.687101e-003
456 2.474744e-006 3.620696e-003
457 2.387431e-006 3.535979e-003
458 8.250838e-006 4.702347e-003
459 4.751672e-004 7.126472e-002
460 1.690453e-004 4.015475e-002
461 5.881429e-005 1.358089e-002
462 6.592430e-005 3.527248e-002
463 1.729565e-004 1.021713e-002
464 1.983909e-005 4.765063e-003
465 2.224297e-005 4.897444e-003
466 8.250838e-006 4.702347e-003
467 6.199051e-005 6.247097e-003
468 5.797920e-005 7.378747e-003
469 8.250838e-006 4.702347e-003
470 7.354646e-006 4.714993e-003
471 5.567560e-005 7.778256e-003
472 5.348308e-005 5.066515e-003
473 7.532814e-006 4.710387e-003
474 2.262096e-005 7.183945e-003
475 1.324860e-004 1.507119e-002
476 6.636275e-004 1.408931e-002
477 1.372543e-004 1.732200e-002
478 3.777087e-003 2.506155e-002
479 6.907801e-004 1.511014e-002
480 2.509492e-003 4.413049e-002
481 2.704119e-003 7.386995e-002
482 3.707209e-005 6.058927e-003
483 3.707209e-005 6.058927e-003
484 1.494432e-005 5.614483e-003
485 1.004138e-004 7.422196e-003
486 6.649144e-006 5.144762e-003
487 2.190747e-003 5.792062e-002
488 4.215308e-004 4.657809e-002
489 5.285635e-003 2.370110e-001
490 3.792512e-005 8.174057e-003
491 8.891319e-004 1.505799e-002
492 1.389860e-005 6.691068e-003
493 2.652808e-004 1.200937e-002
494 1.456726e-003 2.960091e-002
495 2.118526e-004 1.102731e-002
496 2.532916e-006 5.231907e-003
497 9.825224e-005 1.025717e-002
498 4.516392e-005 1.455617e-002
499 5.044519e-004 4.465746e-002
500 6.187267e-006 7.062508e-003
