1 1.114213e-003 4.393111e-002
2 3.873619e-005 9.749975e-002
3 8.573114e-004 2.715704e-002
4 1.010102e-004 1.400999e-002
5 1.472066e-005 4.065084e-003
6 8.251876e-003 2.160208e-001
7 5.853376e-003 3.043855e-001
8 4.647074e-004 6.263451e-002
9 1.755098e-006 3.194849e-003
10 2.541199e-003 1.811903e-001
11 1.582081e-005 9.210631e-003
12 5.259534e-004 2.798394e-002
13 5.015220e-003 1.598105e-001
14 2.181474e-006 5.677502e-003
15 3.713517e-004 6.737164e-002
16 2.111733e-003 1.850715e-001
17 2.229516e-006 7.210468e-003
18 1.513904e-004 1.808214e-002
19 6.088761e-004 6.243294e-002
20 8.438462e-007 5.071486e-003
21 3.327776e-002 4.124031e-001
22 2.934474e-003 6.202024e-002
23 1.517375e-005 5.843141e-003
24 9.939940e-004 3.923146e-002
25 4.967370e-004 3.790216e-002
26 6.440709e-003 6.439977e-002
27 8.915560e-005 2.263908e-002
28 2.226804e-006 4.199537e-003
29 4.107538e-003 1.791352e-001
30 4.861728e-003 5.559451e-001
31 5.475714e-005 3.346936e-002
32 1.364638e-004 2.276687e-002
33 5.381209e-006 3.163605e-003
34 8.259200e-008 2.779791e-003
35 7.753340e-004 1.801579e-002
36 9.014988e-003 2.340298e-001
37 3.664339e-005 6.687114e-002
38 2.542433e-005 2.208581e-002
39 1.092106e-006 2.829604e-003
40 2.138962e-004 1.067628e-002
41 2.028068e-003 8.168097e-002
42 3.557218e-005 2.005878e-002
43 4.011097e-003 4.899971e-002
44 3.618814e-004 4.797345e-002
45 2.694967e-003 2.005990e-002
46 3.791172e-005 9.533426e-003
47 8.357799e-003 9.678909e-002
48 4.434017e-006 3.240154e-003
49 2.207591e-003 1.705990e-002
50 3.193878e-003 1.442184e-001
51 9.178658e-004 6.103524e-002
52 5.852938e-005 8.919980e-003
53 2.159437e-004 4.420033e-003
54 1.218483e-004 1.792445e-002
55 7.602600e-007 3.703887e-003
56 1.103773e-002 2.542012e-001
57 4.425776e-004 2.468706e-002
58 5.118476e-005 2.038627e-002
59 7.734229e-004 3.250448e-002
60 3.029266e-004 1.324677e-002
61 1.258330e-002 3.013355e-001
62 2.181495e-004 2.638300e-002
63 5.355656e-006 3.939101e-003
64 2.818205e-005 3.161164e-003
65 1.720732e-003 1.177723e-001
66 5.452565e-007 2.855632e-003
67 8.621291e-005 8.367931e-003
68 1.451545e-006 4.144771e-003
69 3.381632e-005 6.495826e-003
70 2.859237e-006 1.077113e-002
71 6.300333e-004 2.715077e-002
72 7.260577e-005 4.919742e-003
73 2.352667e-006 3.092193e-003
74 1.173180e-003 5.780096e-002
75 5.152418e-006 3.976157e-003
76 1.852921e-005 3.006229e-003
77 1.505002e-005 4.356793e-003
78 7.114431e-003 6.680481e-002
79 3.393157e-003 2.123840e-001
80 7.846801e-006 9.079268e-003
81 5.646394e-007 2.807885e-003
82 1.120011e-004 8.664317e-003
83 4.439051e-005 4.476471e-003
84 1.431132e-004 2.265299e-002
85 5.615206e-003 2.938216e-001
86 1.033841e-003 3.505526e-002
87 4.703115e-006 4.083973e-003
88 2.077357e-005 1.050403e-002
89 8.381190e-004 1.846146e-001
90 5.813010e-005 1.747497e-002
91 1.053914e-003 1.745211e-002
92 1.441645e-002 4.466308e-001
93 4.629932e-003 7.071540e-002
94 1.555789e-005 4.448440e-003
95 2.617565e-003 3.821119e-002
96 1.628013e-005 3.972484e-003
97 7.079777e-005 7.127099e-003
98 3.124279e-005 6.323704e-003
99 1.999866e-003 2.386240e-002
100 1.424182e-002 3.013530e-001
101 8.327504e-005 5.445976e-003
102 1.521262e-005 5.501762e-003
103 1.273899e-003 8.923549e-002
104 6.003441e-005 1.152475e-002
105 1.513584e-003 3.657785e-002
106 3.132117e-005 6.308663e-003
107 5.205846e-006 4.301447e-003
108 4.446296e-006 4.325442e-003
109 1.268855e-005 3.356773e-003
110 6.363682e-005 1.197975e-002
111 1.541940e-004 2.403550e-002
112 3.431463e-004 1.618231e-002
113 4.630988e-003 8.975998e-002
114 4.296833e-003 2.466243e-001
115 3.402871e-003 1.725227e-001
116 4.087439e-003 1.295735e-001
117 6.091547e-004 6.408697e-002
118 1.390616e-002 4.344329e-001
119 3.434426e-005 7.341031e-003
120 1.977975e-004 1.170080e-002
121 4.244454e-004 3.125440e-002
122 6.405452e-004 2.583380e-002
123 1.103831e-005 4.675870e-003
124 2.209529e-004 2.077797e-002
125 2.984959e-005 5.495806e-003
126 1.370668e-005 1.068521e-002
127 4.166110e-005 1.342823e-002
128 2.209529e-004 2.077797e-002
129 3.312009e-005 6.122994e-003
130 7.421016e-005 6.000391e-003
131 9.018920e-005 9.609727e-003
132 1.243523e-003 6.712473e-002
133 3.106893e-004 2.017178e-002
134 4.932255e-004 6.792766e-002
135 1.449829e-005 7.624274e-003
136 3.673209e-005 9.491348e-003
137 1.340940e-003 8.202915e-002
138 8.100092e-005 1.077243e-002
139 8.100092e-005 1.077243e-002
140 2.954453e-005 6.315205e-003
141 2.954453e-005 6.315205e-003
142 2.954453e-005 6.315205e-003
143 1.133128e-005 5.011029e-003
144 8.100092e-005 1.077243e-002
145 3.590451e-005 8.267148e-003
146 1.357314e-006 2.899587e-003
147 3.848408e-005 9.006959e-003
148 1.242757e-005 5.976132e-003
149 1.159575e-005 4.582404e-003
150 1.127672e-005 6.360985e-003
151 4.536823e-006 3.666735e-003
152 5.018267e-006 5.659815e-003
153 9.096577e-005 1.112010e-002
154 1.017651e-005 4.618008e-003
155 1.242757e-005 5.976132e-003
156 9.096577e-005 1.112010e-002
157 1.243841e-005 5.176232e-003
158 7.800584e-004 2.260602e-002
159 2.834365e-004 9.834475e-003
160 5.022023e-005 8.595956e-003
161 1.079263e-004 8.983365e-003
162 1.749319e-005 5.833318e-003
163 6.277880e-006 5.805623e-003
164 6.277880e-006 5.805623e-003
165 6.277880e-006 5.805623e-003
166 6.277880e-006 5.805623e-003
167 4.040604e-005 6.312451e-003
168 4.040604e-005 6.312451e-003
169 3.182816e-004 1.589397e-002
170 1.866997e-005 8.152981e-003
171 3.360009e-005 6.011114e-003
172 4.070521e-005 4.727382e-003
173 3.327600e-004 9.827385e-003
174 1.219984e-003 2.346016e-002
175 6.447582e-005 1.285836e-002
176 5.466248e-005 8.824522e-003
177 5.466248e-005 8.824522e-003
178 1.744448e-005 4.588022e-003
179 1.767705e-004 2.002776e-002
180 1.545466e-004 9.005401e-003
181 1.083151e-003 3.971749e-002
182 4.999371e-004 3.285750e-002
183 4.838575e-005 8.890427e-003
184 1.098671e-003 2.488792e-002
185 1.298356e-003 4.547832e-002
186 9.927941e-004 2.172122e-002
187 4.991118e-005 1.039702e-002
188 1.601376e-004 2.069535e-002
189 6.654596e-005 1.263100e-002
190 1.646581e-004 2.645137e-002
191 4.558355e-004 4.003175e-002
192 5.832683e-005 1.326091e-002
193 3.333861e-004 3.414515e-002
194 4.817107e-005 8.350841e-003
195 1.267448e-004 1.169324e-002
196 1.440347e-004 1.373377e-002
197 1.252139e-004 7.625965e-003
198 1.281967e-004 8.807464e-003
199 1.386626e-004 1.424983e-002
200 1.407625e-004 1.713435e-002
201 1.637416e-005 5.042453e-003
202 1.386626e-004 1.424983e-002
203 5.109493e-005 1.284727e-002
204 9.357540e-005 6.774304e-003
205 1.637416e-005 5.042453e-003
206 2.087168e-005 1.236978e-002
207 1.602335e-005 8.089750e-003
208 3.250495e-006 7.154865e-003
209 5.070536e-005 7.114817e-003
210 1.637416e-005 5.042453e-003
211 2.175344e-005 1.271840e-002
212 8.791083e-004 1.848673e-002
213 1.472128e-004 2.543257e-002
214 2.946316e-005 5.118792e-003
215 1.386870e-004 1.881515e-002
216 5.297464e-005 2.285434e-002
217 4.767662e-005 1.401320e-002
218 7.131805e-004 1.946845e-002
219 2.559431e-004 1.833936e-002
220 7.045112e-006 8.546772e-003
221 1.476388e-004 3.106663e-002
222 3.370966e-004 6.164682e-002
223 1.255753e-004 2.172835e-002
224 3.886491e-005 7.710707e-003
225 1.320681e-005 5.915356e-003
226 1.315319e-005 5.409862e-003
227 1.315319e-005 5.409862e-003
228 1.160124e-004 2.169160e-002
229 9.947224e-005 1.600950e-002
230 2.761007e-004 2.369339e-002
231 1.920189e-003 1.078481e-001
232 1.920189e-003 1.078481e-001
233 2.577823e-004 1.217274e-002
234 8.703921e-005 6.198846e-003
235 7.067504e-004 2.865052e-002
236 2.415909e-004 8.725536e-003
237 7.067504e-004 2.865052e-002
238 8.703921e-005 6.198846e-003
239 3.657227e-005 5.938722e-003
240 3.657227e-005 5.938722e-003
241 2.386316e-004 1.227215e-002
242 8.703921e-005 6.198846e-003
243 1.057730e-004 8.504935e-003
244 1.312259e-005 4.692257e-003
245 7.067504e-004 2.865052e-002
246 7.067504e-004 2.865052e-002
247 7.067504e-004 2.865052e-002
248 2.577823e-004 1.217274e-002
249 2.415909e-004 8.725536e-003
250 8.703921e-005 6.198846e-003
251 8.703921e-005 6.198846e-003
252 3.059770e-004 1.504622e-002
253 1.145533e-004 7.501534e-003
254 9.650993e-005 6.316525e-003
255 2.294367e-004 7.352330e-003
256 8.668584e-005 5.692201e-003
257 7.067504e-004 2.865052e-002
258 2.985543e-003 8.281172e-002
259 9.454234e-004 8.783432e-002
260 7.138963e-006 1.209650e-002
261 1.149124e-004 2.734361e-002
262 1.874404e-005 1.409438e-002
263 4.783010e-004 7.777559e-002
264 4.972328e-004 5.174536e-002
265 1.821685e-004 4.884001e-002
266 4.203642e-004 3.198593e-002
267 9.122594e-004 2.557820e-002
268 4.000762e-005 6.027593e-003
269 2.978488e-004 1.883551e-002
270 2.390207e-005 2.387103e-002
271 5.205797e-006 1.091728e-002
272 1.498997e-005 1.192901e-002
273 2.157006e-005 2.030823e-002
274 6.011512e-005 2.190067e-002
275 2.061681e-005 2.404033e-002
276 6.424992e-006 1.112635e-002
277 2.774840e-004 1.939133e-002
278 5.219087e-005 2.658518e-002
279 8.270167e-004 2.242336e-002
280 2.157006e-005 2.030823e-002
281 1.247774e-004 1.556949e-002
282 1.050439e-004 7.062047e-003
283 1.686944e-005 1.214690e-002
284 6.304427e-006 1.431414e-002
285 3.070522e-003 1.314039e-001
286 6.272781e-005 3.495578e-002
287 4.473509e-004 1.209876e-001
288 3.198808e-004 2.308823e-002
289 4.434898e-004 4.754069e-002
290 4.876752e-004 5.211796e-002
291 4.203642e-004 3.198593e-002
292 1.122289e-003 4.098724e-002
293 1.359136e-003 7.622227e-002
294 1.357472e-004 2.247026e-002
295 5.240892e-003 1.507394e-001
296 2.024350e-002 1.621604e-001
297 6.739850e-003 1.720557e-001
298 2.831960e-003 1.483323e-001
299 1.241121e-003 9.267880e-002
300 8.356234e-004 2.312029e-002
301 2.994638e-003 2.275159e-001
302 2.207144e-003 6.532907e-002
303 1.057489e-004 7.206620e-003
304 1.183551e-004 7.946028e-003
305 1.057489e-004 7.206620e-003
306 2.891887e-004 1.450088e-002
307 3.041689e-004 1.540653e-002
308 3.041689e-004 1.540653e-002
309 1.109435e-004 8.005460e-003
310 1.197632e-004 9.921887e-003
311 3.041689e-004 1.540653e-002
312 1.057489e-004 7.206620e-003
313 3.881153e-005 5.781096e-003
314 1.109435e-004 8.005460e-003
315 3.085734e-004 1.831979e-002
316 7.503772e-004 2.913242e-002
317 4.400935e-006 3.198364e-003
318 4.692122e-006 3.145318e-003
319 3.121784e-004 1.693368e-002
320 8.238297e-004 2.380540e-002
321 1.354840e-004 1.423703e-002
322 2.452851e-004 1.099373e-002
323 5.729953e-003 9.322967e-002
324 2.449742e-004 1.254664e-002
325 1.067310e-004 9.856691e-003
326 2.221474e-004 2.672871e-002
327 1.554679e-003 5.362159e-002
328 1.649666e-003 9.787479e-002
329 1.716897e-003 6.787140e-002
330 9.033460e-003 1.459923e-001
331 8.836713e-003 1.675240e-001
332 1.586008e-003 5.406300e-002
333 5.801889e-004 2.921663e-002
334 1.396869e-003 3.057220e-002
335 1.997994e-004 2.890555e-002
336 1.250391e-003 2.796659e-002
337 1.055108e-002 1.713114e-001
338 9.190308e-003 1.067965e-001
339 3.058478e-004 5.927570e-003
340 7.288750e-006 4.443409e-003
341 5.762069e-006 3.702456e-003
342 1.222590e-004 8.297662e-003
343 1.384428e-004 7.351219e-003
344 6.031965e-004 5.020842e-002
345 2.641137e-006 3.177792e-003
346 2.011514e-004 2.536696e-002
347 2.158479e-004 4.326382e-002
348 7.913378e-005 1.264867e-002
349 1.199811e-003 2.952130e-002
350 1.996302e-004 2.754698e-002
351 6.740437e-005 1.486571e-002
352 2.013204e-005 6.118227e-003
353 1.607388e-004 1.032053e-002
354 1.690497e-005 6.197529e-003
355 4.301416e-005 4.773587e-003
356 2.377319e-006 3.175262e-003
357 3.450071e-004 1.208796e-002
358 2.689234e-004 1.192650e-002
359 1.639293e-004 8.402137e-003
360 6.089193e-005 9.037406e-003
361 1.421794e-004 1.068913e-002
362 7.893007e-005 1.916444e-002
363 6.740437e-005 1.486571e-002
364 2.013204e-005 6.118227e-003
365 9.112183e-004 1.709811e-002
366 9.112183e-004 1.709811e-002
367 3.912961e-004 2.180006e-002
368 1.199811e-003 2.952130e-002
369 4.430932e-004 1.866875e-002
370 3.439730e-004 3.968861e-002
371 2.064665e-005 1.908922e-002
372 6.089563e-003 1.567233e-001
373 3.800247e-003 4.514234e-002
374 1.360188e-002 2.503705e-001
375 2.631076e-004 2.889408e-002
376 2.219507e-003 2.339587e-002
377 4.130870e-004 2.045891e-002
378 4.595347e-004 2.526551e-002
379 1.241537e-004 2.057837e-002
380 4.591991e-005 6.190705e-003
381 3.847779e-005 9.323684e-003
382 2.230985e-003 2.567370e-002
383 1.621159e-005 8.262117e-003
384 1.258966e-004 1.126451e-002
385 4.851482e-004 1.145486e-001
386 2.749994e-004 1.741363e-001
387 6.248036e-004 6.843715e-002
388 5.604045e-003 7.028932e-002
389 1.654355e-002 2.020715e-001
390 4.877842e-003 6.873653e-002
391 1.211884e-003 8.440203e-002
392 3.183403e-003 1.438032e-001
393 6.648605e-004 6.631220e-002
394 1.434869e-003 9.745199e-002
395 7.747637e-004 1.138458e-001
396 1.263791e-004 9.579353e-003
397 4.216495e-005 5.113066e-003
398 1.133052e-003 1.878663e-002
399 1.606565e-004 9.929732e-003
400 1.606565e-004 9.929732e-003
401 1.549824e-004 9.148086e-003
402 5.748936e-005 8.748216e-003
403 1.606565e-004 9.929732e-003
404 4.331049e-004 1.104718e-002
405 3.230542e-004 8.893120e-003
406 3.710869e-004 1.415915e-002
407 1.549824e-004 9.148086e-003
408 1.327898e-004 1.143006e-002
409 7.083549e-003 3.010706e-001
410 1.398615e-004 7.054672e-003
411 1.549824e-004 9.148086e-003
412 4.331049e-004 1.104718e-002
413 1.194637e-004 6.730700e-003
414 1.549824e-004 9.148086e-003
415 1.572114e-004 8.369994e-003
416 5.004806e-005 6.441400e-003
417 5.004806e-005 6.441400e-003
418 8.216399e-003 1.190349e-001
419 2.037152e-003 7.902510e-002
420 1.114836e-004 3.571614e-002
421 8.260595e-004 1.140975e-002
422 1.018462e-003 1.783288e-002
423 4.480870e-005 6.033399e-003
424 2.467687e-003 2.000583e-002
425 3.449708e-004 7.561824e-003
426 6.896060e-003 3.812449e-002
427 2.467485e-003 2.036778e-002
428 1.387578e-004 7.884638e-003
429 1.387578e-004 7.884638e-003
430 1.387578e-004 7.884638e-003
431 1.631088e-004 8.146710e-003
432 4.480870e-005 6.033399e-003
433 1.068261e-003 1.261767e-002
434 1.387578e-004 7.884638e-003
435 3.877647e-004 8.940059e-003
436 1.068261e-003 1.261767e-002
437 1.068261e-003 1.261767e-002
438 1.387578e-004 7.884638e-003
439 2.467485e-003 2.036778e-002
440 2.370070e-004 2.762320e-002
441 4.480870e-005 6.033399e-003
442 4.604241e-003 3.520137e-001
443 4.966133e-003 7.678831e-002
444 4.681546e-003 3.338672e-001
445 9.239482e-004 6.589725e-002
446 1.664618e-005 4.162973e-003
447 5.548239e-005 7.350918e-003
448 6.146956e-006 3.783109e-003
449 6.044243e-006 3.100868e-003
450 1.541757e-005 5.150693e-003
451 3.288147e-004 1.742415e-002
452 5.350966e-005 1.322605e-002
453 3.097668e-004 1.096309e-002
454 1.956712e-005 6.740447e-003
455 1.317075e-004 8.212684e-003
456 5.929853e-006 3.599336e-003
457 5.777130e-006 3.511291e-003
458 7.506672e-006 4.652569e-003
459 1.138571e-003 6.716353e-002
460 1.684586e-004 3.885725e-002
461 5.350966e-005 1.322605e-002
462 1.579644e-004 3.470349e-002
463 6.544291e-005 9.236414e-003
464 7.506672e-006 4.652569e-003
465 2.023682e-005 4.763249e-003
466 7.506672e-006 4.652569e-003
467 5.639941e-005 5.873099e-003
468 5.274989e-005 7.028951e-003
469 7.506672e-006 4.652569e-003
470 1.949323e-005 4.606813e-003
471 5.548239e-005 7.350918e-003
472 2.023682e-005 4.763249e-003
473 7.506672e-006 4.652569e-003
474 2.058071e-005 7.047470e-003
475 5.012978e-005 1.431995e-002
476 6.746868e-004 1.061264e-002
477 1.410745e-004 1.628828e-002
478 1.443786e-003 1.210987e-002
479 7.022919e-004 1.149121e-002
480 2.551313e-003 3.098353e-002
481 1.033646e-003 6.459750e-002
482 3.768989e-005 5.864711e-003
483 3.768989e-005 5.864711e-003
484 4.001458e-005 5.492808e-003
485 1.020872e-004 6.896139e-003
486 1.780361e-005 5.090626e-003
487 2.227255e-003 4.644353e-002
488 1.262189e-003 3.927176e-002
489 9.482975e-004 2.017879e-001
490 1.036767e-004 7.703861e-003
491 9.039493e-004 1.039993e-002
492 3.799491e-005 6.518753e-003
493 7.252037e-004 8.720420e-003
494 1.671401e-003 1.423485e-002
495 2.430730e-004 8.792613e-003
496 6.782081e-006 5.211284e-003
497 2.685942e-004 9.039042e-003
498 3.251698e-004 1.364368e-002
499 5.787921e-004 3.933632e-002
500 1.691426e-005 6.985798e-003
